# Time-averaged data for fix boxsizepressurestretch
# TimeStep v_lx v_ly v_lz v_px v_py v_pz
0 33.899 292.722 1656.7 66.9934 -23.6696 -17.9617
1000 33.8975 292.532 1658.7 54.2656 -6.59143 -1039.99
2000 33.8994 292.404 1660.7 39.4963 12.4006 -1757.67
3000 33.9007 292.333 1662.7 -12.5346 -21.1329 -2504.96
4000 33.901 292.159 1664.7 -112.055 0.987671 -3174.08
5000 33.8996 291.975 1666.7 -84.9959 -0.591979 -3817.8
6000 33.8963 291.902 1668.7 3.9379 -22.0042 -4571.92
7000 33.8983 291.717 1670.7 73.145 27.4117 -5443.23
8000 33.897 291.624 1672.7 -43.6991 -9.28918 -6279.19
9000 33.8925 291.528 1674.7 -32.7369 -11.7476 -7072.31
10000 33.8974 291.229 1676.7 -125.735 30.8952 -7820.54
11000 33.8912 291.147 1678.7 -42.3275 -10.97 -8304.1
12000 33.8782 290.923 1680.7 83.6891 -25.4732 -8725.62
13000 33.8733 290.68 1682.7 1.61953 -7.38095 -9059.05
14000 33.8707 290.323 1684.7 77.2852 10.1962 -9730.68
15000 33.8664 290.187 1686.7 50.6908 46.1407 -10212.4
16000 33.868 290.188 1688.7 30.8569 3.07624 -10379.9
17000 33.8628 290.133 1690.7 74.188 6.88923 -10168
18000 33.8605 290.135 1692.7 90.9846 4.38982 -10373.6
19000 33.8657 290.1 1694.7 -106.993 2.00097 -10647.5
20000 33.86 290.252 1696.7 42.2021 0.379646 -10843.9
21000 33.8607 290.401 1698.7 36.8235 -40.4377 -10509.9
22000 33.8608 290.379 1700.7 -0.376844 -25.4622 -10160.7
23000 33.8593 290.378 1702.7 -17.0155 1.42427 -10111.9
24000 33.8559 290.22 1704.7 34.7947 15.5284 -10226.9
25000 33.8565 290.326 1706.7 -12.4369 -0.903925 -10211.7
26000 33.8535 290.258 1708.7 64.4948 1.85944 -10537.3
27000 33.8533 290.178 1710.7 -6.1073 21.9347 -10963.6
28000 33.8489 290.252 1712.7 70.9711 11.6571 -10940.5
29000 33.854 290.304 1714.7 87.3238 19.2477 -10627.9
30000 33.8539 290.265 1716.7 -57.5759 -0.0555715 -11162.7
31000 33.8516 290.388 1718.7 10.4871 8.6839 -11393
32000 33.8563 290.331 1720.7 -69.1718 -22.9676 -11732.8
33000 33.8566 290.363 1722.7 -47.0178 22.629 -11818.3
34000 33.8571 290.435 1724.7 -85.365 -15.6462 -11670.4
35000 33.8554 290.429 1726.7 -77.489 -2.98457 -11334.5
36000 33.8541 290.411 1728.7 -45.7086 -9.52414 -11489
37000 33.8572 290.395 1730.7 -101.732 -24.3252 -11389.8
38000 33.854 290.399 1732.7 -12.5479 -23.6023 -11949.9
39000 33.8524 290.359 1734.7 54.0666 13.8821 -12247.5
40000 33.8523 290.531 1736.7 8.60115 4.79206 -11249.3
41000 33.8507 290.436 1738.7 44.3362 2.03075 -10042
42000 33.8582 290.407 1740.7 12.4488 -0.60937 -9970.36
43000 33.8557 290.38 1742.7 -11.3302 3.7694 -9713.55
44000 33.8542 290.418 1744.7 38.5675 -9.02388 -9672.22
45000 33.8545 290.314 1746.7 60.0389 25.532 -10003.9
46000 33.8528 290.305 1748.7 93.2812 30.2188 -9986.25
47000 33.8552 290.234 1750.7 25.5851 2.91923 -10139.7
48000 33.8531 290.218 1752.7 61.6501 14.659 -10425.5
49000 33.8576 290.293 1754.7 -2.20062 5.18938 -10590.7
50000 33.8515 290.344 1756.7 57.9544 -14.1393 -10871.4
51000 33.8527 290.344 1758.7 46.581 -25.1035 -10663.1
52000 33.854 290.364 1760.7 16.0786 1.48444 -10496
53000 33.8555 290.227 1762.7 20.2665 -3.11585 -10327.8
54000 33.8527 290.152 1764.7 18.1949 -4.87279 -10834.5
55000 33.8518 290.197 1766.7 56.5533 7.98695 -11127.1
56000 33.8511 290.29 1768.7 59.2873 -27.5372 -10768.7
57000 33.8576 290.311 1770.7 5.85173 30.4883 -10482.4
58000 33.8582 290.18 1772.7 52.2237 -0.203705 -9991.36
59000 33.8579 290.096 1774.7 -13.6731 6.42312 -10549.7
60000 33.8574 290.203 1776.7 -81.7165 -17.4496 -10966.7
61000 33.8529 290.183 1778.7 -15.7958 26.8416 -10766.7
62000 33.8603 290.271 1780.7 -67.7022 -7.90632 -10789.4
63000 33.8552 290.221 1782.7 6.51828 24.0028 -9944.44
64000 33.8537 290.144 1784.7 35.7873 8.47329 -9999.11
65000 33.8526 290.13 1786.7 55.4877 -6.55969 -10206.3
66000 33.8569 290.137 1788.7 -7.93404 5.86347 -10762.9
67000 33.8589 290.081 1790.7 -106.964 10.7658 -11230.1
68000 33.8586 290.239 1792.7 -54.7384 12.4825 -11231
69000 33.8561 290.221 1794.7 23.6679 -14.6837 -10626.2
70000 33.8609 290.15 1796.7 -38.3284 14.3882 -10694.8
71000 33.8582 290.223 1798.7 -54.4855 -9.91605 -10444.5
72000 33.8598 290.327 1800.7 -84.4281 -29.136 -10287.9
73000 33.8589 290.216 1802.7 20.2991 -3.64829 -9135.4
74000 33.8578 290.069 1804.7 17.2909 4.35236 -9453.23
75000 33.8636 290.098 1806.7 -57.1868 -12.0372 -9756.04
76000 33.8565 289.947 1808.7 -1.42272 62.375 -10277
77000 33.857 290.205 1810.7 -34.621 4.72852 -9741.87
78000 33.8617 290.077 1812.7 -22.1252 -7.10829 -9063.96
79000 33.8599 290.018 1814.7 -114.017 2.57705 -9479.8
80000 33.8605 290.029 1816.7 -42.7175 -5.4014 -10045.7
81000 33.8575 290.02 1818.7 6.53557 -7.12686 -10037.2
82000 33.8548 290.139 1820.7 34.5596 -16.1448 -9761.45
83000 33.8552 290.076 1822.7 24.6164 -9.70867 -9534.04
84000 33.8521 290.022 1824.7 62.8968 -1.9156 -9679.88
85000 33.8575 290.013 1826.7 -40.4477 -10.0814 -9784.2
86000 33.8586 290.054 1828.7 59.5041 3.89299 -9567.15
87000 33.86 290.097 1830.7 34.241 -32.6879 -9147.3
88000 33.8575 290.059 1832.7 49.7588 -7.08945 -9140.8
89000 33.86 290.024 1834.7 4.08273 4.88831 -9241.01
90000 33.8586 289.961 1836.7 10.5846 9.64228 -8907.22
91000 33.857 290.036 1838.7 12.8341 -21.2075 -9076.67
92000 33.86 289.995 1840.7 19.5714 -5.05029 -8659.81
93000 33.8608 290.049 1842.7 7.62154 11.5653 -8566.39
94000 33.861 290.013 1844.7 -6.04291 3.36838 -8395.02
95000 33.8616 289.993 1846.7 -21.308 27.0408 -8509.59
96000 33.8645 289.916 1848.7 -28.3406 20.2798 -8643.26
97000 33.8684 290.045 1850.7 -80.7207 20.4357 -8093.89
98000 33.8617 289.935 1852.7 -20.9586 41.8577 -8113.25
99000 33.862 289.979 1854.7 -80.3934 23.0825 -8207.74
100000 33.8643 290.049 1856.7 -92.5597 3.80795 -8223.28
