# Time-averaged data for fix boxsizepressurestretch
# TimeStep v_lx v_ly v_lz v_px v_py v_pz
0 70.1384 69.2046 51.9946 -213.424 -356.498 -934.434
1000 70.1458 69.1045 52.3946 -205.54 -354.078 -8952.7
2000 69.9718 69.0344 52.7946 133.995 37.1126 -17395
3000 70.1598 68.7909 53.1946 -19.0513 15.3089 -26961.7
4000 70.0109 68.7996 53.5946 -22.4195 -74.918 -35821.9
5000 69.8481 68.6574 53.9946 351.482 285.542 -45167
6000 69.7683 68.6397 54.3946 72.48 294.117 -55035.6
7000 69.7395 68.4475 54.7946 315.942 419.959 -65039.4
8000 69.5216 68.627 55.1946 159.248 239.32 -74767.4
9000 69.511 68.5855 55.5946 163.628 107.081 -84838.4
10000 69.4044 68.5155 55.9946 48.8353 15.4386 -95206.4
11000 69.1625 68.7544 56.3946 8.25062 -261.036 -105197
12000 69.4829 68.228 56.7946 -290.501 -187.022 -115644
13000 69.1917 68.3731 57.1946 -233.091 -191.528 -126406
14000 69.1637 68.2909 57.5946 -229.629 -221.153 -136748
15000 69.1085 68.1903 57.9946 -116.827 -124.773 -147534
16000 69.0102 68.0939 58.3946 250.964 186.205 -158506
17000 69.1024 68.0194 58.7946 -283.059 -259.622 -168998
18000 68.9594 67.8301 59.1946 531.195 830.22 -180318
19000 68.8366 67.8999 59.5946 -62.5188 -57.1426 -191082
20000 68.6585 67.93 59.9946 -224.713 -316.005 -202183
21000 68.4844 67.9601 60.3946 -77.0863 -121.1 -213307
22000 68.4887 67.8387 60.7946 252.889 241.987 -224332
23000 68.1724 67.9394 61.1946 40.1711 -303.425 -235797
24000 68.3722 67.6165 61.5946 39.2651 61.4319 -247087
25000 68.2011 67.5649 61.9946 120.16 150.003 -258689
