0.000000000000000000e+00 0.000000000000000000e+00
1.000000000000000000e+01 1.921543383645740732e-02
2.000000000000000000e+01 3.843086767291481465e-02
3.000000000000000000e+01 5.764630150937222197e-02
4.000000000000000000e+01 7.686173534582962930e-02
5.000000000000000000e+01 9.607716918228725866e-02
6.000000000000000000e+01 1.152926030187446660e-01
7.000000000000000000e+01 1.345080368552018513e-01
8.000000000000000000e+01 1.537234706916594806e-01
9.000000000000000000e+01 1.729389045281168880e-01
1.000000000000000000e+02 1.921543383645745173e-01
