0.000000000000000000e+00 6.515919189999999617e+02
1.000000000000000000e+01 -2.749875976599999922e+04
2.000000000000000000e+01 -5.492264453099999810e+04
3.000000000000000000e+01 -8.187286718800000381e+04
4.000000000000000000e+01 -1.050934453119999962e+05
5.000000000000000000e+01 -1.290426250000000000e+05
6.000000000000000000e+01 -1.522140468750000000e+05
7.000000000000000000e+01 -1.766821406250000000e+05
8.000000000000000000e+01 -2.024145625000000000e+05
9.000000000000000000e+01 -2.300770468750000000e+05
1.000000000000000000e+02 -2.589496406250000000e+05
