0.000000000000000000e+00 2.473456717599264998e-02 4.946913435198529996e-02 7.420370152797794994e-02 9.893826870397059992e-02 1.236728358799632499e-01 1.484074030559558999e-01 1.731419702319485499e-01 1.978765374079409778e-01 2.226111045839338498e-01 2.473456717599262777e-01 2.720802389359189277e-01 2.968148061119115777e-01 3.215493732879042277e-01 3.462839404638968777e-01 3.710185076398895276e-01 3.957530748158823997e-01 4.204876419918746056e-01 4.452222091678674776e-01 4.699567763438601276e-01 4.946913435198527775e-01
0.000000000000000000e+00 2.466953107333025308e-02 4.933906214666028411e-02 7.400859321999053719e-02 9.867812429332056823e-02 1.233476553666508213e-01 1.480171864399810744e-01 1.726867175133113275e-01 1.973562485866415805e-01 2.220257796599716116e-01 2.466953107333018647e-01 2.713648418066321177e-01 2.960343728799621488e-01 3.207039039532921798e-01 3.453734350266224329e-01 3.700429660999526860e-01 3.947124971732829390e-01 4.193820282466131921e-01 4.440515593199432232e-01 4.687210903932734762e-01 4.933906214666035073e-01
0.000000000000000000e+00 2.464743892570031569e-02 4.929487785140063139e-02 7.394231677710094708e-02 9.858975570280126277e-02 1.232371946285015785e-01 1.478846335542018942e-01 1.725320724799019878e-01 1.971795114056023035e-01 2.218269503313028412e-01 2.464743892570029349e-01 2.711218281827032506e-01 2.957692671084035663e-01 3.204167060341041040e-01 3.450641449598041977e-01 3.697115838855045133e-01 3.943590228112048290e-01 4.190064617369051447e-01 4.436539006626054604e-01 4.683013395883055541e-01 4.929487785140058698e-01
0.000000000000000000e+00 2.451987028988611428e-02 4.903974057977222856e-02 7.355961086965856488e-02 9.807948115954467916e-02 1.225993514494307934e-01 1.471192217393169077e-01 1.716390920292030220e-01 1.961589623190893583e-01 2.206788326089754726e-01 2.451987028988615869e-01 2.697185731887477012e-01 2.942384434786340375e-01 3.187583137685201518e-01 3.432781840584064881e-01 3.677980543482923803e-01 3.923179246381784946e-01 4.168377949280648309e-01 4.413576652179509452e-01 4.658775355078372815e-01 4.903974057977231737e-01
0.000000000000000000e+00 2.477680230589429655e-02 4.955360461178881515e-02 7.433040691768333375e-02 9.910720922357763030e-02 1.238840115294719268e-01 1.486608138353662234e-01 1.734376161412607420e-01 1.982144184471552606e-01 2.229912207530495571e-01 2.477680230589440757e-01 2.725448253648383723e-01 2.973216276707326688e-01 3.220984299766271874e-01 3.468752322825214840e-01 3.716520345884160026e-01 3.964288368943105212e-01 4.212056392002048177e-01 4.459824415060991143e-01 4.707592438119936329e-01 4.955360461178879294e-01
0.000000000000000000e+00 2.443036531539610756e-02 4.886073063079199308e-02 7.329109594618810064e-02 9.772146126158398616e-02 1.221518265769800937e-01 1.465821918923762013e-01 1.710125572077720868e-01 1.954429225231681944e-01 2.198732878385640799e-01 2.443036531539601874e-01 2.687340184693562950e-01 2.931643837847521805e-01 3.175947491001482881e-01 3.420251144155443956e-01 3.664554797309405032e-01 3.908858450463361667e-01 4.153162103617322742e-01 4.397465756771283818e-01 4.641769409925244894e-01 4.886073063079203749e-01
0.000000000000000000e+00 2.474481905351066935e-02 4.948963810702156074e-02 7.423445716053200805e-02 9.897927621404267740e-02 1.237240952675533467e-01 1.484689143210640161e-01 1.732137333745749075e-01 1.979585524280853548e-01 2.227033714815962462e-01 2.474481905351066935e-01 2.721930095886173628e-01 2.969378286421282542e-01 3.216826476956387015e-01 3.464274667491495929e-01 3.711722858026602623e-01 3.959171048561707096e-01 4.206619239096813789e-01 4.454067429631920483e-01 4.701515620167029397e-01 4.948963810702136090e-01
0.000000000000000000e+00 2.469511818671987768e-02 4.939023637343975537e-02 7.408535456015941101e-02 9.878047274687928869e-02 1.234755909335989443e-01 1.481707091203188220e-01 1.728658273070386997e-01 1.975609454937583553e-01 2.222560636804782330e-01 2.469511818671978887e-01 2.716463000539177663e-01 2.963414182406376440e-01 3.210365364273572997e-01 3.457316546140771774e-01 3.704267728007970550e-01 3.951218909875164886e-01 4.198170091742363663e-01 4.445121273609562440e-01 4.692072455476761217e-01 4.939023637343959994e-01
0.000000000000000000e+00 2.443036531539610756e-02 4.886073063079199308e-02 7.329109594618810064e-02 9.772146126158398616e-02 1.221518265769800937e-01 1.465821918923762013e-01 1.710125572077720868e-01 1.954429225231681944e-01 2.198732878385640799e-01 2.443036531539601874e-01 2.687340184693562950e-01 2.931643837847521805e-01 3.175947491001482881e-01 3.420251144155443956e-01 3.664554797309405032e-01 3.908858450463361667e-01 4.153162103617322742e-01 4.397465756771283818e-01 4.641769409925244894e-01 4.886073063079203749e-01
0.000000000000000000e+00 2.455680090369027901e-02 4.911360180738055803e-02 7.367040271107061500e-02 9.822720361476111606e-02 1.227840045184513951e-01 1.473408054221414520e-01 1.718976063258319531e-01 1.964544072295220101e-01 2.210112081332122891e-01 2.455680090369027901e-01 2.701248099405928471e-01 2.946816108442831261e-01 3.192384117479736272e-01 3.437952126516639062e-01 3.683520135553539632e-01 3.929088144590442422e-01 4.174656153627345212e-01 4.420224162664250223e-01 4.665792171701153013e-01 4.911360180738053582e-01
0.000000000000000000e+00 2.456011805230073897e-02 4.912023610460169998e-02 7.368035415690243894e-02 9.824047220920317791e-02 1.228005902615039169e-01 1.473607083138046558e-01 1.719208263661056169e-01 1.964809444184061338e-01 2.210410624707070948e-01 2.456011805230078338e-01 2.701612985753085727e-01 2.947214166276093117e-01 3.192815346799100507e-01 3.438416527322110117e-01 3.684017707845117506e-01 3.929618888368124896e-01 4.175220068891130065e-01 4.420821249414139675e-01 4.666422429937147065e-01 4.912023610460156675e-01
0.000000000000000000e+00 2.462851982595859468e-02 4.925703965191696732e-02 7.388555947787533995e-02 9.851407930383393463e-02 1.231425991297923073e-01 1.477711189557509019e-01 1.723996387817092746e-01 1.970281586076676472e-01 2.216566784336262419e-01 2.462851982595846145e-01 2.709137180855432092e-01 2.955422379115015818e-01 3.201707577374599545e-01 3.447992775634185492e-01 3.694277973893771438e-01 3.940563172153355165e-01 4.186848370412938891e-01 4.433133568672522618e-01 4.679418766932108564e-01 4.925703965191694511e-01
0.000000000000000000e+00 2.463140134200081377e-02 4.926280268400162754e-02 7.389420402600266335e-02 9.852560536800347712e-02 1.231570067100042909e-01 1.477884080520051047e-01 1.724198093940059184e-01 1.970512107360067322e-01 2.216826120780077680e-01 2.463140134200085818e-01 2.709454147620093956e-01 2.955768161040102093e-01 3.202082174460110231e-01 3.448396187880118369e-01 3.694710201300126506e-01 3.941024214720136865e-01 4.187338228140145002e-01 4.433652241560150919e-01 4.679966254980161278e-01 4.926280268400169415e-01
0.000000000000000000e+00 2.470635468030990545e-02 4.941270936062003294e-02 7.411906404093016043e-02 9.882541872124028792e-02 1.235317734015504154e-01 1.482381280818603209e-01 1.729444827621704484e-01 1.976508374424803538e-01 2.223571921227904813e-01 2.470635468031006088e-01 2.717699014834105142e-01 2.964762561637206417e-01 3.211826108440307692e-01 3.458889655243408967e-01 3.705953202046508022e-01 3.953016748849609296e-01 4.200080295652710571e-01 4.447143842455811846e-01 4.694207389258913121e-01 4.941270936062012176e-01
0.000000000000000000e+00 2.461180012757102631e-02 4.922360025514227466e-02 7.383540038271352302e-02 9.844720051028454932e-02 1.230590006378557977e-01 1.476708007654268240e-01 1.722826008929980723e-01 1.968944010205693207e-01 2.215062011481403470e-01 2.461180012757115954e-01 2.707298014032826217e-01 2.953416015308538700e-01 3.199534016584251184e-01 3.445652017859963667e-01 3.691770019135673930e-01 3.937888020411384193e-01 4.184006021687096677e-01 4.430124022962809160e-01 4.676242024238521644e-01 4.922360025514231907e-01
0.000000000000000000e+00 2.477639305269940806e-02 4.955278610539881612e-02 7.432917915809822418e-02 9.910557221079741019e-02 1.238819652634970403e-01 1.486583583161964484e-01 1.734347513688956344e-01 1.982111444215950424e-01 2.229875374742944505e-01 2.477639305269938585e-01 2.725403235796932666e-01 2.973167166323926747e-01 3.220931096850918607e-01 3.468695027377912687e-01 3.716458957904908988e-01 3.964222888431903069e-01 4.211986818958897150e-01 4.459750749485889010e-01 4.707514680012883090e-01 4.955278610539877171e-01
0.000000000000000000e+00 2.453009536074568508e-02 4.906019072149137017e-02 7.359028608223727730e-02 9.812038144298274034e-02 1.226504768037286475e-01 1.471805721644743326e-01 1.717106675252200176e-01 1.962407628859657027e-01 2.207708582467113878e-01 2.453009536074570729e-01 2.698310489682029800e-01 2.943611443289484431e-01 3.188912396896941281e-01 3.434213350504400353e-01 3.679514304111857204e-01 3.924815257719314054e-01 4.170116211326773126e-01 4.415417164934227756e-01 4.660718118541684607e-01 4.906019072149143678e-01
0.000000000000000000e+00 2.475538584363268235e-02 4.951077168726514266e-02 7.426615753089782501e-02 9.902154337453028532e-02 1.237769292181629677e-01 1.485323150617956500e-01 1.732877009054281103e-01 1.980430867490607927e-01 2.227984725926934750e-01 2.475538584363261574e-01 2.723092442799586177e-01 2.970646301235913000e-01 3.218200159672237604e-01 3.465754018108564427e-01 3.713307876544891251e-01 3.960861734981218074e-01 4.208415593417544898e-01 4.455969451853867280e-01 4.703523310290194104e-01 4.951077168726520927e-01
0.000000000000000000e+00 2.453781993738779477e-02 4.907563987477536749e-02 7.361345981216294021e-02 9.815127974955051293e-02 1.226890996869383077e-01 1.472269196243261025e-01 1.717647395617136752e-01 1.963025594991012479e-01 2.208403794364888206e-01 2.453781993738766154e-01 2.699160193112644102e-01 2.944538392486519829e-01 3.189916591860395556e-01 3.435294791234271283e-01 3.680672990608149231e-01 3.926051189982027179e-01 4.171429389355902906e-01 4.416807588729778633e-01 4.662185788103654360e-01 4.907563987477532308e-01
0.000000000000000000e+00 2.474670714128102134e-02 4.949341428256204267e-02 7.424012142384284196e-02 9.898682856512408534e-02 1.237335357064051067e-01 1.484802428476859060e-01 1.732269499889671494e-01 1.979736571302479486e-01 2.227203642715289700e-01 2.474670714128102134e-01 2.722137785540910127e-01 2.969604856953720340e-01 3.217071928366532774e-01 3.464538999779342987e-01 3.712006071192150980e-01 3.959473142604961193e-01 4.206940214017771407e-01 4.454407285430581620e-01 4.701874356843394054e-01 4.949341428256202047e-01
0.000000000000000000e+00 2.480245875041076076e-02 4.960491750082152151e-02 7.440737625123250432e-02 9.920983500164304303e-02 1.240122937520540258e-01 1.488147525024645645e-01 1.736172112528755473e-01 1.984196700032863081e-01 2.232221287536970689e-01 2.480245875041078296e-01 2.728270462545185904e-01 2.976295050049293511e-01 3.224319637553403339e-01 3.472344225057510947e-01 3.720368812561618554e-01 3.968393400065726162e-01 4.216417987569835990e-01 4.464442575073941377e-01 4.712467162578048985e-01 4.960491750082158813e-01
0.000000000000000000e+00 2.449179524859168566e-02 4.898359049718337133e-02 7.347538574577505699e-02 9.796718099436674265e-02 1.224589762429586504e-01 1.469507714915503360e-01 1.714425667401420217e-01 1.959343619887337073e-01 2.204261572373253930e-01 2.449179524859173007e-01 2.694097477345087643e-01 2.939015429831006720e-01 3.183933382316923577e-01 3.428851334802842654e-01 3.673769287288757290e-01 3.918687239774674147e-01 4.163605192260593224e-01 4.408523144746510081e-01 4.653441097232426937e-01 4.898359049718341574e-01
0.000000000000000000e+00 2.458835003975101685e-02 4.917670007950225575e-02 7.376505011925327260e-02 9.835340015900451149e-02 1.229417501987557504e-01 1.475301002385069893e-01 1.721184502782582282e-01 1.967068003180092450e-01 2.212951503577604839e-01 2.458835003975117228e-01 2.704718504372627397e-01 2.950602004770139786e-01 3.196485505167649954e-01 3.442369005565162343e-01 3.688252505962674732e-01 3.934136006360187121e-01 4.180019506757697290e-01 4.425903007155207458e-01 4.671786507552719847e-01 4.917670007950232236e-01
0.000000000000000000e+00 2.468130267915547016e-02 4.936260535831071827e-02 7.404390803746618843e-02 9.872521071662165859e-02 1.234065133957771287e-01 1.480878160749325989e-01 1.727691187540878470e-01 1.974504214332433172e-01 2.221317241123987873e-01 2.468130267915540355e-01 2.714943294707095056e-01 2.961756321498647537e-01 3.208569348290204459e-01 3.455382375081756940e-01 3.702195401873311642e-01 3.949008428664866344e-01 4.195821455456421045e-01 4.442634482247975747e-01 4.689447509039526008e-01 4.936260535831080709e-01
0.000000000000000000e+00 2.475124993812194418e-02 4.950249987624366632e-02 7.425374981436561050e-02 9.900499975248755469e-02 1.237562496906092768e-01 1.485074996287312210e-01 1.732587495668531652e-01 1.980099995049751094e-01 2.227612494430970536e-01 2.475124993812187757e-01 2.722637493193407199e-01 2.970149992574624420e-01 3.217662491955846082e-01 3.465174991337061083e-01 3.712687490718280525e-01 3.960199990099499967e-01 4.207712489480719409e-01 4.455224988861938851e-01 4.702737488243156072e-01 4.950249987624375514e-01
0.000000000000000000e+00 2.469074837658324917e-02 4.938149675316649834e-02 7.407224512974996955e-02 9.876299350633321872e-02 1.234537418829164679e-01 1.481444902594999391e-01 1.728352386360829662e-01 1.975259870126664374e-01 2.222167353892496866e-01 2.469074837658329358e-01 2.715982321424164070e-01 2.962889805189994341e-01 3.209797288955829053e-01 3.456704772721661545e-01 3.703612256487496257e-01 3.950519740253326528e-01 4.197427224019159020e-01 4.444334707784993732e-01 4.691242191550826224e-01 4.938149675316660936e-01
0.000000000000000000e+00 2.472682015153426782e-02 4.945364030306853564e-02 7.418046045460258142e-02 9.890728060613684924e-02 1.236341007576708950e-01 1.483609209092051628e-01 1.730877410607394307e-01 1.978145612122736985e-01 2.225413813638079663e-01 2.472682015153420121e-01 2.719950216668762799e-01 2.967218418184105477e-01 3.214486619699448156e-01 3.461754821214786393e-01 3.709023022730129071e-01 3.956291224245471749e-01 4.203559425760814428e-01 4.450827627276157106e-01 4.698095828791497564e-01 4.945364030306840242e-01
0.000000000000000000e+00 2.474405369459664605e-02 4.948810738919307006e-02 7.423216108378949407e-02 9.897621477838614013e-02 1.237202684729825641e-01 1.484643221675792102e-01 1.732083758621758562e-01 1.979524295567722803e-01 2.226964832513687043e-01 2.474405369459651283e-01 2.721845906405617743e-01 2.969286443351584204e-01 3.216726980297548444e-01 3.464167517243512684e-01 3.711608054189476924e-01 3.959048591135443385e-01 4.206489128081409845e-01 4.453929665027374085e-01 4.701370201973338325e-01 4.948810738919304786e-01
0.000000000000000000e+00 2.446323583374798716e-02 4.892647166749575227e-02 7.338970750124351738e-02 9.785294333499150454e-02 1.223161791687392697e-01 1.467794150024872568e-01 1.712426508362350219e-01 1.957058866699827870e-01 2.201691225037307742e-01 2.446323583374785393e-01 2.690955941712265265e-01 2.935588300049742916e-01 3.180220658387220567e-01 3.424853016724700439e-01 3.669485375062178090e-01 3.914117733399657961e-01 4.158750091737133392e-01 4.403382450074613264e-01 4.648014808412093135e-01 4.892647166749570786e-01
0.000000000000000000e+00 2.469588052133020462e-02 4.939176104266018719e-02 7.408764156399016976e-02 9.878352208532015233e-02 1.234794026066501349e-01 1.481752831279803395e-01 1.728711636493103221e-01 1.975670441706403047e-01 2.222629246919705093e-01 2.469588052133004918e-01 2.716546857346304744e-01 2.963505662559606790e-01 3.210464467772906616e-01 3.457423272986204221e-01 3.704382078199506267e-01 3.951340883412806093e-01 4.198299688626108139e-01 4.445258493839407965e-01 4.692217299052707791e-01 4.939176104266007616e-01
0.000000000000000000e+00 2.478202146949137763e-02 4.956404293898275526e-02 7.434606440847391085e-02 9.912808587796506643e-02 1.239101073474564441e-01 1.486921288169475996e-01 1.734741502864389773e-01 1.982561717559301329e-01 2.230381932254215105e-01 2.478202146949126661e-01 2.726022361644040437e-01 2.973842576338954213e-01 3.221662791033865769e-01 3.469483005728777325e-01 3.717303220423691101e-01 3.965123435118604878e-01 4.212943649813514213e-01 4.460763864508427989e-01 4.708584079203341766e-01 4.956404293898255542e-01
0.000000000000000000e+00 2.479067374853594075e-02 4.958134749707165945e-02 7.437202124560737815e-02 9.916269499414331889e-02 1.239533687426790376e-01 1.487440424912149783e-01 1.735347162397506970e-01 1.983253899882864157e-01 2.231160637368223565e-01 2.479067374853580752e-01 2.726974112338937939e-01 2.974880849824297346e-01 3.222787587309656754e-01 3.470694324795011720e-01 3.718601062280371128e-01 3.966507799765728315e-01 4.214414537251087722e-01 4.462321274736447130e-01 4.710228012221802096e-01 4.958134749707161504e-01
0.000000000000000000e+00 2.459858189175401222e-02 4.919716378350802444e-02 7.379574567526181461e-02 9.839432756701582683e-02 1.229929094587696170e-01 1.475914913505236292e-01 1.721900732422776414e-01 1.967886551340316537e-01 2.213872370257856659e-01 2.459858189175394561e-01 2.705844008092934683e-01 2.951829827010474805e-01 3.197815645928014927e-01 3.443801464845550608e-01 3.689787283763090731e-01 3.935773102680630853e-01 4.181758921598170975e-01 4.427744740515711097e-01 4.673730559433248999e-01 4.919716378350789121e-01
0.000000000000000000e+00 2.466922678420191417e-02 4.933845356840360630e-02 7.400768035260552047e-02 9.867690713680743464e-02 1.233461339210091268e-01 1.480153607052110409e-01 1.726845874894127331e-01 1.973538142736146472e-01 2.220230410578165614e-01 2.466922678420182535e-01 2.713614946262201677e-01 2.960307214104218598e-01 3.206999481946237740e-01 3.453691749788256882e-01 3.700384017630276023e-01 3.947076285472290724e-01 4.193768553314309866e-01 4.440460821156329008e-01 4.687153088998348149e-01 4.933845356840367291e-01
0.000000000000000000e+00 2.458421938957400243e-02 4.916843877914756078e-02 7.375265816872156321e-02 9.833687755829534360e-02 1.229210969478691240e-01 1.475053163374431264e-01 1.720895357270169068e-01 1.966737551165906872e-01 2.212579745061646896e-01 2.458421938957382480e-01 2.704264132853122504e-01 2.950106326748860308e-01 3.195948520644598112e-01 3.441790714540338136e-01 3.687632908436075940e-01 3.933475102331811524e-01 4.179317296227551548e-01 4.425159490123289352e-01 4.671001684019029376e-01 4.916843877914767180e-01
0.000000000000000000e+00 2.466304119961049146e-02 4.932608239922053883e-02 7.398912359883103029e-02 9.865216479844129971e-02 1.233152059980515691e-01 1.479782471976620606e-01 1.726412883972723300e-01 1.973043295968825994e-01 2.219673707964930909e-01 2.466304119961031383e-01 2.712934531957136297e-01 2.959564943953238991e-01 3.206195355949341685e-01 3.452825767945444380e-01 3.699456179941549294e-01 3.946086591937651988e-01 4.192717003933756903e-01 4.439347415929857377e-01 4.685977827925960071e-01 4.932608239922064985e-01
0.000000000000000000e+00 2.456001751947911593e-02 4.912003503895823187e-02 7.368005255843734780e-02 9.824007007791668578e-02 1.228000875973958017e-01 1.473601051168749176e-01 1.719201226363540336e-01 1.964801401558331495e-01 2.210401576753124875e-01 2.456001751947916034e-01 2.701601927142707193e-01 2.947202102337498353e-01 3.192802277532291733e-01 3.438402452727080671e-01 3.684002627921871831e-01 3.929602803116665211e-01 4.175202978311456370e-01 4.420803153506249750e-01 4.666403328701038689e-01 4.912003503895832068e-01
0.000000000000000000e+00 2.473161050186623022e-02 4.946322100373246045e-02 7.419483150559869067e-02 9.892644200746492089e-02 1.236580525093309291e-01 1.483896630111973813e-01 1.731212735130636116e-01 1.978528840149296197e-01 2.225844945167958500e-01 2.473161050186620802e-01 2.720477155205283104e-01 2.967793260223945406e-01 3.215109365242607709e-01 3.462425470261267790e-01 3.709741575279930093e-01 3.957057680298594615e-01 4.204373785317256917e-01 4.451689890335919220e-01 4.699005995354579301e-01 4.946322100373241604e-01
0.000000000000000000e+00 2.476994909775465104e-02 4.953989819550908003e-02 7.430984729326395311e-02 9.907979639101860414e-02 1.238497454887730331e-01 1.486196945865276842e-01 1.733896436842821132e-01 1.981595927820367642e-01 2.229295418797916373e-01 2.476994909775460663e-01 2.724694400753007173e-01 2.972393891730551463e-01 3.220093382708097973e-01 3.467792873685644484e-01 3.715492364663193214e-01 3.963191855640735284e-01 4.210891346618281794e-01 4.458590837595828305e-01 4.706290328573374815e-01 4.953989819550923546e-01
0.000000000000000000e+00 2.441744056387995521e-02 4.883488112776013246e-02 7.325232169164008766e-02 9.766976225552026492e-02 1.220872028194004422e-01 1.465046433832803974e-01 1.709220839471605746e-01 1.953395245110405298e-01 2.197569650749207071e-01 2.441744056388008843e-01 2.685918462026808395e-01 2.930092867665610168e-01 3.174267273304411940e-01 3.418441678943211492e-01 3.662616084582013265e-01 3.906790490220815038e-01 4.150964895859614590e-01 4.395139301498416362e-01 4.639313707137218135e-01 4.883488112776017687e-01
0.000000000000000000e+00 2.469298390017438116e-02 4.938596780034898437e-02 7.407895170052358758e-02 9.877193560069796874e-02 1.234649195008725719e-01 1.481579034010469531e-01 1.728508873012213343e-01 1.975438712013959375e-01 2.222368551015703186e-01 2.469298390017449218e-01 2.716228229019193030e-01 2.963158068020939062e-01 3.210087907022682874e-01 3.457017746024428906e-01 3.703947585026174938e-01 3.950877424027920970e-01 4.197807263029662561e-01 4.444737102031408593e-01 4.691666941033154625e-01 4.938596780034898437e-01
0.000000000000000000e+00 2.446278700455217781e-02 4.892557400910413357e-02 7.338836101365631137e-02 9.785114801820848918e-02 1.223139350227606670e-01 1.467767220273128448e-01 1.712395090318648005e-01 1.957022960364169784e-01 2.201650830409691562e-01 2.446278700455211119e-01 2.690906570500732897e-01 2.935534440546254675e-01 3.180162310591776453e-01 3.424790180637298231e-01 3.669418050682820009e-01 3.914045920728337347e-01 4.158673790773859125e-01 4.403301660819380903e-01 4.647929530864902681e-01 4.892557400910424459e-01
0.000000000000000000e+00 2.467663328466551675e-02 4.935326656933125555e-02 7.402989985399655026e-02 9.870653313866228906e-02 1.233831664233275838e-01 1.480597997079933226e-01 1.727364329926588393e-01 1.974130662773243561e-01 2.220896995619898728e-01 2.467663328466553896e-01 2.714429661313209063e-01 2.961195994159864231e-01 3.207962327006519399e-01 3.454728659853174566e-01 3.701494992699831954e-01 3.948261325546484901e-01 4.195027658393140069e-01 4.441793991239795236e-01 4.688560324086452624e-01 4.935326656933107792e-01
0.000000000000000000e+00 2.468399345874172646e-02 4.936798691748345291e-02 7.405198037622517937e-02 9.873597383496690583e-02 1.234199672937086323e-01 1.481039607524503587e-01 1.727879542111920852e-01 1.974719476699338117e-01 2.221559411286755381e-01 2.468399345874172646e-01 2.715239280461592131e-01 2.962079215049007175e-01 3.208919149636426660e-01 3.455759084223843924e-01 3.702599018811261189e-01 3.949438953398676233e-01 4.196278887986093498e-01 4.443118822573512983e-01 4.689958757160930247e-01 4.936798691748347512e-01
0.000000000000000000e+00 2.469852364574909309e-02 4.939704729149818618e-02 7.409557093724705723e-02 9.879409458299615032e-02 1.234926182287454655e-01 1.481911418744943365e-01 1.728896655202434296e-01 1.975881891659925227e-01 2.222867128117416158e-01 2.469852364574907089e-01 2.716837601032398020e-01 2.963822837489888951e-01 3.210808073947379881e-01 3.457793310404870812e-01 3.704778546862359523e-01 3.951763783319850454e-01 4.198749019777341385e-01 4.445734256234834536e-01 4.692719492692325467e-01 4.939704729149814177e-01
0.000000000000000000e+00 2.452834045336538260e-02 4.905668090673098725e-02 7.358502136009659189e-02 9.811336181346197449e-02 1.226417022668273571e-01 1.471700427201929617e-01 1.716983831735583443e-01 1.962267236269239490e-01 2.207550640802893316e-01 2.452834045336549362e-01 2.698117449870203188e-01 2.943400854403859235e-01 3.188684258937513061e-01 3.433967663471169107e-01 3.679251068004822933e-01 3.924534472538478980e-01 4.169817877072132806e-01 4.415101281605786632e-01 4.660384686139442678e-01 4.905668090673098725e-01
0.000000000000000000e+00 2.465250243443461997e-02 4.930500486886923994e-02 7.395750730330385991e-02 9.861000973773847988e-02 1.232625121721730999e-01 1.479150146066077198e-01 1.725675170410423398e-01 1.972200194754769598e-01 2.218725219099115797e-01 2.465250243443461997e-01 2.711775267787808197e-01 2.958300292132154397e-01 3.204825316476500596e-01 3.451350340820846796e-01 3.697875365165190775e-01 3.944400389509536975e-01 4.190925413853883175e-01 4.437450438198231595e-01 4.683975462542577795e-01 4.930500486886921774e-01
0.000000000000000000e+00 2.462488097974180334e-02 4.924976195948382873e-02 7.387464293922585412e-02 9.849952391896765747e-02 1.231244048987096829e-01 1.477492858784514862e-01 1.723741668581935116e-01 1.969990478379355370e-01 2.216239288176773403e-01 2.462488097974193657e-01 2.708736907771611691e-01 2.954985717569031944e-01 3.201234527366449978e-01 3.447483337163870232e-01 3.693732146961290486e-01 3.939980956758708519e-01 4.186229766556128773e-01 4.432478576353546806e-01 4.678727386150967060e-01 4.924976195948385094e-01
0.000000000000000000e+00 2.471006852925672348e-02 4.942013705851344696e-02 7.413020558777017044e-02 9.884027411702689392e-02 1.235503426462836174e-01 1.482604111755403409e-01 1.729704797047970644e-01 1.976805482340537878e-01 2.223906167633105113e-01 2.471006852925672348e-01 2.718107538218237362e-01 2.965208223510806818e-01 3.212308908803374052e-01 3.459409594095941287e-01 3.706510279388506302e-01 3.953610964681073536e-01 4.200711649973642992e-01 4.447812335266210226e-01 4.694913020558777461e-01 4.942013705851342475e-01
0.000000000000000000e+00 2.449274504481135928e-02 4.898549008962294060e-02 7.347823513443452192e-02 9.797098017924610325e-02 1.224637252240576846e-01 1.469564702688690438e-01 1.714492153136806252e-01 1.959419603584919845e-01 2.204347054033035658e-01 2.449274504481151471e-01 2.694201954929265064e-01 2.939129405377380877e-01 3.184056855825496690e-01 3.428984306273612503e-01 3.673911756721728317e-01 3.918839207169844130e-01 4.163766657617955502e-01 4.408694108066071315e-01 4.653621558514187129e-01 4.898549008962302942e-01
0.000000000000000000e+00 2.442091895918041544e-02 4.884183791836105293e-02 7.326275687754124633e-02 9.768367583672188381e-02 1.221045947959020772e-01 1.465255137550827147e-01 1.709464327142631301e-01 1.953673516734435456e-01 2.197882706326239610e-01 2.442091895918043765e-01 2.686301085509847919e-01 2.930510275101654294e-01 3.174719464693458448e-01 3.418928654285260382e-01 3.663137843877064537e-01 3.907347033468870912e-01 4.151556223060675066e-01 4.395765412652479220e-01 4.639974602244281154e-01 4.884183791836087529e-01
0.000000000000000000e+00 2.469603299389988571e-02 4.939206598780021551e-02 7.408809898170032326e-02 9.878413197560020897e-02 1.234801649695003167e-01 1.481761979634004245e-01 1.728722309573005322e-01 1.975682639512006400e-01 2.222642969451007477e-01 2.469603299390008555e-01 2.716563629329007412e-01 2.963523959268008490e-01 3.210484289207009567e-01 3.457444619146010645e-01 3.704404949085011722e-01 3.951365279024012800e-01 4.198325608963011657e-01 4.445285938902012735e-01 4.692246268841013812e-01 4.939206598780014890e-01
0.000000000000000000e+00 2.463266537755703922e-02 4.926533075511430049e-02 7.389799613267156175e-02 9.853066151022860097e-02 1.231633268877858622e-01 1.477959922653429015e-01 1.724286576429001627e-01 1.970613230204574240e-01 2.216939883980144632e-01 2.463266537755717245e-01 2.709593191531287637e-01 2.955919845306860250e-01 3.202246499082432862e-01 3.448573152858003255e-01 3.694899806633575867e-01 3.941226460409148480e-01 4.187553114184718872e-01 4.433879767960291485e-01 4.680206421735864097e-01 4.926533075511434490e-01
0.000000000000000000e+00 2.478755003986665706e-02 4.957510007973331412e-02 7.436265011959997118e-02 9.915020015946640619e-02 1.239377501993332853e-01 1.487253002391999424e-01 1.735128502790663774e-01 1.983004003189332565e-01 2.230879503587996915e-01 2.478755003986663485e-01 2.726630504385332276e-01 2.974506004783996627e-01 3.222381505182663197e-01 3.470257005581329768e-01 3.718132505979996338e-01 3.966008006378662909e-01 4.213883506777329480e-01 4.461759007175993830e-01 4.709634507574662621e-01 4.957510007973329191e-01
0.000000000000000000e+00 2.460412980318738008e-02 4.920825960637498220e-02 7.381238940956236227e-02 9.841651921274974235e-02 1.230206490159373445e-01 1.476247788191247245e-01 1.722289086223123267e-01 1.968330384254997067e-01 2.214371682286870868e-01 2.460412980318746889e-01 2.706454278350620690e-01 2.952495576382494491e-01 3.198536874414368292e-01 3.444578172446244313e-01 3.690619470478120334e-01 3.936660768509994135e-01 4.182702066541870156e-01 4.428743364573741736e-01 4.674784662605617758e-01 4.920825960637493779e-01
0.000000000000000000e+00 2.445949609361464105e-02 4.891899218722950415e-02 7.337848828084392316e-02 9.783798437445856422e-02 1.222974804680732053e-01 1.467569765616878463e-01 1.712164726553027094e-01 1.956759687489171284e-01 2.201354648425319915e-01 2.445949609361464105e-01 2.690544570297612736e-01 2.935139531233759147e-01 3.179734492169905558e-01 3.424329453106049748e-01 3.668924414042196158e-01 3.913519374978344789e-01 4.158114335914491200e-01 4.402709296850637610e-01 4.647304257786781800e-01 4.891899218722928211e-01
0.000000000000000000e+00 2.454931548325323121e-02 4.909863096650646241e-02 7.364794644975991567e-02 9.819726193301314687e-02 1.227465774162663781e-01 1.472958928995196093e-01 1.718452083827728405e-01 1.963945238660262937e-01 2.209438393492795250e-01 2.454931548325327562e-01 2.700424703157859874e-01 2.945917857990392186e-01 3.191411012822926718e-01 3.436904167655459030e-01 3.682397322487993563e-01 3.927890477320523654e-01 4.173383632153055967e-01 4.418876786985590499e-01 4.664369941818122811e-01 4.909863096650657344e-01
0.000000000000000000e+00 2.456861604985793868e-02 4.913723209971587735e-02 7.370584814957381603e-02 9.827446419943175471e-02 1.228430802492894713e-01 1.474116962991476321e-01 1.719803123490055707e-01 1.965489283988632874e-01 2.211175444487212260e-01 2.456861604985791647e-01 2.702547765484371034e-01 2.948233925982950421e-01 3.193920086481529808e-01 3.439606246980106974e-01 3.685292407478686361e-01 3.930978567977265747e-01 4.176664728475847355e-01 4.422350888974426741e-01 4.668037049473003908e-01 4.913723209971583294e-01
0.000000000000000000e+00 2.481163831247767959e-02 4.962327662495558123e-02 7.443491493743326082e-02 9.924655324991094041e-02 1.240581915623888420e-01 1.488698298748665216e-01 1.736814681873444233e-01 1.984931064998221029e-01 2.233047448122997825e-01 2.481163831247776841e-01 2.729280214372553637e-01 2.977396597497332653e-01 3.225512980622109449e-01 3.473629363746888465e-01 3.721745746871665261e-01 3.969862129996444278e-01 4.217978513121218853e-01 4.466094896245997869e-01 4.714211279370776886e-01 4.962327662495553682e-01
0.000000000000000000e+00 2.466405501728541338e-02 4.932811003457082677e-02 7.399216505185624015e-02 9.865622006914165354e-02 1.233202750864270669e-01 1.479843301037124803e-01 1.726483851209978937e-01 1.973124401382830850e-01 2.219764951555687205e-01 2.466405501728539118e-01 2.713046051901393252e-01 2.959686602074247386e-01 3.206327152247101520e-01 3.452967702419955653e-01 3.699608252592809787e-01 3.946248802765663921e-01 4.192889352938515835e-01 4.439529903111372189e-01 4.686170453284226323e-01 4.932811003457080457e-01
0.000000000000000000e+00 2.464814769170087239e-02 4.929629538340196682e-02 7.394444307510283920e-02 9.859259076680371159e-02 1.232407384585048060e-01 1.478888861502056784e-01 1.725370338419067728e-01 1.971851815336078673e-01 2.218333292253087397e-01 2.464814769170096120e-01 2.711296246087104844e-01 2.957777723004115789e-01 3.204259199921126733e-01 3.450740676838135457e-01 3.697222153755144181e-01 3.943703630672152904e-01 4.190185107589163849e-01 4.436666584506174793e-01 4.683148061423185737e-01 4.929629538340192241e-01
0.000000000000000000e+00 2.455368561051707310e-02 4.910737122103436825e-02 7.366105683155144135e-02 9.821474244206851445e-02 1.227684280525858096e-01 1.473221136631028827e-01 1.718757992736201778e-01 1.964294848841372509e-01 2.209831704946543240e-01 2.455368561051716192e-01 2.700905417156886923e-01 2.946442273262059874e-01 3.191979129367230605e-01 3.437515985472401336e-01 3.683052841577574288e-01 3.928589697682747239e-01 4.174126553787915750e-01 4.419663409893088701e-01 4.665200265998259432e-01 4.910737122103432384e-01
0.000000000000000000e+00 2.469730367187161768e-02 4.939460734374345741e-02 7.409191101561485304e-02 9.878921468748669277e-02 1.234865183593580884e-01 1.481838220312297061e-01 1.728811257031015458e-01 1.975784293749729414e-01 2.222757330468447812e-01 2.469730367187161768e-01 2.716703403905880165e-01 2.963676440624596342e-01 3.210649477343312519e-01 3.457622514062028696e-01 3.704595550780744873e-01 3.951568587499461049e-01 4.198541624218175006e-01 4.445514660936893403e-01 4.692487697655609580e-01 4.939460734374325757e-01
0.000000000000000000e+00 2.467993213018648824e-02 4.935986426037319852e-02 7.403979639055990880e-02 9.871972852074639704e-02 1.233996606509331073e-01 1.480795927811198176e-01 1.727595249113065279e-01 1.974394570414930161e-01 2.221193891716797264e-01 2.467993213018664367e-01 2.714792534320529249e-01 2.961591855622396352e-01 3.208391176924261234e-01 3.455190498226128337e-01 3.701989819527995440e-01 3.948789140829862543e-01 4.195588462131727425e-01 4.442387783433594528e-01 4.689187104735461631e-01 4.935986426037328734e-01
0.000000000000000000e+00 2.468018592406728828e-02 4.936037184813457657e-02 7.404055777220186485e-02 9.872074369626915313e-02 1.234009296203364414e-01 1.480811155444037297e-01 1.727613014684710180e-01 1.974414873925383063e-01 2.221216733166055946e-01 2.468018592406728828e-01 2.714820451647403932e-01 2.961622310888074594e-01 3.208424170128747477e-01 3.455226029369420360e-01 3.702027888610093243e-01 3.948829747850768346e-01 4.195631607091441229e-01 4.442433466332111891e-01 4.689235325572784774e-01 4.936037184813459877e-01
0.000000000000000000e+00 2.463276650600620954e-02 4.926553301201264112e-02 7.389829951801885066e-02 9.853106602402506020e-02 1.231638325300314918e-01 1.477965990360377013e-01 1.724293655420439109e-01 1.970621320480503424e-01 2.216948985540565520e-01 2.463276650600629836e-01 2.709604315660691931e-01 2.955931980720754026e-01 3.202259645780818342e-01 3.448587310840880438e-01 3.694914975900942533e-01 3.941242640961004629e-01 4.187570306021068944e-01 4.433897971081133260e-01 4.680225636141195356e-01 4.926553301201255231e-01
0.000000000000000000e+00 2.469384773361915641e-02 4.938769546723853487e-02 7.408154320085746924e-02 9.877539093447684770e-02 1.234692386680962262e-01 1.481630864017153826e-01 1.728569341353345390e-01 1.975507818689536954e-01 2.222446296025730739e-01 2.469384773361922303e-01 2.716323250698113867e-01 2.963261728034307652e-01 3.210200205370499216e-01 3.457138682706693000e-01 3.704077160042884564e-01 3.951015637379078349e-01 4.197954114715267693e-01 4.444892592051461477e-01 4.691831069387653042e-01 4.938769546723846826e-01
0.000000000000000000e+00 2.483644168300003230e-02 4.967288336600006460e-02 7.450932504900031894e-02 9.934576673200035124e-02 1.241822084150003835e-01 1.490186500980004158e-01 1.738550917810004481e-01 1.986915334640007025e-01 2.235279751470007348e-01 2.483644168300007671e-01 2.732008585130007994e-01 2.980373001960008317e-01 3.228737418790010860e-01 3.477101835620011183e-01 3.725466252450013727e-01 3.973830669280011829e-01 4.222195086110012152e-01 4.470559502940014696e-01 4.718923919770015019e-01 4.967288336600017562e-01
0.000000000000000000e+00 2.470920356059624901e-02 4.941840712119249801e-02 7.412761068178874702e-02 9.883681424238477398e-02 1.235460178029812450e-01 1.482552213635772720e-01 1.729644249241735210e-01 1.976736284847699920e-01 2.223828320453660190e-01 2.470920356059622680e-01 2.718012391665585170e-01 2.965104427271547660e-01 3.212196462877510150e-01 3.459288498483472640e-01 3.706380534089432910e-01 3.953472569695395400e-01 4.200564605301360110e-01 4.447656640907322600e-01 4.694748676513285091e-01 4.941840712119245360e-01
0.000000000000000000e+00 2.458336320894849436e-02 4.916672641789676668e-02 7.375008962684503899e-02 9.833345283579353335e-02 1.229168160447418057e-01 1.475001792536900780e-01 1.720835424626385723e-01 1.966669056715868447e-01 2.212502688805351170e-01 2.458336320894833893e-01 2.704169952984318837e-01 2.950003585073801560e-01 3.195837217163284283e-01 3.441670849252769226e-01 3.687504481342254170e-01 3.933338113431734673e-01 4.179171745521217396e-01 4.425005377610702340e-01 4.670839009700187283e-01 4.916672641789670006e-01
0.000000000000000000e+00 2.466522101065748984e-02 4.933044202131475764e-02 7.399566303197224748e-02 9.866088404262973732e-02 1.233261050532872272e-01 1.479913260639447170e-01 1.726565470746019848e-01 1.973217680852594746e-01 2.219869890959169645e-01 2.466522101065742323e-01 2.713174311172317221e-01 2.959826521278892120e-01 3.206478731385464798e-01 3.453130941492039696e-01 3.699783151598614594e-01 3.946435361705189493e-01 4.193087571811764391e-01 4.439739781918337069e-01 4.686391992024911968e-01 4.933044202131486866e-01
0.000000000000000000e+00 2.469156124741767044e-02 4.938312249483534089e-02 7.407468374225301133e-02 9.876624498967068178e-02 1.234578062370883522e-01 1.481493674845060227e-01 1.728409287319236931e-01 1.975324899793413636e-01 2.222240512267590340e-01 2.469156124741767044e-01 2.716071737215943749e-01 2.962987349690120453e-01 3.209902962164297158e-01 3.456818574638476083e-01 3.703734187112650567e-01 3.950649799586827271e-01 4.197565412061003975e-01 4.444481024535180680e-01 4.691396637009359605e-01 4.938312249483534089e-01
0.000000000000000000e+00 2.476401953055673566e-02 4.952803906111347132e-02 7.429205859167020698e-02 9.905607812222694264e-02 1.238200976527836783e-01 1.485841171833404140e-01 1.733481367138971496e-01 1.981121562444538853e-01 2.228761757750106209e-01 2.476401953055673566e-01 2.724042148361240923e-01 2.971682343666808279e-01 3.219322538972375636e-01 3.466962734277942992e-01 3.714602929583512569e-01 3.962243124889077706e-01 4.209883320194645062e-01 4.457523515500212419e-01 4.705163710805779775e-01 4.952803906111349352e-01
0.000000000000000000e+00 2.477173874898586092e-02 4.954347749797172185e-02 7.431521624695758277e-02 9.908695499594366574e-02 1.238586937449295267e-01 1.486304324939153876e-01 1.734021712429012485e-01 1.981739099918871094e-01 2.229456487408731924e-01 2.477173874898590533e-01 2.724891262388449142e-01 2.972608649878307752e-01 3.220326037368166361e-01 3.468043424858027191e-01 3.715760812347885800e-01 3.963478199837744409e-01 4.211195587327603018e-01 4.458912974817461627e-01 4.706630362307322457e-01 4.954347749797181066e-01
0.000000000000000000e+00 2.471643045311400222e-02 4.943286090622800444e-02 7.414929135934200666e-02 9.886572181245600888e-02 1.235821522655697891e-01 1.482985827186837913e-01 1.730150131717977935e-01 1.977314436249117957e-01 2.224478740780257979e-01 2.471643045311395781e-01 2.718807349842535803e-01 2.965971654373675825e-01 3.213135958904815848e-01 3.460300263435955870e-01 3.707464567967095892e-01 3.954628872498233694e-01 4.201793177029373716e-01 4.448957481560513738e-01 4.696121786091653760e-01 4.943286090622793783e-01
0.000000000000000000e+00 2.471811054762973470e-02 4.943622109525946939e-02 7.415433164288920409e-02 9.887244219051893879e-02 1.235905527381486735e-01 1.483086632857784082e-01 1.730267738334081429e-01 1.977448843810378776e-01 2.224629949286676123e-01 2.471811054762973470e-01 2.718992160239270817e-01 2.966173265715568164e-01 3.213354371191865511e-01 3.460535476668160637e-01 3.707716582144460205e-01 3.954897687620757551e-01 4.202078793097054898e-01 4.449259898573352245e-01 4.696441004049647372e-01 4.943622109525946939e-01
0.000000000000000000e+00 2.465169213323425979e-02 4.930338426646851957e-02 7.395507639970255731e-02 9.860676853293681710e-02 1.232584606661708548e-01 1.479101527994051146e-01 1.725618449326393744e-01 1.972135370658734121e-01 2.218652291991076719e-01 2.465169213323417097e-01 2.711686134655759695e-01 2.958203055988102292e-01 3.204719977320442670e-01 3.451236898652785268e-01 3.697753819985127866e-01 3.944270741317470463e-01 4.190787662649810841e-01 4.437304583982153439e-01 4.683821505314496036e-01 4.930338426646838634e-01
0.000000000000000000e+00 2.474344144155282699e-02 4.948688288310587602e-02 7.423032432465870301e-02 9.897376576621152999e-02 1.237172072077645790e-01 1.484606486493174060e-01 1.732040900908702330e-01 1.979475315324232820e-01 2.226909729739761090e-01 2.474344144155289360e-01 2.721778558570817630e-01 2.969212972986348120e-01 3.216647387401876390e-01 3.464081801817406880e-01 3.711516216232932930e-01 3.958950630648463420e-01 4.206385045063991690e-01 4.453819459479522180e-01 4.701253873895050450e-01 4.948688288310578720e-01
0.000000000000000000e+00 2.453581308617591716e-02 4.907162617235183433e-02 7.360743925852775149e-02 9.814325234470366865e-02 1.226790654308795858e-01 1.472148785170555030e-01 1.717506916032314201e-01 1.962865046894073373e-01 2.208223177755832545e-01 2.453581308617591716e-01 2.698939439479350888e-01 2.944297570341110060e-01 3.189655701202869231e-01 3.435013832064628403e-01 3.680371962926387575e-01 3.925730093788144526e-01 4.171088224649903697e-01 4.416446355511665089e-01 4.661804486373424261e-01 4.907162617235183433e-01
0.000000000000000000e+00 2.467292947859944796e-02 4.934585895719867388e-02 7.401878843579789979e-02 9.869171791439734776e-02 1.233646473929965737e-01 1.480375768715960216e-01 1.727105063501952475e-01 1.973834358287944735e-01 2.220563653073939214e-01 2.467292947859931473e-01 2.714022242645925953e-01 2.960751537431918212e-01 3.207480832217912692e-01 3.454210127003904951e-01 3.700939421789899431e-01 3.947668716575889469e-01 4.194398011361883949e-01 4.441127306147878429e-01 4.687856600933870688e-01 4.934585895719865167e-01
0.000000000000000000e+00 2.456957181378727206e-02 4.913914362757454413e-02 7.370871544136159415e-02 9.827828725514886621e-02 1.228478590689361383e-01 1.474174308827234103e-01 1.719870026965106824e-01 1.965565745102977324e-01 2.211261463240850045e-01 2.456957181378720545e-01 2.702652899516595486e-01 2.948348617654468207e-01 3.194044335792338707e-01 3.439740053930211428e-01 3.685435772068084148e-01 3.931131490205954648e-01 4.176827208343827369e-01 4.422522926481700090e-01 4.668218644619572810e-01 4.913914362757445531e-01
0.000000000000000000e+00 2.463135078327693961e-02 4.926270156655387922e-02 7.389405234983081883e-02 9.852540313310775844e-02 1.231567539163846980e-01 1.477881046996616377e-01 1.724194554829385773e-01 1.970508062662155169e-01 2.216821570494924565e-01 2.463135078327696181e-01 2.709448586160463357e-01 2.955762093993234974e-01 3.202075601826002149e-01 3.448389109658773766e-01 3.694702617491543162e-01 3.941016125324312558e-01 4.187329633157079734e-01 4.433643140989851350e-01 4.679956648822620746e-01 4.926270156655390142e-01
0.000000000000000000e+00 2.460983162773522359e-02 4.921966325547044718e-02 7.382949488320567077e-02 9.843932651094111641e-02 1.230491581386763400e-01 1.476589897664115636e-01 1.722688213941470092e-01 1.968786530218820108e-01 2.214884846496174564e-01 2.460983162773526800e-01 2.707081479050879036e-01 2.953179795328233492e-01 3.199278111605585728e-01 3.445376427882940185e-01 3.691474744160290200e-01 3.937573060437644656e-01 4.183671376714996892e-01 4.429769692992351349e-01 4.675868009269703585e-01 4.921966325547053600e-01
0.000000000000000000e+00 2.450870263182602926e-02 4.901740526365228057e-02 7.352610789547853187e-02 9.803481052730478318e-02 1.225435131591308124e-01 1.470522157909570637e-01 1.715609184227833151e-01 1.960696210546093443e-01 2.205783236864355956e-01 2.450870263182618469e-01 2.695957289500878762e-01 2.941044315819141275e-01 3.186131342137403788e-01 3.431218368455666301e-01 3.676305394773926594e-01 3.921392421092189107e-01 4.166479447410451620e-01 4.411566473728714133e-01 4.656653500046976646e-01 4.901740526365234718e-01
0.000000000000000000e+00 2.464541410457044002e-02 4.929082820914088003e-02 7.393624231371132005e-02 9.858165641828198211e-02 1.232270705228524221e-01 1.478724846274228621e-01 1.725178987319933022e-01 1.971633128365637422e-01 2.218087269411344042e-01 2.464541410457048443e-01 2.710995551502752843e-01 2.957449692548459463e-01 3.203903833594161643e-01 3.450357974639868264e-01 3.696812115685572664e-01 3.943266256731279285e-01 4.189720397776981464e-01 4.436174538822688085e-01 4.682628679868392485e-01 4.929082820914099106e-01
0.000000000000000000e+00 2.460206165276646040e-02 4.920412330553292080e-02 7.380618495829938119e-02 9.840824661106584159e-02 1.230103082638325240e-01 1.476123699165989844e-01 1.722144315693654448e-01 1.968164932221319052e-01 2.214185548748983656e-01 2.460206165276650481e-01 2.706226781804315085e-01 2.952247398331979689e-01 3.198268014859644293e-01 3.444288631387311117e-01 3.690309247914973501e-01 3.936329864442640325e-01 4.182350480970304929e-01 4.428371097497969533e-01 4.674391714025636357e-01 4.920412330553298741e-01
0.000000000000000000e+00 2.462316300944311642e-02 4.924632601888601080e-02 7.386948902832890518e-02 9.849265203777179956e-02 1.231158150472149160e-01 1.477389780566580324e-01 1.723621410661009268e-01 1.969853040755438212e-01 2.216084670849867155e-01 2.462316300944298320e-01 2.708547931038729484e-01 2.954779561133158428e-01 3.201011191227587371e-01 3.447242821322016315e-01 3.693474451416447479e-01 3.939706081510878644e-01 4.185937711605307587e-01 4.432169341699736531e-01 4.678400971794165475e-01 4.924632601888596639e-01
0.000000000000000000e+00 2.466745191388586278e-02 4.933490382777172556e-02 7.400235574165781038e-02 9.866980765554367316e-02 1.233372595694295359e-01 1.480047114833153987e-01 1.726721633972014835e-01 1.973396153110873463e-01 2.220070672249732091e-01 2.466745191388592939e-01 2.713419710527451567e-01 2.960094229666310195e-01 3.206768748805171043e-01 3.453443267944029671e-01 3.700117787082888299e-01 3.946792306221746927e-01 4.193466825360607775e-01 4.440141344499466403e-01 4.686815863638327251e-01 4.933490382777183658e-01
0.000000000000000000e+00 2.464870460786983131e-02 4.929740921573988466e-02 7.394611382360971596e-02 9.859481843147954727e-02 1.232435230393496006e-01 1.478922276472194319e-01 1.725409322550894853e-01 1.971896368629593166e-01 2.218383414708291479e-01 2.464870460786992012e-01 2.711357506865690326e-01 2.957844552944390859e-01 3.204331599023089172e-01 3.450818645101787485e-01 3.697305691180488019e-01 3.943792737259188552e-01 4.190279783337886865e-01 4.436766829416585178e-01 4.683253875495283491e-01 4.929740921573984025e-01
0.000000000000000000e+00 2.463200806287724198e-02 4.926401612575448397e-02 7.389602418863194799e-02 9.852803225150918998e-02 1.231600403143864320e-01 1.477920483772636739e-01 1.724240564401411380e-01 1.970560645030183800e-01 2.216880725658956219e-01 2.463200806287730860e-01 2.709520886916503279e-01 2.955840967545275699e-01 3.202161048174048119e-01 3.448481128802822759e-01 3.694801209431595179e-01 3.941121290060369819e-01 4.187441370689140019e-01 4.433761451317914659e-01 4.680081531946687079e-01 4.926401612575461719e-01
0.000000000000000000e+00 2.443066374041613642e-02 4.886132748083205080e-02 7.329199122124818722e-02 9.772265496166410159e-02 1.221533187020802380e-01 1.465839824424963744e-01 1.710146461829122888e-01 1.954453099233284252e-01 2.198759736637443396e-01 2.443066374041604760e-01 2.687373011445766124e-01 2.931679648849925268e-01 3.175986286254086632e-01 3.420292923658247997e-01 3.664599561062407140e-01 3.908906198466568505e-01 4.153212835870729869e-01 4.397519473274889013e-01 4.641826110679050377e-01 4.886132748083211741e-01
0.000000000000000000e+00 2.471984179301256468e-02 4.943968358602512936e-02 7.415952537903769404e-02 9.887936717205025872e-02 1.235992089650626014e-01 1.483190507580751660e-01 1.730388925510877307e-01 1.977587343441002954e-01 2.224785761371128601e-01 2.471984179301252027e-01 2.719182597231377674e-01 2.966381015161503321e-01 3.213579433091631188e-01 3.460777851021752394e-01 3.707976268951878041e-01 3.955174686882003687e-01 4.202373104812131555e-01 4.449571522742257201e-01 4.696769940672378407e-01 4.943968358602506274e-01
0.000000000000000000e+00 2.467069758453299677e-02 4.934139516906621559e-02 7.401209275359921236e-02 9.868279033813243117e-02 1.233534879226656500e-01 1.480241855071986468e-01 1.726948830917318656e-01 1.973655806762648623e-01 2.220362782607980812e-01 2.467069758453310779e-01 2.713776734298642968e-01 2.960483710143972935e-01 3.207190685989305123e-01 3.453897661834637312e-01 3.700604637679965059e-01 3.947311613525297247e-01 4.194018589370629435e-01 4.440725565215961623e-01 4.687432541061293811e-01 4.934139516906621559e-01
0.000000000000000000e+00 2.450349787432171134e-02 4.900699574864320063e-02 7.351049362296468992e-02 9.801399149728617921e-02 1.225174893716078905e-01 1.470209872459293798e-01 1.715244851202508691e-01 1.960279829945725805e-01 2.205314808688940698e-01 2.450349787432155590e-01 2.695384766175372704e-01 2.940419744918587597e-01 3.185454723661802490e-01 3.430489702405017383e-01 3.675524681148234496e-01 3.920559659891449389e-01 4.165594638634666502e-01 4.410629617377879175e-01 4.655664596121096288e-01 4.900699574864311181e-01
0.000000000000000000e+00 2.464500918026590881e-02 4.929001836053181762e-02 7.393502754079772643e-02 9.858003672106363524e-02 1.232250459013295441e-01 1.478700550815954529e-01 1.725150642618613617e-01 1.971600734421272705e-01 2.218050826223931793e-01 2.464500918026590881e-01 2.710951009829249969e-01 2.957401101631909057e-01 3.203851193434568145e-01 3.450301285237227233e-01 3.696751377039888542e-01 3.943201468842547630e-01 4.189651560645204498e-01 4.436101652447863586e-01 4.682551744250524894e-01 4.929001836053183983e-01
0.000000000000000000e+00 2.471373259741338480e-02 4.942746519482676959e-02 7.414119779223993234e-02 9.885493038965331714e-02 1.235686629870664799e-01 1.482823955844798647e-01 1.729961281818932495e-01 1.977098607793064122e-01 2.224235933767197970e-01 2.471373259741329598e-01 2.718510585715463446e-01 2.965647911689597294e-01 3.212785237663731142e-01 3.459922563637860549e-01 3.707059889611994397e-01 3.954197215586128245e-01 4.201334541560262092e-01 4.448471867534395940e-01 4.695609193508525347e-01 4.942746519482659195e-01
0.000000000000000000e+00 2.479969083052080414e-02 4.959938166104183033e-02 7.439907249156285651e-02 9.919876332208388270e-02 1.239984541526049089e-01 1.487981449831257130e-01 1.735978358136467392e-01 1.983975266441677654e-01 2.231972174746887916e-01 2.479969083052098178e-01 2.727965991357306219e-01 2.975962899662516481e-01 3.223959807967726743e-01 3.471956716272937005e-01 3.719953624578145046e-01 3.967950532883355308e-01 4.215947441188565570e-01 4.463944349493775832e-01 4.711941257798986094e-01 4.959938166104194135e-01
0.000000000000000000e+00 2.463170469870301638e-02 4.926340939740581071e-02 7.389511409610882708e-02 9.852681879481162142e-02 1.231585234935146378e-01 1.477902281922176542e-01 1.724219328909204485e-01 1.970536375896234649e-01 2.216853422883262592e-01 2.463170469870292756e-01 2.709487516857322920e-01 2.955804563844350863e-01 3.202121610831381027e-01 3.448438657818411190e-01 3.694755704805439134e-01 3.941072751792469298e-01 4.187389798779499461e-01 4.433706845766529625e-01 4.680023892753557568e-01 4.926340939740585512e-01
0.000000000000000000e+00 2.465047678130516395e-02 4.930095356261010586e-02 7.395143034391526982e-02 9.860190712522043377e-02 1.232523839065253757e-01 1.479028606878305396e-01 1.725533374691354815e-01 1.972038142504406455e-01 2.218542910317458094e-01 2.465047678130507514e-01 2.711552445943559153e-01 2.958057213756608572e-01 3.204561981569662432e-01 3.451066749382709631e-01 3.697571517195761270e-01 3.944076285008812910e-01 4.190581052821864549e-01 4.437085820634916189e-01 4.683590588447963388e-01 4.930095356261015027e-01
0.000000000000000000e+00 2.467597362138418404e-02 4.935194724276836808e-02 7.402792086415255213e-02 9.870389448553695821e-02 1.233798681069209202e-01 1.480558417283053263e-01 1.727318153496892883e-01 1.974077889710736944e-01 2.220837625924578784e-01 2.467597362138420625e-01 2.714357098352262465e-01 2.961116834566104306e-01 3.207876570779946146e-01 3.454636306993787986e-01 3.701396043207632047e-01 3.948155779421471667e-01 4.194915515635313508e-01 4.441675251849155348e-01 4.688434988062999409e-01 4.935194724276841249e-01
