1.064129999999999967e+02 -2.250489999999999782e+03 -4.122340000000000146e+03 -5.173930000000000291e+03 -6.061899999999999636e+03 -6.510399999999999636e+03 -6.712529999999999745e+03 5.578110000000000355e+02 1.100439999999999969e+02 -3.288380000000000081e+01 -6.800900000000000034e+01 -8.583939999999999770e+01 1.517059999999999889e+02 2.399170000000000016e+02 3.308339999999999748e+01 2.397930000000000064e+02 -2.139830000000000041e+02 -6.884459999999999980e+01 -7.747060000000000457e+01 1.875190000000000055e+02 1.390190000000000055e+02
2.451260000000000048e+02 -2.167780000000000200e+03 -4.061070000000000164e+03 -5.121289999999999964e+03 -5.843010000000000218e+03 -6.521619999999999891e+03 -3.532329999999999927e+03 1.354670000000000130e+02 2.234840000000000089e+02 -1.722280000000000086e+02 1.583509999999999991e+02 -1.611459999999999866e+02 5.501449999999999818e+02 -8.827880000000000393e+01 -1.717680000000000007e+01 2.203959999999999866e+02 -5.800769999999999982e+01 1.796860000000000070e+02 -1.526459999999999866e+02 2.805799999999999983e+01 6.129520000000000124e+01
-1.095510000000000019e+02 -2.052449999999999818e+03 -3.994260000000000218e+03 -5.316359999999999673e+03 -6.276460000000000036e+03 -6.427409999999999854e+03 -6.571829999999999927e+03 -5.292029999999999745e+02 2.174159999999999968e+02 -3.900480000000000018e+02 1.646040000000000134e+02 6.049400000000000333e+00 7.262550000000000239e+01 1.632690000000000055e+02 -2.248069999999999879e+01 1.044060000000000059e+02 2.365869999999999891e+02 2.764169999999999732e+02 2.179269999999999925e+02 -1.373700000000000045e+02 2.604110000000000014e+02
-8.944110000000000582e+01 -2.472340000000000146e+03 -3.947960000000000036e+03 -5.236510000000000218e+03 -5.936819999999999709e+03 -6.501859999999999673e+03 -6.225119999999999891e+03 -2.440960000000000036e+03 -2.407380000000000109e+03 3.528029999999999688e+01 -1.991789999999999949e+01 -1.409499999999999886e+02 -2.345749999999999886e+02 4.656850000000000023e+01 -2.596470000000000056e+01 -5.822259999999999991e+01 3.696350000000000335e+01 -3.310570000000000164e+02 -7.454970000000000141e+01 7.192249999999999943e+01 1.674379999999999882e+02
-9.364260000000000161e+01 -2.335369999999999891e+03 -4.004809999999999945e+03 -5.217819999999999709e+03 -5.916609999999999673e+03 -6.455250000000000000e+03 -6.301399999999999636e+03 -1.253039999999999964e+03 1.098360000000000003e+00 -7.146599999999999397e+01 1.474510000000000076e+01 -6.528260000000000218e+01 2.755529999999999973e+02 -2.727200000000000273e+02 -9.433520000000000039e+01 9.234170000000000300e+01 5.040840000000000032e+01 1.809390000000000143e+01 -6.173190000000000310e+01 1.275610000000000070e+02 -1.110510000000000019e+02
2.722060000000000173e+02 -2.181079999999999927e+03 -4.113329999999999927e+03 -5.334220000000000255e+03 -6.273699999999999818e+03 -6.556449999999999818e+03 -6.200250000000000000e+03 -3.624580000000000268e+02 6.560229999999999784e+00 1.996440000000000055e+02 -4.336659999999999826e+01 2.161070000000000135e+01 -9.280029999999999291e+01 -1.713520000000000039e+02 -7.248770000000000380e+01 -6.121690000000000076e+00 1.593149999999999977e+02 -2.556889999999999930e+02 3.634040000000000159e+00 -8.371720000000000539e+01 -1.054549999999999983e+02
3.935319999999999823e+02 -2.212159999999999854e+03 -4.007800000000000182e+03 -5.302369999999999891e+03 -6.241670000000000073e+03 -6.594810000000000400e+03 -6.495140000000000327e+03 -3.932669999999999959e+02 -1.052060000000000031e+02 -3.756380000000000052e+01 2.549019999999999868e+02 -1.832489999999999952e+02 1.859519999999999982e+02 -2.448629999999999995e+02 1.627340000000000089e+02 3.054949999999999832e+01 1.437429999999999950e+02 1.570940000000000047e+01 -1.863149999999999977e+02 -9.921269999999999811e+01 3.299609999999999843e+01
4.650280000000000200e+02 -1.929140000000000100e+03 -4.163100000000000364e+03 -5.282079999999999927e+03 -6.060590000000000146e+03 -6.341850000000000364e+03 -6.450069999999999709e+03 -2.281789999999999964e+03 1.669890000000000043e+02 -3.866480000000000246e+02 3.995819999999999794e+01 -1.633940000000000055e+02 2.957060000000000173e+02 -1.327930000000000064e+02 1.057759999999999962e+02 3.173290000000000077e+02 -1.091560000000000059e+02 -1.398959999999999866e+02 3.039890000000000114e+01 -1.491450000000000102e+02 1.444910000000000139e+02
-3.950070000000000192e+01 -2.574869999999999891e+03 -4.750180000000000291e+03 -5.726579999999999927e+03 -6.309020000000000437e+03 -6.222779999999999745e+03 -5.328600000000000364e+03 3.724560000000000173e+02 2.907110000000000127e+02 -2.488280000000000030e+02 3.269939999999999714e+01 -1.582959999999999923e+02 8.038540000000000418e+01 1.355809999999999889e+02 1.316959999999999980e+02 3.702689999999999770e+01 3.184309999999999974e+01 1.086530000000000058e+02 1.872680000000000007e+02 2.558620000000000161e+01 -1.018900000000000006e+02
-2.989159999999999968e+02 -2.656920000000000073e+03 -4.369029999999999745e+03 -5.446579999999999927e+03 -6.129840000000000146e+03 -6.484619999999999891e+03 -6.211409999999999854e+03 1.050939999999999941e+02 3.886220000000000141e+01 -4.722509999999999764e+01 1.602649999999999864e+02 4.398969999999999914e+01 -1.749050000000000011e+02 -7.659019999999999584e+01 2.786370000000000005e+02 -6.908619999999999983e+00 2.471769999999999801e+00 5.485710000000000264e+01 1.245379999999999932e+01 -2.720009999999999764e+02 1.327150000000000034e+02
2.201109999999999900e+01 -2.233559999999999945e+03 -4.158739999999999782e+03 -5.243550000000000182e+03 -6.064979999999999563e+03 -6.511229999999999563e+03 -6.215449999999999818e+03 3.896000000000000085e+01 -5.117730000000000246e+01 -1.284879999999999995e+02 -1.167969999999999970e+02 -1.909559999999999889e+02 4.531199999999999761e+01 6.865250000000000341e+01 -1.261970000000000027e+02 1.048919999999999959e+02 -1.228679999999999994e+00 -5.032770000000000010e+01 7.303079999999999927e+01 -4.008229999999999649e+01 1.734219999999999970e+02
4.056510000000000105e+01 -2.217030000000000200e+03 -4.088670000000000073e+03 -5.459939999999999600e+03 -6.048239999999999782e+03 -6.443819999999999709e+03 -6.383260000000000218e+03 -1.651510000000000105e+02 2.591410000000000196e+02 -1.382139999999999986e+02 4.128079999999999750e+00 1.097090000000000032e+02 1.414379999999999882e+02 1.319230000000000018e+02 1.096269999999999953e+02 1.590320000000000107e+02 -2.244450000000000145e+01 1.671869999999999834e+01 1.901899999999999977e+02 -1.791649999999999920e+02 -1.889730000000000132e+02
-2.743210000000000264e+02 -2.492510000000000218e+03 -4.425039999999999964e+03 -5.498659999999999854e+03 -6.127609999999999673e+03 -6.662810000000000400e+03 -6.473819999999999709e+03 -2.519420000000000073e+02 9.810209999999999297e+01 8.630349999999999966e+01 3.805729999999999791e+02 -1.290410000000000057e+00 1.061929999999999978e+02 -3.577850000000000250e+02 1.484229999999999983e+01 8.924949999999999761e+01 -3.715030000000000143e+01 2.148300000000000125e+02 -2.104459999999999980e+02 -5.671329999999999671e+01 -9.221460000000000434e+01
-1.952959999999999923e+02 -2.311239999999999782e+03 -3.965710000000000036e+03 -5.238189999999999600e+03 -6.136479999999999563e+03 -6.495229999999999563e+03 -6.537539999999999964e+03 6.418040000000000589e+01 1.553750000000000000e+02 -1.310130000000000052e+02 -2.902950000000000159e+02 2.066229999999999905e+02 7.076749999999999829e+01 6.965449999999999697e+00 -1.172169999999999987e+02 -1.613009999999999877e+02 -1.740900000000000034e+02 1.471620000000000061e+02 1.003509999999999991e+02 -4.754090000000000060e+01 -5.158879999999999910e+01
-2.537659999999999911e+02 -2.435050000000000182e+03 -4.239380000000000109e+03 -5.393199999999999818e+03 -6.012850000000000364e+03 -6.477970000000000255e+03 -6.483270000000000437e+03 5.378440000000000509e+02 -3.290010000000000190e+01 -1.234380000000000024e+02 -2.790760000000000218e+02 -9.977550000000000807e+00 -2.201769999999999783e+00 2.788129999999999882e+02 -1.063220000000000027e+02 -9.370340000000000202e+01 -1.803739999999999952e+02 -2.367529999999999859e+02 -2.724010000000000176e+01 7.763309999999999889e+01 -1.744060000000000059e+02
-1.253319999999999936e+02 -2.291130000000000109e+03 -3.975360000000000127e+03 -5.343510000000000218e+03 -5.857899999999999636e+03 -6.471520000000000437e+03 -6.528609999999999673e+03 -2.378260000000000218e+03 -2.078209999999999980e+02 2.366999999999999886e+02 7.563379999999999370e+01 -7.519280000000000541e+01 -7.243770000000000664e+01 2.004339999999999975e+02 6.585809999999999320e+01 1.048220000000000027e+02 4.626769999999999783e+01 1.982529999999999859e+02 -1.306029999999999980e+01 -7.671009999999999707e+01 3.600470000000000255e+02
7.733520000000000039e+01 -2.847780000000000200e+03 -4.042550000000000182e+03 -5.362829999999999927e+03 -6.316880000000000109e+03 -6.588229999999999563e+03 -6.470329999999999927e+03 -9.380950000000000273e+02 -1.462379999999999995e+02 -1.211350000000000051e+02 1.528540000000000134e+02 -1.006830000000000069e+02 -1.285029999999999859e+02 -2.844590000000000032e+02 -1.973880000000000052e+02 -6.483660000000000423e+01 1.245810000000000031e+02 -1.200439999999999969e+02 -1.767129999999999939e+02 7.005069999999999908e+00 5.884219999999999828e+01
-1.075210000000000008e+02 -2.538510000000000218e+03 -4.027059999999999945e+03 -5.320500000000000000e+03 -6.113630000000000109e+03 -6.503460000000000036e+03 -6.509609999999999673e+03 6.101799999999999500e+02 -1.533040000000000020e+02 -3.036809999999999832e+02 -1.358499999999999943e+02 2.181330000000000098e+02 3.160690000000000168e+02 -1.671289999999999907e+02 -4.522429999999999950e+01 2.750889999999999986e+02 -2.733079999999999927e+02 2.530550000000000068e+02 -2.210999999999999943e+02 -8.367109999999999559e+01 5.418200000000000216e+01
1.192430000000000057e+01 -2.367360000000000127e+03 -4.345100000000000364e+03 -5.503479999999999563e+03 -6.150619999999999891e+03 -6.743739999999999782e+03 -6.443229999999999563e+03 -1.178359999999999900e+03 -1.491930000000000121e+02 -3.661280000000000001e+01 8.402290000000000703e+01 -5.868110000000000070e+01 -3.627400000000000091e+01 -2.412389999999999901e+01 1.320730000000000075e+02 1.217369999999999948e+02 -6.970699999999999363e+01 1.790550000000000068e+02 -7.143470000000000653e+01 -7.509940000000000282e+00 3.270190000000000197e+01
-2.727669999999999959e+02 -2.340059999999999945e+03 -4.110489999999999782e+03 -5.258470000000000255e+03 -5.957289999999999964e+03 -6.615739999999999782e+03 -6.545479999999999563e+03 -6.134900000000000091e+02 1.647899999999999920e+02 9.528770000000000095e+01 -3.674350000000000023e+02 -1.732750000000000057e+02 -1.450449999999999875e+02 6.689900000000000091e+01 -1.043040000000000020e+02 5.331700000000000017e+01 -5.972099999999999653e+01 -2.766990000000000123e+02 1.891250000000000000e+02 -1.258529999999999944e+02 1.218130000000000024e+02
1.996390000000000100e+02 -2.253869999999999891e+03 -4.318130000000000109e+03 -5.309170000000000073e+03 -5.978100000000000364e+03 -6.434000000000000000e+03 -6.520090000000000146e+03 -5.363170000000000073e+03 1.766889999999999930e+02 1.418849999999999909e+02 4.531250000000000000e+01 7.158459999999999468e+01 -3.546629999999999683e+01 -3.280429999999999779e+01 1.367609999999999957e+02 -4.218549999999999756e+01 -4.901180000000000092e+01 1.589530000000000030e+02 -2.012750000000000057e+02 -1.589869999999999948e+02 -1.022540000000000049e+02
-1.891930000000000121e+02 -2.373239999999999782e+03 -4.406189999999999600e+03 -5.357119999999999891e+03 -6.020460000000000036e+03 -6.522590000000000146e+03 -6.330079999999999927e+03 -8.589030000000000200e+02 -1.162729999999999961e+02 7.690049999999999386e+01 1.902709999999999866e+02 -7.886589999999999634e+01 4.467660000000000053e+01 6.772990000000000066e+01 -3.756800000000000139e+00 -1.553209999999999980e+02 4.711599999999999966e+01 1.407559999999999967e+01 -6.000059999999999860e+01 1.199789999999999992e+02 1.270769999999999982e+02
3.188129999999999882e+02 -2.113409999999999854e+03 -3.850280000000000200e+03 -5.285869999999999891e+03 -5.963630000000000109e+03 -6.464250000000000000e+03 -6.398640000000000327e+03 -3.007239999999999895e+02 1.068020000000000067e+02 -7.132800000000000296e+01 -1.060520000000000067e+02 1.085629999999999917e+01 -7.399709999999999788e+00 9.987919999999999732e+01 -3.714189999999999827e+02 1.140960000000000036e+02 -1.494600000000000080e+02 3.489460000000000264e+02 -6.344500000000000028e+01 -9.767119999999999891e+01 2.136809999999999832e+01
-5.562879999999999825e+01 -2.474480000000000018e+03 -4.425819999999999709e+03 -5.350119999999999891e+03 -6.208340000000000146e+03 -6.455939999999999600e+03 -4.536310000000000400e+03 9.982729999999999393e+01 -1.516939999999999884e+02 5.438660000000000139e+01 1.094270000000000067e+02 -1.610500000000000114e+02 1.690099999999999980e+01 3.067529999999999859e+02 2.553050000000000068e+02 1.640689999999999884e+02 3.758070000000000164e+02 3.666619999999999777e+02 -7.054470000000000596e+01 -3.576840000000000259e+02 1.580910000000000082e+02
-5.207289999999999708e+01 -2.486940000000000055e+03 -4.225720000000000255e+03 -5.440159999999999854e+03 -6.105550000000000182e+03 -6.519750000000000000e+03 -6.799289999999999964e+03 -2.691409999999999854e+03 -2.287700000000000102e+02 -2.826360000000000028e+01 2.278500000000000014e+01 -1.982340000000000089e+02 3.012520000000000095e+02 1.220430000000000064e+02 1.679970000000000141e+02 -9.102370000000000516e+01 -3.640729999999999933e+01 -5.028659999999999997e+01 7.189560000000000173e+01 -3.442179999999999751e+01 -3.480199999999999960e+01
1.891610000000000014e+02 -2.369909999999999854e+03 -3.980659999999999854e+03 -5.529930000000000291e+03 -6.115569999999999709e+03 -6.348810000000000400e+03 -6.296449999999999818e+03 -6.387509999999999764e+02 -8.253109999999999502e+01 -9.478220000000000312e+01 -2.818430000000000177e+02 2.069610000000000127e+02 -1.850490000000000066e+02 -9.487009999999999366e+01 -4.714900000000000091e+02 1.012450000000000045e+02 2.513419999999999987e+01 -3.356370000000000005e+02 2.952930000000000064e+02 -1.741980000000000075e+02 -1.612299999999999898e+02
2.950289999999999964e+02 -2.226130000000000109e+03 -4.100859999999999673e+03 -5.264890000000000327e+03 -6.194649999999999636e+03 -6.476720000000000255e+03 -6.598390000000000327e+03 -5.673600000000000136e+02 7.628000000000000114e+01 -1.433160000000000025e+02 3.963620000000000232e+01 -7.506480000000000530e+01 2.147400000000000091e+02 -1.214920000000000044e+02 2.542539999999999978e+01 1.835850000000000080e+02 -4.232840000000000202e+01 8.987130000000000507e+00 -1.933280000000000030e+02 -1.687949999999999875e+02 -7.412090000000000600e+01
5.990699999999999648e+01 -2.100449999999999818e+03 -3.995139999999999873e+03 -5.268250000000000000e+03 -6.024829999999999927e+03 -6.328350000000000364e+03 -6.666039999999999964e+03 -2.638619999999999891e+03 -4.401370000000000005e+02 -6.786849999999999454e+02 2.569399999999999977e+02 -4.890009999999999764e+02 9.494219999999999970e+01 2.150430000000000064e+02 1.225349999999999966e+02 -1.340999999999999943e+02 2.662989999999999782e+02 1.065060000000000002e+02 1.139329999999999998e+01 6.059649999999999892e+01 1.182030000000000030e+02
3.127680000000000149e+01 -2.641619999999999891e+03 -4.369750000000000000e+03 -5.638210000000000036e+03 -6.139279999999999745e+03 -6.563050000000000182e+03 -6.235569999999999709e+03 -1.074109999999999900e+03 -8.156950000000000500e+02 -5.735139999999999816e+01 1.599350000000000023e+02 2.125740000000000123e+02 1.218100000000000023e+02 8.959329999999999927e+01 -1.096149999999999949e+02 1.995420000000000016e+02 -8.316639999999999588e+01 -8.789919999999999334e+01 -2.953319999999999936e+02 1.279849999999999994e+02 -1.507400000000000091e+02
1.156089999999999947e+02 -2.136440000000000055e+03 -3.932599999999999909e+03 -5.433810000000000400e+03 -6.308430000000000291e+03 -6.374170000000000073e+03 -6.434000000000000000e+03 -3.458450000000000273e+02 -4.764979999999999905e+01 9.737270000000000536e+00 1.093760000000000048e+02 -1.948089999999999975e+02 6.068330000000000268e+01 -4.294579999999999842e+01 4.035980000000000132e+02 1.426009999999999991e+02 -9.393900000000000361e+00 -2.032239999999999824e+01 -3.960580000000000211e+01 -7.437520000000000664e+01 1.797810000000000059e+02
4.671449999999999818e+02 -2.111940000000000055e+03 -3.813090000000000146e+03 -5.348970000000000255e+03 -5.974390000000000327e+03 -6.339619999999999891e+03 -6.495739999999999782e+03 -2.807470000000000141e+02 6.950339999999999918e+01 -6.551739999999999675e+00 8.626850000000000307e+01 -6.950499999999999545e+01 -1.829009999999999891e+01 9.381940000000000168e+01 2.268700000000000045e+02 -1.649019999999999868e+02 9.238389999999999702e+01 1.340230000000000032e+01 1.182680000000000007e+02 -1.960140000000000100e+02 4.156819999999999737e+01
1.743499999999999943e+02 -2.468289999999999964e+03 -4.200500000000000000e+03 -5.082409999999999854e+03 -6.047649999999999636e+03 -6.336949999999999818e+03 -6.109060000000000400e+03 2.014149999999999920e+02 1.461359999999999957e+02 1.231790000000000020e+02 -3.097119999999999891e+02 7.952830000000000155e+01 -1.606100000000000136e+02 -1.937390000000000043e+02 -1.881560000000000059e+02 -1.384679999999999911e+00 -1.845050000000000079e+00 -1.917390000000000043e+02 2.375480000000000018e+02 1.447179999999999893e+02 -1.412760000000000105e+02
-1.556550000000000011e+02 -2.378119999999999891e+03 -4.232289999999999964e+03 -5.429659999999999854e+03 -6.246380000000000109e+03 -6.641020000000000437e+03 -5.014449999999999818e+03 -2.411440000000000055e+02 -3.523439999999999941e+02 2.335180000000000007e+02 -3.772469999999999857e+01 -1.243559999999999945e+02 -3.085379999999999967e+01 1.209399999999999977e+02 -1.199749999999999943e+02 -1.611020000000000039e+02 -1.464639999999999986e+02 -1.437580000000000098e+02 -2.472980000000000018e+02 2.566150000000000091e+02 -2.648990000000000009e+02
1.706570000000000107e+02 -2.249920000000000073e+03 -3.873780000000000200e+03 -5.057340000000000146e+03 -6.197109999999999673e+03 -6.297729999999999563e+03 -6.219859999999999673e+03 -4.811899999999999977e+02 1.348199999999999932e+02 -4.036390000000000100e+02 9.239329999999999643e+01 -4.733720000000000283e+01 -6.984519999999999840e+00 9.525700000000000500e+01 -2.834730000000000132e+02 -2.781810000000000116e+01 -7.395040000000000191e+01 -2.278160000000000025e+02 -8.728459999999999752e+01 -2.170469999999999899e+01 -1.543940000000000055e+02
-5.884230000000000160e+01 -2.636010000000000218e+03 -4.164170000000000073e+03 -5.661390000000000327e+03 -6.275920000000000073e+03 -6.558859999999999673e+03 -6.434090000000000146e+03 -2.589920000000000186e+02 -1.585449999999999982e+01 1.781050000000000111e+01 -3.287469999999999892e+00 3.668310000000000315e+01 -2.111339999999999861e+01 2.826129999999999995e+02 1.002229999999999990e+02 3.799810000000000088e+01 1.204519999999999946e+01 1.630680000000000121e+02 1.345459999999999923e+02 -2.012890000000000157e+01 9.438280000000000314e+01
-1.725819999999999936e+02 -2.548300000000000182e+03 -3.908360000000000127e+03 -5.330670000000000073e+03 -6.136569999999999709e+03 -6.471029999999999745e+03 -6.685130000000000109e+03 -1.501289999999999964e+03 2.556140000000000043e+02 -6.580049999999999955e+01 1.181029999999999944e+02 -6.924670000000000414e+01 3.640429999999999922e+01 -2.078959999999999866e+02 3.538400000000000034e+01 4.037749999999999950e+00 4.567360000000000042e+01 8.134640000000000271e+01 -3.755010000000000048e+01 -4.978459999999999752e+01 -4.955649999999999977e+01
-2.903699999999999903e+01 -2.191639999999999873e+03 -3.879690000000000055e+03 -5.013680000000000291e+03 -6.076489999999999782e+03 -6.498810000000000400e+03 -5.529680000000000291e+03 2.606530000000000200e+02 -2.599750000000000227e+02 -3.823500000000000227e+02 8.402280000000000371e+01 -1.877400000000000091e+02 1.084590000000000032e+02 2.754050000000000153e+01 1.727129999999999939e+02 2.500049999999999883e+01 -2.052290000000000134e+02 1.229489999999999981e+02 -2.033400000000000034e+02 -3.462219999999999800e+02 -7.575060000000000571e+01
-1.413969999999999914e+02 -2.629440000000000055e+03 -4.058880000000000109e+03 -5.276119999999999891e+03 -5.893859999999999673e+03 -6.331720000000000255e+03 -6.532710000000000036e+03 -7.038669999999999618e+02 2.651610000000000014e+02 -1.253829999999999956e+02 6.101149999999999629e-01 1.250890000000000057e+01 -2.705059999999999931e+01 -1.548520000000000039e+02 -2.890249999999999773e+02 9.700739999999999919e-01 7.145260000000000389e+01 7.887460000000000093e+01 3.311100000000000136e+02 -3.383270000000000266e+01 -1.741839999999999975e+02
2.677889999999999873e+02 -2.120070000000000164e+03 -3.912539999999999964e+03 -5.254199999999999818e+03 -6.148390000000000327e+03 -6.418050000000000182e+03 -6.477329999999999927e+03 -4.263790000000000191e+01 2.753849999999999909e+02 -1.527930000000000064e+02 -1.130390000000000015e+02 1.378820000000000050e+02 8.060150000000000148e+01 -6.447849999999999682e+01 -1.772200000000000131e+01 5.035629999999999740e+01 -1.726990000000000123e+02 4.875229999999999841e-01 -4.567349999999999710e+01 -2.856149999999999878e+01 -2.077930000000000064e+02
-3.345380000000000109e+02 -2.556750000000000000e+03 -4.449569999999999709e+03 -5.174409999999999854e+03 -6.377250000000000000e+03 -6.625289999999999964e+03 -4.820560000000000400e+03 8.111470000000000482e+02 -3.190980000000000132e+02 -1.200799999999999912e+01 1.618770000000000095e+02 -3.893439999999999657e+01 1.548180000000000121e+02 -7.204590000000000316e+01 2.563500000000000227e+02 -2.109450000000000003e+01 1.920819999999999936e+02 2.744150000000000134e+01 7.852849999999999397e+01 -4.198049999999999926e+01 4.237859999999999872e+01
1.432769999999999868e+02 -2.446349999999999909e+03 -4.286090000000000146e+03 -5.377140000000000327e+03 -5.993380000000000109e+03 -6.479180000000000291e+03 -6.469829999999999927e+03 1.383829999999999927e+03 -3.746490000000000009e+02 2.699429999999999836e+02 8.362269999999999470e+01 1.007950000000000017e+02 -1.183580000000000041e+02 -7.163679999999999382e+01 7.776789999999999736e+01 1.103659999999999997e+02 -1.984089999999999918e+02 4.992660000000000053e+01 -1.779600000000000080e+02 1.139260000000000019e+02 3.860600000000000165e+01
-4.091919999999999646e+01 -2.267619999999999891e+03 -4.241680000000000291e+03 -5.371619999999999891e+03 -6.075550000000000182e+03 -6.449229999999999563e+03 -6.009789999999999964e+03 -1.175580000000000069e+02 7.366209999999999525e+01 2.541750000000000114e+02 -2.276610000000000014e+02 1.533899999999999864e+02 2.539960000000000093e+02 1.010100000000000087e+01 -2.037030000000000030e+02 -4.045819999999999794e+01 -1.625190000000000055e+02 4.132589999999999719e+01 2.932980000000000018e+02 -3.489370000000000260e+01 -7.562510000000000332e+01
4.071820000000000306e+01 -2.486250000000000000e+03 -4.125819999999999709e+03 -5.055840000000000146e+03 -6.030810000000000400e+03 -6.423800000000000182e+03 -6.682970000000000255e+03 -1.321889999999999930e+02 1.417330000000000041e+02 -1.594310000000000116e+02 -2.772189999999999941e+02 4.844450000000000145e+00 -2.058710000000000093e+02 -1.486260000000000048e+02 -3.675389999999999873e+02 1.742610000000000170e+01 -1.685010000000000048e+02 2.236920000000000073e+02 2.863580000000000041e+02 -8.599099999999999966e+01 -3.729420000000000179e+00
-2.091390000000000100e+02 -2.202769999999999982e+03 -4.003110000000000127e+03 -5.282380000000000109e+03 -6.018170000000000073e+03 -6.416850000000000364e+03 -5.877329999999999927e+03 -6.435470000000000255e+02 8.895959999999999468e+01 -1.963619999999999877e+01 -9.843380000000000507e+01 3.254079999999999728e+01 -2.676890000000000214e+02 1.499770000000000039e+02 -6.680169999999999675e+01 -1.422119999999999962e+01 -2.245399999999999920e+02 -4.345669999999999789e+01 -3.417640000000000100e+01 -5.278000000000000114e+01 6.058299999999999841e+01
6.738429999999999609e+02 -2.264900000000000091e+03 -3.789820000000000164e+03 -5.004640000000000327e+03 -5.805159999999999854e+03 -6.694949999999999818e+03 -5.643659999999999854e+03 -6.537550000000000239e+01 -1.366279999999999859e+02 1.551179999999999950e+02 -5.019109999999999872e+01 -1.129050000000000011e+02 8.647119999999999607e+01 -5.181609999999999872e+01 1.408360000000000127e+02 3.459250000000000114e+01 -1.021979999999999933e+02 2.252230000000000132e+02 2.086039999999999850e+01 -1.201509999999999962e+02 2.682749999999999773e+02
-1.411020000000000039e+02 -2.544119999999999891e+03 -3.806300000000000182e+03 -5.569529999999999745e+03 -6.199359999999999673e+03 -6.538909999999999854e+03 -3.659719999999999800e+03 -4.083670000000000186e+02 -1.333559999999999945e+02 -9.246850000000000591e+01 2.230369999999999919e+01 5.241250000000000142e+01 8.004630000000000223e+01 -1.325209999999999866e+02 6.373449999999999704e+01 3.256250000000000089e+00 1.396289999999999907e+02 -8.332959999999999923e+01 3.827439999999999998e+01 -2.381830000000000069e+01 -1.090649999999999977e+02
-1.838569999999999993e+01 -2.619690000000000055e+03 -4.264029999999999745e+03 -5.271060000000000400e+03 -6.059810000000000400e+03 -6.488350000000000364e+03 -5.599489999999999782e+03 2.415649999999999977e+02 -2.519710000000000036e+02 -1.767870000000000061e+02 1.435250000000000057e+02 -1.908979999999999961e+02 2.175629999999999882e+02 -2.553259999999999934e+02 -1.544710000000000036e+02 2.414730000000000132e+02 8.698449999999999704e+01 -7.466389999999999816e+01 -2.861680000000000135e+01 -8.440130000000000621e+01 2.436880000000000024e+01
-2.832219999999999800e+02 -2.349079999999999927e+03 -4.213939999999999600e+03 -5.284880000000000109e+03 -6.192680000000000291e+03 -6.619439999999999600e+03 -5.992800000000000182e+03 -3.226809999999999945e+03 -3.324989999999999782e+03 -2.393980000000000018e+03 -1.559480000000000018e+03 -5.594509999999999650e+01 1.901719999999999899e+01 -2.066430000000000007e+02 -5.230650000000000546e+02 -2.033950000000000102e+02 1.598149999999999977e+02 2.605289999999999964e+02 -1.338810000000000002e+02 -5.366020000000000323e+01 4.270570000000000022e+01
4.770909999999999940e+01 -2.346420000000000073e+03 -3.879849999999999909e+03 -5.229750000000000000e+03 -6.079100000000000364e+03 -6.414539999999999964e+03 -6.476810000000000400e+03 -1.500430000000000064e+02 -1.250019999999999953e+02 4.365910000000000224e+01 7.976510000000000389e+01 -1.283849999999999909e+02 -3.657489999999999952e+01 9.187269999999999825e+00 9.628299999999999415e+00 -1.523660000000000139e+02 9.455599999999999739e+01 -2.109140000000000015e+01 -3.539189999999999969e+01 -1.553170000000000073e+02 -2.825679999999999836e+01
-4.081929999999999836e+02 -2.559219999999999800e+03 -4.138319999999999709e+03 -5.738670000000000073e+03 -6.079609999999999673e+03 -6.291949999999999818e+03 -5.805090000000000146e+03 -1.783129999999999882e+02 -1.921539999999999964e+02 -2.399310000000000116e+02 5.367719999999999914e+01 4.327069999999999794e+01 6.756300000000000239e+01 2.529570000000000007e+01 -1.928679999999999950e+02 -8.781220000000000425e+01 -1.081449999999999960e+02 7.282410000000000139e+01 1.067079999999999984e+02 -1.408789999999999907e+02 -2.232999999999999829e+01
-7.637720000000000198e+01 -2.421119999999999891e+03 -4.051639999999999873e+03 -5.561229999999999563e+03 -6.348840000000000146e+03 -6.567100000000000364e+03 -6.358279999999999745e+03 -2.544550000000000125e+02 -3.744039999999999679e+01 9.113129999999999598e+01 -2.207690000000000055e+02 -2.597440000000000282e+02 -4.224799999999999756e+01 -1.174260000000000081e+00 1.198020000000000067e+02 -1.957620000000000005e+02 -2.233160000000000025e+02 -1.507500000000000000e+02 4.778900000000000148e+01 -2.071270000000000095e+02 -7.819620000000000459e+01
-5.942810000000000059e+01 -2.286329999999999927e+03 -3.840800000000000182e+03 -5.238770000000000437e+03 -6.236359999999999673e+03 -6.300000000000000000e+03 -6.412430000000000291e+03 3.902930000000000064e+02 4.482300000000000040e+01 -4.097029999999999745e+02 -7.114180000000000348e+01 -8.622849999999999682e+00 -1.149330000000000069e+02 -8.724530000000000030e+01 -1.052469999999999999e+02 -2.391229999999999905e+02 1.293919999999999959e+01 2.963580000000000041e+02 -5.030810000000000315e+01 5.662969999999999970e+01 7.676319999999999766e+01
2.904560000000000173e+02 -1.909759999999999991e+03 -3.983190000000000055e+03 -5.110090000000000146e+03 -5.740130000000000109e+03 -6.385659999999999854e+03 -6.281060000000000400e+03 -4.972540000000000191e+02 1.668990000000000009e+02 5.028990000000000293e+01 -3.846009999999999707e+01 2.397690000000000055e+02 -1.102669999999999959e+02 -2.785219999999999914e+02 -5.457990000000000341e-01 -4.205019999999999669e+01 -8.713160000000000593e+01 2.793659999999999854e+02 2.050380000000000109e+02 -3.073100000000000023e+02 3.911350000000000193e+01
7.041549999999999727e+02 -1.986259999999999991e+03 -4.019420000000000073e+03 -4.977159999999999854e+03 -5.882199999999999818e+03 -6.397460000000000036e+03 -6.697970000000000255e+03 -2.682719999999999914e+02 4.983859999999999957e+01 -4.427559999999999718e+02 9.145959999999999468e+01 2.663450000000000273e+02 1.530910000000000082e+02 4.804200000000000159e+01 4.372990000000000066e+01 -1.590800000000000125e+02 -9.504829999999999757e+01 -3.364200000000000301e+01 -1.948000000000000114e+02 5.189220000000000255e+01 1.003260000000000041e+01
1.296719999999999970e+02 -2.247860000000000127e+03 -3.966239999999999782e+03 -5.231119999999999891e+03 -6.034890000000000327e+03 -6.522680000000000291e+03 -6.409979999999999563e+03 -9.026269999999999527e+02 -7.575249999999999773e+01 -9.024349999999999739e+01 -6.957410000000000139e+01 1.477719999999999914e+02 -1.000010000000000048e+02 -1.515509999999999877e+02 3.659680000000000177e+02 1.550339999999999918e+02 -2.353750000000000142e+01 -1.420099999999999909e+02 -9.951940000000000452e+01 -6.909780000000000655e+01 7.944280000000000541e+01
-3.227780000000000200e+02 -2.562420000000000073e+03 -4.175510000000000218e+03 -5.536050000000000182e+03 -5.941569999999999709e+03 -6.522579999999999927e+03 -2.291639999999999873e+03 1.186309999999999945e+03 -1.053780000000000001e+02 -3.429139999999999873e+02 5.142250000000000227e+02 -1.972249999999999943e+02 1.196440000000000055e+02 -7.336490000000000578e+01 2.777300000000000182e+02 2.896180000000000021e+01 2.900469999999999993e-01 -2.694569999999999936e+02 6.504000000000000625e+01 -1.406999999999999886e+02 7.872769999999999868e+01
-7.635269999999999868e+01 -2.596829999999999927e+03 -3.997280000000000200e+03 -5.520390000000000327e+03 -6.231180000000000291e+03 -6.450020000000000437e+03 -6.261979999999999563e+03 2.456260000000000048e+02 7.943630000000000280e+01 -8.464319999999999311e+01 -5.126330000000000098e+01 -7.330159999999999343e+01 2.575019999999999953e+01 2.642450000000000045e+02 3.465599999999999881e+01 -2.948949999999999818e+02 2.243590000000000089e+02 3.805280000000000200e+02 5.087219999999999942e+01 -1.566440000000000055e+02 -7.504380000000000273e+00
-2.068280000000000030e+02 -2.494789999999999964e+03 -4.395789999999999964e+03 -5.292050000000000182e+03 -6.121340000000000146e+03 -6.426640000000000327e+03 -6.353439999999999600e+03 -1.050889999999999986e+02 -2.016090000000000089e+02 3.571829999999999927e+02 -2.153040000000000020e+02 -7.540009999999999479e+01 -2.699460000000000264e+02 1.175340000000000060e+02 -8.333790000000000475e+01 -1.731090000000000089e+02 -2.651059999999999945e+02 -6.553199999999999648e+01 -1.956009999999999849e+01 7.115000000000000568e+01 1.483369999999999891e+02
3.002559999999999718e+02 -2.209489999999999782e+03 -4.164100000000000364e+03 -5.107020000000000437e+03 -5.801149999999999636e+03 -6.334989999999999782e+03 -6.669109999999999673e+03 -2.842829999999999927e+03 1.239800000000000040e+02 -6.768989999999999441e+01 -2.561510000000000105e+02 -2.862249999999999872e+01 7.216469999999999629e+01 5.734749999999999659e+01 -2.840759999999999863e+01 3.142950000000000088e+01 -1.131800000000000068e+02 1.126099999999999994e+02 1.567079999999999984e+02 -1.158880000000000052e+02 -1.113340000000000032e+02
-2.368580000000000041e+02 -2.367769999999999982e+03 -4.287340000000000146e+03 -5.571340000000000146e+03 -6.001939999999999600e+03 -6.287239999999999782e+03 -6.504210000000000036e+03 -5.443849999999999909e+02 -2.367709999999999937e+01 -6.813290000000000646e+01 -4.839320000000000022e+01 5.686560000000000059e+01 8.217640000000000100e+01 -2.048580000000000112e+01 -2.806619999999999848e+01 -7.604970000000000141e+01 1.610229999999999961e+02 1.603089999999999975e+02 -1.318220000000000027e+02 -5.547350000000000136e+01 3.551709999999999923e+00
-6.146920000000000073e+01 -2.204590000000000146e+03 -3.901960000000000036e+03 -5.477960000000000036e+03 -6.196760000000000218e+03 -6.589810000000000400e+03 -6.691159999999999854e+03 3.535889999999999986e+02 1.102379999999999995e+02 -1.423350000000000080e+02 -1.980629999999999882e+02 1.580569999999999879e+02 -1.515090000000000003e+01 8.494840000000000657e+01 -1.022639999999999958e+02 5.103499999999999659e+01 2.504670000000000130e+02 1.473180000000000121e+02 2.257640000000000100e+02 -1.119659999999999940e+02 -1.591220000000000141e+02
5.889730000000000132e+01 -2.335389999999999873e+03 -4.240899999999999636e+03 -5.383170000000000073e+03 -6.311520000000000437e+03 -6.403300000000000182e+03 -6.634649999999999636e+03 3.018589999999999804e+02 -8.673629999999999995e+01 3.559839999999999804e+02 -1.107779999999999987e+01 -1.621620000000000061e+02 -1.142349999999999994e+02 -1.992330000000000112e+01 2.098170000000000073e+02 -5.214699999999999847e+01 -8.686029999999999518e+01 -6.714350000000000307e+01 -6.062449999999999761e+01 -1.891690000000000111e+02 -1.265570000000000022e+02
-1.329439999999999884e+02 -2.641849999999999909e+03 -4.111520000000000437e+03 -5.569670000000000073e+03 -6.295279999999999745e+03 -6.517409999999999854e+03 -6.833720000000000255e+03 -2.199570000000000164e+03 -1.652220000000000027e+03 -1.651229999999999905e+02 -3.689970000000000283e+01 5.091250000000000142e+01 -2.716519999999999868e+01 1.157500000000000000e+02 2.332809999999999917e+01 -1.414909999999999890e+00 2.664060000000000059e+02 -5.853690000000000282e+01 1.203400000000000034e+02 -7.434130000000000393e+01 2.581379999999999768e+02
-3.270960000000000036e+02 -2.615579999999999927e+03 -4.173640000000000327e+03 -5.354409999999999854e+03 -6.251520000000000437e+03 -6.592659999999999854e+03 -6.297210000000000036e+03 -4.617149999999999750e+02 -7.071840000000000259e+01 1.634300000000000068e+02 -6.648739999999999384e+01 3.500430000000000064e+01 -3.861669999999999732e+02 1.026129999999999995e+02 3.182910000000000039e+01 1.141119999999999948e+02 -2.129869999999999948e+02 -2.057760000000000105e+02 2.351999999999999886e+02 -7.370080000000000098e+01 -4.345519999999999783e+01
3.149619999999999891e+02 -2.001259999999999991e+03 -4.437510000000000218e+03 -5.272729999999999563e+03 -6.170779999999999745e+03 -6.486850000000000364e+03 -6.290619999999999891e+03 -3.102500000000000000e+02 9.701240000000000308e+00 -3.099119999999999777e+02 -2.692269999999999754e+02 1.315719999999999956e+01 -3.113009999999999877e+02 -1.537400000000000091e+02 -2.549519999999999982e+02 1.699699999999999989e+02 -9.847440000000000282e+01 1.592929999999999957e+01 2.554979999999999905e+02 -1.622479999999999905e+02 -1.349939999999999998e+02
-1.172950000000000017e+02 -2.747260000000000218e+03 -4.406300000000000182e+03 -5.440479999999999563e+03 -6.095439999999999600e+03 -6.495140000000000327e+03 -6.142770000000000437e+03 -5.136480000000000246e+01 -9.566589999999999350e+01 -1.579939999999999998e+02 -1.970159999999999911e+02 1.788990000000000080e+01 -2.911290000000000191e+02 4.227000000000000313e+01 1.230240000000000045e+01 -3.861039999999999850e+01 3.180799999999999983e+01 -1.040520000000000067e+02 7.230629999999999313e+01 1.910999999999999943e+02 -1.810929999999999893e+02
5.362789999999999679e+01 -2.543099999999999909e+03 -4.159869999999999891e+03 -5.491569999999999709e+03 -6.059350000000000364e+03 -6.446529999999999745e+03 -6.413119999999999891e+03 -3.269909999999999854e+03 2.907420000000000186e+02 -7.676640000000000441e+01 -1.884679999999999893e+02 -1.840409999999999968e+01 -1.220810000000000031e+02 4.977900000000000347e+01 -3.524049999999999727e+01 3.671640000000000015e+01 8.621750000000000114e+01 -2.774639999999999986e+02 -2.732559999999999718e+02 2.828559999999999945e+02 8.788100000000000023e+01
2.801859999999999786e+02 -2.003289999999999964e+03 -4.211659999999999854e+03 -5.270250000000000000e+03 -6.058720000000000255e+03 -6.532600000000000364e+03 -6.736760000000000218e+03 -7.500760000000000218e+02 -6.052929999999999922e+01 -2.773900000000000077e+01 7.885829999999999984e+01 -2.776539999999999964e+02 1.267439999999999998e+02 -1.400049999999999955e+02 2.803249999999999886e+02 -8.268550000000000466e+01 6.119650000000000034e+01 6.987990000000000634e+01 -1.594819999999999993e+02 -1.630039999999999907e+02 2.453730000000000147e-02
2.071999999999999886e+02 -2.455289999999999964e+03 -4.262100000000000364e+03 -5.365050000000000182e+03 -6.072689999999999600e+03 -6.471380000000000109e+03 -6.041909999999999854e+03 -3.451610000000000156e+01 -9.169150000000000489e+01 -2.588639999999999759e+02 -1.675360000000000014e+02 -3.860759999999999792e+01 8.245059999999999434e+01 -2.319339999999999975e+02 -6.518389999999999418e+01 5.029030000000000200e+01 1.242850000000000010e+00 1.610269999999999868e+02 2.508739999999999881e+01 -7.855180000000000007e+01 3.061700000000000088e+01
-7.309470000000000312e+01 -2.636460000000000036e+03 -4.009630000000000109e+03 -5.277239999999999782e+03 -6.243329999999999927e+03 -6.422640000000000327e+03 -6.329409999999999854e+03 -6.315529999999999973e+02 7.285169999999999391e+01 6.219140000000000335e+00 1.192390000000000043e+02 -4.186999999999999744e+01 1.260919999999999987e+02 2.509370000000000118e+02 1.133580000000000041e+02 5.012800000000000011e+01 -7.827129999999999654e+01 2.108149999999999977e+02 2.067680000000000007e+02 -1.217249999999999943e+01 -2.064269999999999925e+02
-4.255850000000000222e+01 -2.413730000000000018e+03 -4.450119999999999891e+03 -5.348720000000000255e+03 -6.183409999999999854e+03 -6.251159999999999854e+03 -6.567630000000000109e+03 -2.026539999999999964e+03 -6.656539999999999964e+02 -1.321599999999999909e+03 -1.146490000000000009e+03 -1.173780000000000001e+02 -1.841059999999999945e+02 3.621070000000000277e+01 -2.009880000000000067e+01 -8.592149999999999466e+01 -1.395689999999999884e+02 -7.022990000000000066e+01 6.234799999999999898e+00 8.432909999999999684e+01 -5.062519999999999953e+01
-5.276440000000000197e+01 -2.348849999999999909e+03 -4.283800000000000182e+03 -5.398760000000000218e+03 -6.126960000000000036e+03 -6.541579999999999927e+03 -6.277390000000000327e+03 -2.470120000000000005e+02 1.663180000000000121e+02 1.476220000000000141e+02 -3.125350000000000250e+02 2.044530000000000030e+02 -1.867119999999999891e+02 1.785439999999999827e+01 -5.179220000000000113e+01 1.259300000000000068e+02 -1.576040000000000134e+02 -3.303840000000000110e+00 2.825070000000000050e+02 -5.391390000000000349e+00 2.184890000000000043e+02
-1.235699999999999932e+01 -2.438349999999999909e+03 -4.010059999999999945e+03 -5.467880000000000109e+03 -6.153619999999999891e+03 -6.390880000000000109e+03 -6.569500000000000000e+03 1.116670000000000073e+03 -1.861450000000000102e+02 -3.834049999999999727e+02 1.655250000000000057e+02 1.130840000000000067e+01 1.479840000000000089e+02 5.178990000000000293e+01 -8.877080000000000526e-01 6.461029999999999518e+01 1.297599999999999909e+02 -6.763949999999999818e+01 -1.091740000000000066e+02 -2.000490000000000066e+02 -3.002840000000000131e+01
-1.368240000000000123e+02 -2.529360000000000127e+03 -4.200470000000000255e+03 -5.240750000000000000e+03 -5.878270000000000437e+03 -6.670920000000000073e+03 -6.506289999999999964e+03 -2.102590000000000146e+03 -5.863739999999999952e+01 5.997010000000000218e+01 4.076590000000000202e+01 -1.267259999999999991e+02 9.364329999999999643e+01 -2.056550000000000011e+02 -4.089829999999999899e+01 3.165390000000000015e+01 -2.661250000000000071e+01 -1.393929999999999936e+01 -2.945969999999999800e+02 -8.607899999999999352e+01 -3.191390000000000171e+01
1.389180000000000064e+02 -2.350070000000000164e+03 -4.108560000000000400e+03 -5.586859999999999673e+03 -6.301819999999999709e+03 -6.520350000000000364e+03 -6.174439999999999600e+03 -4.266890000000000214e+02 -2.102709999999999866e+02 -8.273179999999999978e+00 -1.786649999999999920e+02 -9.566049999999999898e+01 2.140399999999999920e+02 7.722450000000000259e+00 -2.798669999999999902e+01 2.505709999999999980e+02 -1.295090000000000074e+01 1.689979999999999905e+02 -2.486860000000000070e+02 -1.062259999999999991e+02 1.022579999999999956e+02
-2.600889999999999986e+02 -2.728949999999999818e+03 -4.264989999999999782e+03 -5.379100000000000364e+03 -6.083500000000000000e+03 -6.498029999999999745e+03 -6.440850000000000364e+03 -7.569530000000000314e+01 5.563130000000000308e+01 -8.994759999999999422e+01 1.281129999999999995e+02 3.041510000000000047e-01 -1.962400000000000091e+02 -1.104819999999999993e+02 -4.522160000000000082e+02 -5.107520000000000238e+01 4.440079999999999671e+01 2.042889999999999873e+02 2.530130000000000052e+02 -4.138680000000000092e+01 1.990420000000000016e+02
-9.312659999999999627e+01 -2.074570000000000164e+03 -4.080360000000000127e+03 -5.448229999999999563e+03 -6.109619999999999891e+03 -6.388960000000000036e+03 -6.463619999999999891e+03 -4.617509999999999764e+02 -5.082099999999999795e+01 -1.480159999999999911e+02 -1.806870000000000118e+02 -7.313760000000000616e+01 -9.569720000000000226e+00 -1.306080000000000041e+02 9.364279999999999404e+01 1.468129999999999882e+02 -8.899290000000000589e+01 4.152359999999999900e+02 -1.311279999999999859e+02 -1.022099999999999937e+02 5.702369999999999806e+01
-1.456889999999999930e+02 -2.554179999999999836e+03 -4.168819999999999709e+03 -5.345760000000000218e+03 -5.903170000000000073e+03 -6.642680000000000291e+03 -6.704470000000000255e+03 8.618039999999999736e+02 5.524090000000000344e+01 -2.898629999999999995e+02 1.700010000000000048e+02 -1.798340000000000032e+02 6.998239999999999839e+01 -1.978340000000000032e+02 8.170879999999999654e+01 7.296529999999999738e+00 5.194129999999999825e+01 -3.402270000000000127e+00 -1.121430000000000007e+02 -4.314719999999999800e+01 6.326429999999999865e+01
-8.651300000000000878e+00 -2.293920000000000073e+03 -4.121300000000000182e+03 -5.669619999999999891e+03 -6.408449999999999818e+03 -6.660579999999999927e+03 -6.444529999999999745e+03 -5.815460000000000491e+02 1.677560000000000002e+02 -1.054509999999999934e+02 -3.373169999999999646e+01 1.703259999999999934e+02 3.519019999999999868e+02 -6.222159999999999913e-01 -2.116020000000000039e+02 -1.599569999999999936e+02 1.465829999999999984e+02 5.188470000000000226e+01 8.140470000000000539e+01 -1.696079999999999899e+01 -5.859170000000000300e+01
-3.881159999999999854e+02 -2.669420000000000073e+03 -4.424689999999999600e+03 -5.449229999999999563e+03 -5.933390000000000327e+03 -6.408079999999999927e+03 -6.565430000000000291e+03 -1.685869999999999891e+03 -1.302719999999999914e+02 -2.104919999999999902e+01 -1.777400000000000091e+02 3.140520000000000067e+01 -7.918649999999999523e+01 1.699610000000000127e+02 -3.765999999999999659e+01 -1.982609999999999957e+02 4.623449999999999704e+01 -1.210889999999999986e+02 -1.237169999999999987e+02 8.403319999999999368e+01 -4.660779999999999745e+01
2.763690000000000282e+02 -2.330809999999999945e+03 -3.830139999999999873e+03 -5.517979999999999563e+03 -6.162109999999999673e+03 -6.262579999999999927e+03 -6.347989999999999782e+03 -2.253039999999999964e+03 -1.285599999999999909e+03 -1.246400000000000091e+03 -1.185089999999999918e+03 -5.265220000000000482e+02 8.564039999999999964e+01 2.275800000000000125e+02 8.283509999999999707e+01 1.221119999999999948e+02 1.351800000000000068e+01 1.383619999999999948e+02 -2.192570000000000050e+02 -4.469509999999999650e+01 1.165079999999999956e+02
-2.683399999999999750e+02 -2.634380000000000109e+03 -4.507779999999999745e+03 -5.510630000000000109e+03 -6.313390000000000327e+03 -6.342930000000000291e+03 -6.386989999999999782e+03 5.761620000000000346e+02 1.981220000000000141e+02 -1.077729999999999961e+02 1.430430000000000064e+02 -6.307589999999999719e+01 1.215409999999999968e+02 -4.953929999999999723e+01 4.759789999999999850e+02 -6.462330000000000041e+01 -1.140249999999999986e+01 -2.906400000000000006e+01 9.467870000000000630e+01 4.430689999999999884e+01 1.102980000000000018e+02
1.837280000000000086e+02 -2.312199999999999818e+03 -3.965039999999999964e+03 -5.696640000000000327e+03 -6.101680000000000291e+03 -6.435989999999999782e+03 -6.453510000000000218e+03 -3.486100000000000136e+02 1.764569999999999936e+02 5.616499999999999915e+01 -1.771179999999999950e+02 7.613549999999999329e+01 -4.422200000000000273e+02 -3.946099999999999852e+01 -2.126500000000000057e+02 1.232729999999999926e+01 -1.476380000000000052e+02 -2.580380000000000109e+02 6.320400000000000063e+01 5.876239999999999952e+01 -1.505829999999999984e+02
-4.796809999999999832e+02 -2.526380000000000109e+03 -4.243310000000000400e+03 -5.777560000000000400e+03 -6.114850000000000364e+03 -6.657729999999999563e+03 -5.574159999999999854e+03 1.570680000000000064e+03 1.276290000000000013e+01 -1.762489999999999952e+02 -1.389399999999999977e+02 1.906009999999999991e+02 -1.424739999999999895e+02 -7.741200000000000614e+01 -3.362259999999999849e+01 -1.498499999999999943e+02 -5.531880000000000308e+01 1.016790000000000020e+02 6.929479999999999862e+00 -1.156820000000000022e+02 -1.287909999999999968e+02
-2.512119999999999891e+02 -2.507110000000000127e+03 -4.354760000000000218e+03 -5.421550000000000182e+03 -6.180600000000000364e+03 -6.482260000000000218e+03 -6.317920000000000073e+03 2.210720000000000027e+02 -9.157219999999999516e+01 -1.258209999999999980e+02 9.950109999999999388e+01 -2.280790000000000006e+01 2.524979999999999905e+02 2.036739999999999995e+00 1.180690000000000026e+02 9.885009999999999764e+01 -2.509939999999999927e+01 1.303580000000000041e+02 3.577909999999999968e+01 -2.898829999999999814e+02 1.103070000000000022e+02
1.533760000000000048e+02 -2.406050000000000182e+03 -3.961630000000000109e+03 -5.522130000000000109e+03 -6.080689999999999600e+03 -6.440789999999999964e+03 -6.204909999999999854e+03 -5.959429999999999694e+01 -1.627090000000000032e+02 -9.604800000000000182e+01 3.110120000000000005e+02 -8.930620000000000402e+01 3.687749999999999773e+01 -8.609540000000000859e+00 1.946210000000000093e+02 8.782129999999999370e+01 -1.012049999999999983e+02 -1.814319999999999879e+02 -7.841119999999999379e+01 -1.459070000000000107e+02 1.079290000000000020e+02
3.806290000000000191e+02 -2.277739999999999782e+03 -4.198899999999999636e+03 -5.347560000000000400e+03 -5.980340000000000146e+03 -6.447880000000000109e+03 -6.477140000000000327e+03 -2.544300000000000182e+03 -2.373889999999999873e+03 5.891689999999999827e+02 4.588730000000000331e+01 2.206380000000000052e+02 1.645200000000000102e+02 -2.891209999999999809e+02 -1.593909999999999911e+02 -2.202230000000000132e+02 5.357259999999999991e+02 1.987690000000000055e+02 -2.147750000000000057e+02 -3.124990000000000236e+02 -1.510989999999999966e+01
-1.511959999999999980e+02 -2.680190000000000055e+03 -4.478409999999999854e+03 -5.543909999999999854e+03 -6.087750000000000000e+03 -6.434029999999999745e+03 -6.478989999999999782e+03 -2.207270000000000039e+02 -1.906229999999999905e+02 -2.823700000000000045e+02 1.291450000000000102e+02 -4.641360000000000241e+02 7.144629999999999370e+01 -1.505060000000000002e+02 1.058769999999999953e+02 4.748969999999999914e+01 -7.844939999999999714e+01 -1.999499999999999886e+02 -3.040099999999999909e+02 1.275180000000000007e+02 -1.144399999999999977e+02
2.622379999999999995e+02 -2.088969999999999800e+03 -4.095170000000000073e+03 -5.422470000000000255e+03 -6.109630000000000109e+03 -6.710500000000000000e+03 -6.426460000000000036e+03 4.216129999999999995e+02 -4.661930000000000263e+01 -1.517709999999999866e+02 -1.324420000000000073e+02 -7.543210000000000548e+01 3.146639999999999873e+02 -1.718060000000000116e+02 -1.085960000000000036e+02 -2.140070000000000050e+02 -9.698709999999999809e+01 9.310960000000000036e+01 5.120980000000000132e+01 -9.229859999999999332e+01 9.717140000000000555e+01
2.089190000000000111e+02 -2.304420000000000073e+03 -4.154340000000000146e+03 -5.610770000000000437e+03 -6.201170000000000073e+03 -6.572750000000000000e+03 -6.558329999999999927e+03 -1.769160000000000082e+03 -1.937489999999999952e+02 -4.715480000000000018e+02 8.766410000000000480e+01 -6.331510000000000105e+01 -9.577960000000000207e+01 1.515999999999999943e+02 -1.528110000000000070e+02 -4.963190000000000168e+01 -8.989979999999999905e+01 -5.073160000000000025e+01 1.469970000000000141e+02 -5.730469999999999686e+01 1.061359999999999957e+02
-1.481250000000000000e+02 -2.295969999999999800e+03 -4.312170000000000073e+03 -5.490149999999999636e+03 -6.304989999999999782e+03 -6.608880000000000109e+03 -3.275570000000000164e+03 8.801349999999999341e+01 2.392170000000000130e+02 1.802019999999999982e+02 1.988419999999999987e+01 -3.157620000000000005e+01 -7.701449999999999818e+01 -1.117960000000000065e+02 4.999549999999999983e+01 -1.938350000000000080e+02 2.451419999999999888e+01 -3.010799999999999841e+02 -2.115260000000000105e+02 1.169309999999999938e+01 -1.609230000000000160e+01
-2.729060000000000059e+02 -2.533530000000000200e+03 -4.280189999999999600e+03 -5.311680000000000291e+03 -6.178739999999999782e+03 -6.432180000000000291e+03 -6.424569999999999709e+03 1.796129999999999995e+02 1.093159999999999954e+01 2.974330000000000140e+01 1.666889999999999930e+02 -1.404310000000000116e+02 -1.559470000000000027e+02 -1.402030000000000065e+01 3.133929999999999723e+02 1.650329999999999870e+02 -4.179339999999999833e+01 9.829099999999999682e+01 -2.579409999999999741e+02 -1.212289999999999992e+02 2.514699999999999989e+02
-7.168729999999999336e+01 -2.209780000000000200e+03 -3.993849999999999909e+03 -5.411390000000000327e+03 -6.080579999999999927e+03 -6.611770000000000437e+03 -6.702930000000000291e+03 3.215129999999999768e+02 7.005339999999999634e+01 -2.332179999999999893e+02 9.965829999999999700e+01 8.428350000000000364e+01 -2.219269999999999854e+00 1.096820000000000022e+02 -9.709749999999999659e+01 9.821080000000000609e+01 1.437100000000000080e+02 1.635049999999999955e+02 2.430670000000000073e+02 -2.003799999999999955e+02 2.538420000000000130e+02
-2.398669999999999902e+02 -2.390519999999999982e+03 -4.233970000000000255e+03 -5.378319999999999709e+03 -6.067350000000000364e+03 -6.471720000000000255e+03 -5.778000000000000000e+03 -3.452329999999999927e+03 -4.053369999999999891e+03 -4.521449999999999818e+03 -3.507869999999999891e+03 -2.622599999999999909e+03 -3.393670000000000073e+03 -3.225659999999999854e+03 -2.961599999999999909e+03 -1.545210000000000036e+03 9.998999999999999488e+01 -1.187690000000000055e+02 2.646429999999999723e+02 -2.675659999999999883e+01 2.498919999999999959e+02
-2.482249999999999943e+02 -2.571730000000000018e+03 -4.256020000000000437e+03 -5.461979999999999563e+03 -6.073770000000000437e+03 -6.333329999999999927e+03 -6.597109999999999673e+03 -9.958350000000000364e+02 1.953919999999999959e+02 -7.869329999999999359e+01 2.370180000000000007e+02 5.092649999999999721e+01 2.062800000000000011e+01 1.035849999999999937e+02 -4.345280000000000342e+01 -3.806000000000000227e+02 -1.683559999999999945e+02 -1.307529999999999859e+02 -2.340579999999999927e+02 -1.610469999999999970e+02 1.562769999999999868e+02
1.104030000000000058e+02 -2.188539999999999964e+03 -4.251329999999999927e+03 -5.280680000000000291e+03 -5.961949999999999818e+03 -6.546840000000000146e+03 -6.600020000000000437e+03 4.902429999999999950e+02 3.792019999999999982e+02 -1.966870000000000118e+02 3.688810000000000144e+01 1.231959999999999980e+02 -6.825039999999999907e+01 -1.636109999999999900e+02 -2.476949999999999932e+02 1.741819999999999879e+02 -1.662959999999999923e+02 -3.086880000000000024e+01 1.958779999999999859e+02 -1.425689999999999884e+02 1.568950000000000102e+02
-5.148179999999999978e+01 -2.436230000000000018e+03 -3.886159999999999854e+03 -5.319800000000000182e+03 -6.031989999999999782e+03 -6.439119999999999891e+03 -6.381869999999999891e+03 -3.995159999999999854e+03 -4.275359999999999673e+03 -3.130349999999999909e+03 -2.869440000000000055e+03 -2.854989999999999782e+03 -2.817260000000000218e+03 -2.950960000000000036e+03 -2.934929999999999836e+03 -3.119519999999999982e+03 -2.990099999999999909e+03 -2.559059999999999945e+03 -1.245059999999999945e+03 -1.452000000000000000e+03 -1.679089999999999918e+03
-8.570919999999999561e+01 -2.529269999999999982e+03 -4.334829999999999927e+03 -5.464489999999999782e+03 -6.115399999999999636e+03 -6.423329999999999927e+03 -6.200270000000000437e+03 -2.877889999999999873e+03 -3.123120000000000118e+02 -1.031340000000000003e+02 -3.898799999999999955e+02 1.276670000000000016e+02 6.161659999999999826e+01 -2.008220000000000027e+01 -1.279729999999999990e+02 2.723600000000000065e+01 -2.386920000000000073e+02 -1.044369999999999976e+02 1.689329999999999927e+02 -2.311069999999999993e+02 6.560729999999999507e+01
-1.423060000000000116e+02 -2.531179999999999836e+03 -4.279199999999999818e+03 -5.414229999999999563e+03 -6.175279999999999745e+03 -6.498560000000000400e+03 -6.375810000000000400e+03 2.292300000000000182e+03 4.768580000000000041e+01 -2.136160000000000139e+02 -5.269210000000000349e+01 -2.174770000000000039e+02 6.881059999999999377e+01 6.582170000000000698e+01 6.122699999999999818e+02 -1.488839999999999861e+02 -3.518050000000000210e+01 -2.409410000000000025e+02 -2.947819999999999823e+02 -4.868889999999999674e+01 3.701480000000000103e+01
2.296980000000000075e+02 -2.105269999999999982e+03 -3.809590000000000146e+03 -5.147199999999999818e+03 -6.130109999999999673e+03 -6.265270000000000437e+03 -6.428890000000000327e+03 -2.152750000000000000e+03 -1.359010000000000105e+02 -3.406510000000000105e+02 -8.667199999999999704e+01 5.655279999999999774e+01 5.356960000000000122e+01 -8.556480000000000530e+01 4.137780000000000058e+01 -2.749739999999999895e+02 8.456419999999999959e+01 -2.345929999999999893e+01 -2.287069999999999936e+02 -7.402620000000000289e+01 1.725619999999999976e+01
