-4.695629999999999882e+01 -7.894960000000000036e+03 -1.173760000000000036e+04 -3.036969999999999800e+03 -4.315819999999999709e+03 -4.676869999999999891e+03 -1.074920000000000073e+03 -1.205679999999999978e+02 -2.427010000000000218e+03 -3.898580000000000041e+02 2.096930000000000121e+02 -3.198249999999999886e+02 5.054300000000000068e+02 -3.632569999999999766e+01 -5.983239999999999554e+02 -2.448890000000000100e+02 -8.314539999999999509e+01 1.039099999999999909e+03 1.964039999999999964e+01 -5.244850000000000136e+02 2.811089999999999804e+02
4.704859999999999900e+02 -7.389439999999999600e+03 -1.124650000000000000e+04 -1.434920000000000073e+03 -3.196559999999999945e+03 -6.185279999999999745e+03 -5.372779999999999745e+03 -1.348420000000000073e+03 -2.912309999999999945e+03 -9.497749999999999773e+02 -2.276560000000000059e+02 -5.677269999999999754e+02 -3.963849999999999909e+02 5.413369999999999891e+02 -4.447239999999999895e+02 -4.755269999999999868e+02 -5.313469999999999693e+00 3.261129999999999995e+02 -3.938149999999999977e+02 -8.437619999999999436e+02 -5.608899999999999864e+02
9.463970000000000482e+02 -8.440530000000000655e+03 -1.187189999999999964e+04 -3.399329999999999927e+02 -2.908039999999999964e+03 -8.686559999999999491e+03 -9.861450000000000728e+03 -2.205650000000000091e+03 -5.787010000000000218e+03 -7.095859999999999673e+03 -1.971589999999999918e+03 -1.260259999999999991e+03 -2.706880000000000109e+03 -4.117049999999999841e+02 7.363139999999999645e+02 -1.266039999999999964e+03 -1.124660000000000082e+03 -4.469649999999999750e+02 -9.572910000000000252e+00 -2.683480000000000132e+02 -1.717680000000000007e+02
1.048649999999999949e+02 -8.192350000000000364e+03 -1.157420000000000073e+04 -2.195969999999999800e+03 -3.090219999999999800e+03 -3.719769999999999982e+03 -6.220439999999999827e+02 -8.942749999999999773e+02 -1.333589999999999918e+03 -2.187379999999999995e+02 -6.915589999999999691e+02 -4.140570000000000164e+02 -2.951630000000000109e+02 1.467350000000000136e+02 -6.544280000000000541e+01 4.332490000000000236e+02 4.543870000000000005e+02 1.123149999999999977e+02 -2.494869999999999948e+02 -2.508909999999999911e+02 -5.315049999999999955e+02
6.028060000000000400e+02 -7.317279999999999745e+03 -1.252550000000000000e+04 -4.928739999999999782e+03 -4.434640000000000327e+03 -7.096069999999999709e+03 -1.154910000000000036e+04 -4.810729999999999791e+02 -7.237869999999999891e+03 -1.022370000000000073e+04 7.630510000000000446e+02 -3.685590000000000146e+03 -7.530970000000000255e+03 -2.664150000000000091e+03 -1.131880000000000109e+03 -1.115440000000000055e+03 -8.003300000000000125e+01 9.540599999999999454e+02 -7.635670000000000073e+02 -7.482480000000000473e+02 2.426009999999999991e+02
-2.065229999999999961e+02 -7.905939999999999600e+03 -1.105329999999999927e+04 -9.935539999999999736e+02 -4.301430000000000291e+03 -5.096409999999999854e+03 -1.391910000000000082e+03 -2.823480000000000018e+03 -5.423560000000000400e+03 -6.176329999999999927e+03 -3.218300000000000182e+03 -1.210210000000000036e+03 -3.589179999999999836e+03 -3.554400000000000091e+03 -7.314969999999999573e+01 -1.957670000000000073e+03 -3.402960000000000036e+03 3.427470000000000141e+02 -1.629130000000000109e+03 -1.376210000000000036e+03 -5.844279999999999973e+02
1.378100000000000023e+02 -8.420040000000000873e+03 -1.186050000000000000e+04 -2.753739999999999782e+03 -3.748110000000000127e+03 -6.809550000000000182e+03 -1.023129999999999995e+03 -1.234829999999999927e+03 -2.892239999999999782e+03 -1.398869999999999891e+03 -5.884369999999999834e+01 -1.241839999999999975e+02 9.822919999999999874e+00 5.367459999999999809e+02 7.542889999999999873e+02 7.160609999999999786e+01 3.814399999999999835e+01 -2.695269999999999868e+02 -1.458870000000000005e+02 -2.936390000000000100e+02 -1.412090000000000032e+02
-4.256150000000000091e+02 -8.698950000000000728e+03 -1.090579999999999927e+04 -1.332339999999999918e+03 -3.686769999999999982e+03 -7.767880000000000109e+03 -1.812450000000000045e+03 -2.060480000000000018e+03 -6.033880000000000109e+03 -6.141859999999999673e+03 -5.197930000000000064e+02 -3.854099999999999909e+03 -6.036899999999999636e+03 -4.890300000000000182e+03 -4.473600000000000364e+03 -4.403520000000000437e+03 -3.278030000000000200e+03 -1.445609999999999900e+03 -2.622519999999999982e+03 -2.846519999999999982e+03 -2.360329999999999927e+03
-4.733360000000000127e+02 -8.792950000000000728e+03 -1.099800000000000000e+04 1.877049999999999955e+03 -3.391539999999999964e+03 -5.249609999999999673e+03 -4.172159999999999854e+03 -3.504190000000000055e+03 -3.515780000000000200e+03 -4.857430000000000291e+03 -4.609689999999999600e+03 -4.633109999999999673e+03 -4.669140000000000327e+03 -2.168469999999999800e+03 -1.625799999999999955e+03 -3.887059999999999945e+03 -4.282300000000000182e+03 -4.322660000000000196e+02 -1.910509999999999991e+03 -3.107570000000000164e+03 -2.096659999999999854e+03
1.638100000000000023e+02 -8.280440000000000509e+03 -1.265579999999999927e+04 -2.442559999999999945e+03 -3.504750000000000000e+03 -4.498460000000000036e+03 -4.836779999999999973e+02 -1.009690000000000055e+03 -3.210710000000000036e+03 -4.151000000000000000e+03 -1.324869999999999891e+03 -2.144139999999999873e+03 -2.201699999999999818e+03 7.440299999999999692e+00 -8.919980000000000473e+02 -6.455270000000000437e+02 4.871779999999999688e+01 -1.434070000000000107e+02 -6.663279999999999745e+02 -3.172149999999999750e+02 1.774979999999999905e+02
-7.322799999999999727e+02 -9.201860000000000582e+03 -1.302300000000000000e+04 -1.708680000000000064e+03 -5.105390000000000327e+03 -6.854779999999999745e+03 -2.109309999999999945e+03 -1.645599999999999909e+03 -2.515519999999999982e+03 -1.738309999999999945e+03 -5.359840000000000373e+02 -1.239670000000000073e+03 -1.119190000000000055e+03 -8.678819999999999482e+02 5.917309999999999945e+02 -4.400579999999999927e+02 -5.940249999999999773e+02 -1.418280000000000030e+02 -3.876779999999999973e+02 -3.879780000000000086e+02 -5.198179999999999836e+02
5.612129999999999654e+02 -9.306280000000000655e+03 -1.235410000000000036e+04 1.645039999999999964e+03 -4.503560000000000400e+03 -5.951000000000000000e+03 -2.036740000000000009e+03 -2.048280000000000200e+03 -6.136710000000000036e+03 -7.306930000000000291e+03 -1.609619999999999891e+03 -3.351500000000000000e+03 -4.653390000000000327e+03 1.752349999999999909e+03 -1.103089999999999918e+03 -3.806550000000000182e+03 -3.778949999999999818e+03 -7.129420000000000073e+02 -2.017299999999999955e+03 -5.273479999999999563e+03 -3.557329999999999927e+03
4.930079999999999814e+02 -8.198059999999999491e+03 -1.253839999999999964e+04 -1.682720000000000027e+03 -3.998369999999999891e+03 -5.815430000000000291e+03 -1.789410000000000082e+03 -1.949220000000000027e+03 -2.325230000000000018e+03 -7.625130000000000052e+01 -6.544479999999999791e+02 -2.497379999999999995e+02 6.445249999999999773e+02 -1.926910000000000025e+02 9.031419999999999959e+01 4.299610000000000127e+02 -5.077300000000000182e+02 -8.676349999999999909e+02 -4.597919999999999732e+02 -4.456689999999999827e+02 -2.026210000000000093e+02
1.340970000000000084e+02 -6.927909999999999854e+03 -1.131060000000000036e+04 -2.621079999999999927e+03 -2.698429999999999836e+03 -7.584909999999999854e+03 -3.032360000000000127e+03 -1.752500000000000000e+03 -5.803699999999999818e+03 -6.973369999999999891e+03 -1.394150000000000091e+03 -2.583380000000000109e+03 -2.974110000000000127e+03 1.717909999999999968e+02 -1.077619999999999891e+03 7.788309999999999889e+01 -4.778029999999999973e+02 1.548160000000000025e+02 -1.106189999999999998e+02 2.473439999999999941e+02 4.202370000000000232e+02
-2.108650000000000091e+03 -9.260860000000000582e+03 -1.116079999999999927e+04 -1.731160000000000082e+03 -5.506550000000000182e+03 -6.627520000000000437e+03 -1.946750000000000000e+03 -1.499809999999999945e+03 -3.989889999999999873e+03 -5.397039999999999964e+03 -5.842649999999999864e+02 -3.393440000000000055e+03 -3.533210000000000036e+03 -2.564940000000000055e+03 -4.056340000000000146e+03 -1.466079999999999927e+03 -2.056469999999999800e+03 -2.986750000000000000e+03 3.080240000000000009e+02 -3.317219999999999800e+02 -6.892619999999999436e+02
-1.986410000000000053e+01 -7.861060000000000400e+03 -1.209700000000000000e+04 -1.016560000000000059e+02 -3.546289999999999964e+03 -7.942979999999999563e+03 -9.780009999999999764e+02 -7.916309999999999718e+02 -6.530619999999999891e+03 -4.242860000000000014e+02 -7.357100000000000364e+02 -3.556630000000000109e+03 -4.887930000000000291e+03 -1.024440000000000055e+03 -1.080289999999999964e+03 -1.421079999999999927e+03 -1.081039999999999964e+03 1.763120000000000118e+02 -5.878210000000000264e+02 -5.227309999999999945e+02 2.112950000000000017e+01
3.114990000000000236e+02 -8.703969999999999345e+03 -1.201270000000000073e+04 -2.589440000000000055e+03 -3.961750000000000000e+03 -5.598390000000000327e+03 -3.789639999999999986e+02 -1.637130000000000109e+03 -2.006059999999999945e+03 2.448379999999999939e+02 -4.561850000000000023e+02 -1.618269999999999982e+02 4.149889999999999759e+02 -4.406569999999999965e+01 -4.563740000000000236e+02 7.387489999999999668e+00 -3.176940000000000168e+02 -6.797179999999999609e+02 -1.782949999999999875e+02 -3.640459999999999923e+02 -6.681760000000000446e+02
-6.974199999999999591e+02 -9.199989999999999782e+03 -1.259320000000000073e+04 -3.355039999999999964e+03 -4.333090000000000146e+03 -5.839560000000000400e+03 -1.335089999999999918e+03 -3.331260000000000218e+03 -3.388929999999999836e+03 1.635550000000000068e+02 -3.009019999999999868e+02 -2.006160000000000082e+03 -1.317619999999999891e+03 -8.983029999999999973e+02 -3.197540000000000191e+02 -3.059069999999999823e+02 1.180330000000000013e+02 -9.412210000000000036e+02 -7.911039999999999850e+01 4.558140000000000214e+01 2.763000000000000114e+02
5.978410000000000082e+02 -8.607190000000000509e+03 -1.101579999999999927e+04 -4.549359999999999786e+02 -4.939729999999999563e+03 -8.082130000000000109e+03 -1.621589999999999918e+03 -3.590559999999999945e+03 -6.975319999999999709e+03 -4.241500000000000000e+03 -7.015000000000000000e+02 -1.328910000000000082e+03 -1.625910000000000082e+03 -1.254880000000000109e+03 -1.601359999999999900e+03 -6.270209999999999582e+02 2.377980000000000018e+02 -1.973779999999999859e+02 -6.702229999999999563e+02 -7.950059999999999718e+02 -8.834030000000000200e+02
1.438420000000000073e+03 -7.887020000000000437e+03 -1.314850000000000000e+04 -1.643380000000000109e+03 -3.968320000000000164e+03 -5.478800000000000182e+03 -1.595470000000000027e+03 -1.211039999999999964e+03 -1.328220000000000027e+03 -6.151939999999999742e+01 1.567769999999999868e+02 -4.517259999999999991e+02 9.170520000000000209e+02 -1.609809999999999945e+02 2.746669999999999732e+02 5.925940000000000509e+02 -2.790299999999999727e+02 7.905209999999999582e+02 -5.313350000000000364e+02 -3.251229999999999905e+02 -4.536639999999999873e+01
7.984360000000000355e+02 -8.417010000000000218e+03 -1.251900000000000000e+04 6.590769999999999982e+02 -4.076800000000000182e+03 -7.217850000000000364e+03 -3.823679999999999836e+03 -1.768529999999999973e+03 -5.696619999999999891e+03 -7.837800000000000182e+03 -2.795050000000000182e+03 -3.210389999999999873e+03 -3.299210000000000036e+03 -1.242500000000000000e+03 -6.166870000000000118e+02 -9.417160000000000082e+02 -2.344159999999999968e+02 -6.765549999999999500e+02 1.296740000000000066e+02 1.644060000000000059e+02 5.312870000000000346e+02
-1.548369999999999891e+03 -9.286860000000000582e+03 -1.179860000000000036e+04 1.259109999999999900e+03 -4.048219999999999800e+03 -8.141800000000000182e+03 -3.787139999999999873e+03 -1.430799999999999955e+03 -3.783090000000000146e+03 -5.237250000000000000e+03 -2.698739999999999782e+03 -2.488150000000000091e+03 -3.511449999999999818e+03 -2.892309999999999945e+03 -2.071789999999999964e+03 -1.927089999999999918e+03 -2.694230000000000018e+03 -7.412279999999999518e+02 -1.320880000000000109e+03 -9.111689999999999827e+02 -3.836089999999999804e+02
1.214549999999999955e+03 -6.762029999999999745e+03 -1.115139999999999964e+04 -1.453869999999999891e+03 -3.735969999999999800e+03 -8.701459999999999127e+03 -4.112319999999999709e+03 -5.020090000000000146e+02 -4.016320000000000164e+03 -4.699640000000000327e+03 -4.749220000000000255e+03 -1.692980000000000018e+03 -9.154539999999999509e+02 -4.551789999999999736e+02 1.768880000000000052e+02 -1.345670000000000073e+03 -2.208920000000000073e+03 -2.040079999999999927e+03 -2.758960000000000036e+03 -3.305000000000000000e+03 -7.877129999999999654e+02
-2.033970000000000056e+01 -8.236200000000000728e+03 -1.212270000000000073e+04 -3.449449999999999818e+03 -3.823079999999999927e+03 -7.568350000000000364e+03 -5.745039999999999964e+03 -1.786039999999999964e+03 -2.862780000000000200e+03 -6.535629999999999882e+02 -9.967190000000000509e+02 -1.475579999999999927e+03 -1.169049999999999955e+03 -1.351220000000000141e+02 -8.153940000000000055e+02 4.457599999999999909e+02 4.426160000000000139e+01 -4.495350000000000250e+02 -2.879259999999999877e+02 -6.381829999999999927e+02 -4.333960000000000150e+02
-6.537400000000000091e+02 -8.442829999999999927e+03 -1.104889999999999964e+04 -1.575089999999999918e+03 -4.556340000000000146e+03 -6.009659999999999854e+03 -2.114539999999999964e+03 -1.742090000000000032e+02 -2.003299999999999955e+03 -8.971259999999999764e+02 -7.376849999999999454e+02 -7.795289999999999964e+02 -1.526349999999999909e+03 3.760889999999999986e+02 -4.827250000000000227e+02 -8.532219999999999800e+02 -1.132589999999999918e+03 -9.546920000000000073e+02 -1.110250000000000000e+03 -5.757309999999999945e+02 -6.408120000000000118e+02
2.313069999999999879e+02 -8.675159999999999854e+03 -1.218610000000000036e+04 -4.501850000000000364e+03 -2.769269999999999982e+03 -6.044140000000000327e+03 7.443410000000000082e+02 -5.976549999999999727e+02 -2.799849999999999909e+03 -4.694689999999999941e+02 1.582849999999999966e+02 -3.303260000000000218e+02 -8.538740000000000236e+02 -1.841670000000000016e+02 1.585989999999999895e+02 1.191510000000000069e+00 1.295500000000000114e+02 5.641119999999999663e+02 8.226510000000000389e+01 -1.611339999999999861e+02 -7.248909999999999627e+02
2.797500000000000000e+02 -8.248479999999999563e+03 -1.196379999999999927e+04 -3.482579999999999927e+03 -4.609199999999999818e+03 -5.860460000000000036e+03 -8.014329999999999927e+02 -1.018250000000000000e+03 -1.667000000000000000e+03 -1.175060000000000002e+02 -3.765179999999999723e+02 -6.880689999999999600e+02 3.126510000000000105e+02 -1.311370000000000005e+02 4.489200000000000159e+02 4.200740000000000123e+02 1.329890000000000043e+02 -3.314300000000000068e+02 -5.411349999999999909e+02 5.288060000000000400e+02 -2.885470000000000255e+02
1.584950000000000045e+03 -7.710529999999999745e+03 -1.194410000000000036e+04 4.703020000000000209e+02 -4.805869999999999891e+03 -7.748510000000000218e+03 -1.956849999999999909e+03 -1.311160000000000082e+03 -1.398089999999999918e+03 -5.898410000000000082e+02 -8.842699999999999818e+02 -9.070520000000000209e+02 -1.019730000000000018e+03 9.692289999999999850e+00 -1.153169999999999931e+02 7.333239999999999554e+02 -3.491960000000000264e+02 4.715430000000000064e+02 -7.875399999999999636e+02 -6.333109999999999928e+01 -1.002429999999999950e+02
-1.930459999999999923e+02 -9.203500000000000000e+03 -1.232189999999999964e+04 -2.195210000000000036e+03 -3.756889999999999873e+03 -5.315970000000000255e+03 3.776009999999999991e+02 -1.208170000000000073e+03 -1.930329999999999927e+03 -5.196169999999999618e+02 4.446430000000000105e-01 1.186550000000000011e+02 1.929919999999999902e+02 3.486340000000000146e+02 -1.139080000000000013e+02 -2.075089999999999861e+02 -5.924239999999999782e+02 -3.993299999999999983e+01 5.581349999999999767e+01 2.165089999999999861e+02 -4.096929999999999836e+02
-3.158240000000000123e+02 -7.903789999999999964e+03 -1.140610000000000036e+04 -8.207450000000000045e+02 -3.940219999999999800e+03 -8.364200000000000728e+03 -6.731960000000000036e+03 -9.711689999999999827e+02 -3.026289999999999964e+03 -3.891880000000000109e+03 -5.206879999999999882e+02 -1.676480000000000018e+03 6.319239999999999782e+02 -7.778070000000000164e+02 -8.178260000000000218e+02 -3.246610000000000014e+02 -2.730740000000000123e+02 -9.671130000000000564e+02 -6.945570000000000022e+00 2.116959999999999980e+02 -5.126820000000000164e+02
-5.109389999999999787e+01 -8.184069999999999709e+03 -1.222189999999999964e+04 -1.530240000000000009e+03 -4.951189999999999600e+03 -7.122789999999999964e+03 -1.144519999999999982e+03 -2.130980000000000018e+03 -1.942380000000000109e+03 4.512959999999999923e+02 -2.008300000000000125e+02 -1.528750000000000000e+02 1.551339999999999861e+02 2.192220000000000084e+02 2.053940000000000055e+02 -5.382229999999999848e+00 -1.277230000000000018e+03 -4.847640000000000100e+02 -3.212919999999999732e+01 1.509209999999999923e+02 -5.604539999999999509e+02
8.052329999999999472e+02 -7.887850000000000364e+03 -1.046270000000000073e+04 2.126710000000000036e+03 -2.983539999999999964e+03 -7.564810000000000400e+03 -1.087360000000000036e+04 -1.959220000000000027e+03 -3.913449999999999818e+03 -6.674819999999999709e+03 -1.436119999999999891e+03 -3.371050000000000182e+03 -2.983690000000000055e+03 -2.097150000000000034e+02 -6.530990000000000464e+02 -1.337090000000000032e+02 -5.712299999999999756e+01 -1.083930000000000064e+03 -2.534259999999999877e+02 1.453509999999999991e+01 -8.650130000000000337e+02
4.784610000000000127e+02 -7.452479999999999563e+03 -1.114829999999999927e+04 -5.311119999999999663e+02 -3.565199999999999818e+03 -6.414340000000000146e+03 -1.198029999999999973e+03 -1.192779999999999973e+03 -3.045360000000000127e+03 -3.892060000000000173e+02 -7.589660000000000082e+02 -1.151450000000000045e+03 -2.528240000000000123e+02 5.720919999999999845e+02 -2.710279999999999845e+01 -3.804449999999999932e+02 -4.943129999999999882e+02 -1.151740000000000066e+02 -3.710060000000000002e+01 3.427830000000000155e+02 8.737890000000000157e+01
1.405869999999999891e+02 -8.116279999999999745e+03 -1.176279999999999927e+04 -1.558190000000000055e+03 -3.260519999999999982e+03 -5.749890000000000327e+03 -1.777440000000000055e+03 -6.004039999999999964e+02 -1.715579999999999927e+03 -2.252829999999999927e+03 -6.453239999999999554e+02 -1.212009999999999991e+03 4.880720000000000169e+01 -3.984820000000000277e+02 -3.264710000000000036e+02 1.666699999999999875e+02 5.678400000000000318e+02 -6.986329999999999529e+01 3.463889999999999958e+01 2.046209999999999951e+01 -5.066159999999999854e+02
6.983990000000000009e+02 -7.788500000000000000e+03 -1.177039999999999964e+04 -3.377820000000000164e+03 -4.870550000000000182e+03 -6.149600000000000364e+03 -4.325840000000000146e+03 -1.439009999999999991e+03 -3.277969999999999800e+03 -3.950559999999999945e+03 -1.742410000000000139e+02 -1.866619999999999891e+03 -1.842829999999999927e+03 -3.249980000000000018e+03 -3.080099999999999909e+03 -7.000439999999999827e+02 -1.663140000000000100e+03 -2.336150000000000091e+03 -2.305550000000000068e+02 -5.374329999999999927e+02 -6.549919999999999618e+02
1.836270000000000024e+01 -8.973920000000000073e+03 -1.274720000000000073e+04 -1.608539999999999964e+03 -3.666119999999999891e+03 -4.945760000000000218e+03 -6.796240000000000236e+02 -1.473420000000000073e+03 -9.553440000000000509e+02 -9.975130000000000337e+02 6.648460000000000036e+02 1.580720000000000027e+02 4.302950000000000159e+02 -5.184689999999999799e+01 2.839669999999999845e+02 4.919930000000000092e+01 -1.612069999999999936e+02 1.368699999999999939e+01 -4.320330000000000155e+02 -2.705190000000000055e+02 -7.092219999999999800e+02
9.588590000000000373e+02 -7.622510000000000218e+03 -1.130800000000000000e+04 5.043539999999999850e+02 -3.494980000000000018e+03 -6.097770000000000437e+03 -2.118099999999999909e+03 -5.315720000000000027e+02 -1.688380000000000109e+03 -9.663959999999999582e+02 -9.915860000000000127e+02 -6.302920000000000300e+02 -7.467190000000000509e+02 -3.650219999999999914e+02 -2.565579999999999927e+02 3.873720000000000141e+02 2.200060000000000002e+02 7.227179999999999609e+02 3.600380000000000109e+02 4.844979999999999905e+02 1.547959999999999923e+02
1.117169999999999987e+02 -8.359079999999999927e+03 -1.261889999999999964e+04 -2.132980000000000018e+03 -3.822409999999999854e+03 -4.328869999999999891e+03 -8.132559999999999718e+02 -1.497579999999999927e+03 -1.642750000000000000e+03 -2.475380000000000109e+02 -1.038720000000000027e+03 -8.945739999999999554e+02 -1.065610000000000070e+02 -8.144020000000000437e+02 -1.356639999999999873e+02 6.509030000000000200e+02 7.792140000000000555e+02 3.752989999999999782e+02 -6.617949999999999591e+02 -6.164549999999999841e+01 5.640990000000000038e+01
-4.993360000000000127e+02 -9.194309999999999491e+03 -1.309770000000000073e+04 -1.124150000000000091e+03 -4.407840000000000146e+03 -6.116199999999999818e+03 -1.320399999999999920e+02 -8.791130000000000564e+02 -1.858289999999999964e+03 -1.070819999999999936e+03 -3.927959999999999923e+02 8.541290000000000191e+02 -2.795160000000000196e+02 -2.158729999999999905e+02 -2.013719999999999999e+01 5.499039999999999964e+02 -3.109049999999999869e+01 -4.267559999999999718e+02 6.797720000000000482e+02 9.469910000000000139e+01 -7.698429999999999609e+02
-1.963720000000000141e+02 -8.868979999999999563e+03 -1.279220000000000073e+04 4.193799999999999955e+02 -4.065429999999999836e+03 -7.280789999999999964e+03 -9.209370000000000118e+02 -1.321750000000000000e+03 -6.552569999999999709e+03 -6.707069999999999709e+03 1.688220000000000027e+03 -3.889179999999999836e+03 -8.331899999999999636e+03 -1.590089999999999918e+03 -4.115899999999999636e+03 -3.361010000000000218e+03 -1.026869999999999891e+03 -2.726409999999999911e+01 -1.100509999999999991e+03 -4.117110000000000269e+01 -3.099900000000000091e+02
-1.397210000000000036e+03 -8.875979999999999563e+03 -1.340000000000000000e+04 -1.447250000000000000e+03 -4.193600000000000364e+03 -6.604310000000000400e+03 3.336720000000000255e+02 -8.172340000000000373e+02 -3.682329999999999927e+03 -5.580920000000000073e+03 -1.603079999999999927e+03 -2.237769999999999982e+03 -2.208760000000000218e+03 -6.888009999999999877e+01 -6.740159999999999627e+02 -8.256430000000000291e+02 -1.138769999999999982e+03 1.014719999999999942e+02 -5.254529999999999745e+02 -6.032920000000000300e+02 -6.766140000000000327e+02
1.151620000000000061e+02 -7.560130000000000109e+03 -1.161910000000000036e+04 -3.967400000000000091e+03 -5.058989999999999782e+03 -5.169220000000000255e+03 1.902800000000000011e+02 -8.267179999999999609e+02 -1.266619999999999891e+03 -1.068949999999999960e+02 -9.030389999999999873e+02 -1.193960000000000036e+03 1.119699999999999989e+02 4.554719999999999800e+02 1.210130000000000052e+02 2.860629999999999882e+02 -1.022159999999999940e+02 -4.111870000000000118e+02 5.429180000000000206e+01 -1.642930000000000064e+02 -1.017019999999999982e+02
1.129789999999999964e+03 -8.041439999999999600e+03 -1.174710000000000036e+04 -3.541940000000000055e+03 -4.256420000000000073e+03 -4.028119999999999891e+03 -7.989160000000000537e+02 -5.642119999999999891e+02 -5.719600000000000364e+02 -7.093300000000000409e+02 -1.584240000000000066e+02 -5.308319999999999794e+01 4.446000000000000227e+02 2.271140000000000043e+02 9.618319999999999936e+01 4.868629999999999995e+02 -3.193269999999999982e+02 4.489189999999999827e+02 -7.415660000000000309e+02 -4.071960000000000264e+02 -5.874009999999999536e+02
8.347440000000000282e+02 -8.644379999999999200e+03 -1.195210000000000036e+04 -2.624460000000000036e+03 -4.555100000000000364e+03 -7.363520000000000437e+03 -2.186610000000000127e+03 -6.774900000000000091e+02 -2.037289999999999964e+03 -1.768870000000000005e+02 -8.814189999999999827e+02 -1.784430000000000064e+03 -1.964779999999999973e+03 -1.762290000000000134e+02 -3.900699999999999932e+02 -5.015860000000000127e+02 -3.044580000000000268e+02 -4.329060000000000059e+02 -7.892619999999999436e+02 -1.271700000000000017e+02 -1.371519999999999939e+01
1.404839999999999918e+03 -8.139390000000000327e+03 -1.222389999999999964e+04 -3.987730000000000018e+03 -2.419480000000000018e+03 -6.509510000000000218e+03 -2.258269999999999982e+03 -1.361789999999999964e+03 -2.712099999999999909e+03 -8.545099999999999909e+02 -3.099429999999999836e+02 -3.853360000000000127e+02 -1.371849999999999909e+03 -7.393500000000000227e+02 -1.905399999999999920e+02 -6.649450000000000500e+02 -4.849800000000000182e+02 5.270769999999999982e+02 -4.877749999999999773e+02 -5.176549999999999727e+02 3.461979999999999791e+02
-4.451949999999999932e+02 -8.836129999999999200e+03 -1.184960000000000036e+04 -1.372819999999999936e+03 -4.865399999999999636e+03 -5.683090000000000146e+03 -1.824319999999999936e+03 -1.748859999999999900e+03 -2.454449999999999818e+03 -2.854909999999999854e+02 -1.761970000000000027e+02 -1.218119999999999891e+03 -3.877680000000000149e+01 1.718129999999999882e+02 4.851259999999999764e+02 -6.734339999999999691e+02 -7.639579999999999700e+02 2.957980000000000018e+02 3.101929999999999836e+02 -2.890559999999999832e+02 6.826480000000000246e+02
3.224970000000000141e+02 -7.156689999999999600e+03 -1.121020000000000073e+04 -5.024649999999999750e+02 -4.469119999999999891e+03 -5.421380000000000109e+03 -2.230280000000000200e+03 -8.044139999999999873e+02 -4.809560000000000173e+02 -5.374589999999999463e+02 2.860190000000000055e+02 1.471649999999999920e+02 -3.831530000000000058e+01 -1.388139999999999930e+02 2.222400000000000091e+02 9.516949999999999932e+01 -2.621890000000000214e+02 5.750449999999999591e+02 -2.985240000000000009e+02 -3.970430000000000064e+02 -5.493509999999999991e+02
-8.712960000000000491e+02 -9.696370000000000800e+03 -1.235960000000000036e+04 -5.795040000000000191e+01 -4.195520000000000437e+03 -6.729920000000000073e+03 -6.096879999999999882e+02 -1.145220000000000027e+03 -3.442110000000000127e+03 -6.978840000000000146e+02 6.858899999999999864e+01 -5.671749999999999545e+02 -6.582830000000000155e+02 -4.717080000000000268e+02 -1.791339999999999861e+02 -1.643290000000000077e+02 4.230850000000000222e+01 -5.825430000000000064e+02 -3.770609999999999928e+01 -3.789850000000000136e+02 -3.096299999999999955e+02
-2.145310000000000059e+02 -8.304100000000000364e+03 -1.183700000000000000e+04 2.128489999999999782e+03 -5.696220000000000255e+03 -8.400549999999999272e+03 -2.439969999999999800e+03 -1.881910000000000082e+03 -6.729109999999999673e+03 -8.019859999999999673e+03 8.515789999999999509e+02 -3.889380000000000109e+03 -6.370720000000000255e+03 -1.060460000000000036e+03 -3.358829999999999927e+03 -2.310019999999999982e+03 -1.249300000000000068e+02 -8.648170000000000073e+02 -2.872980000000000018e+02 -7.075019999999999527e+02 -3.871829999999999927e+02
-2.268710000000000093e+02 -8.281219999999999345e+03 -1.104510000000000036e+04 -1.040720000000000027e+03 -4.118880000000000109e+03 -7.670210000000000036e+03 -1.699740000000000009e+03 -4.748609999999999900e+02 -1.335400000000000091e+03 -1.057690000000000055e+03 -4.132810000000000059e+02 -8.621250000000000000e+02 -4.509820000000000277e+02 -6.284669999999999845e+02 -4.477189999999999941e+02 -4.707259999999999991e+02 1.354119999999999990e+01 -4.373250000000000171e+01 -1.407040000000000077e+02 2.643120000000000047e+01 2.893870000000000005e+02
-9.664289999999999736e+02 -8.673139999999999418e+03 -1.135629999999999927e+04 -3.570739999999999782e+03 -5.083520000000000437e+03 -5.872609999999999673e+03 -1.346519999999999982e+03 -1.262470000000000027e+03 -2.813380000000000109e+03 2.386829999999999927e+02 -5.885270000000000437e+02 -5.509759999999999991e+02 2.240070000000000050e+02 -1.014830000000000041e+02 -3.264830000000000041e+02 2.974950000000000045e+02 -2.423199999999999932e+02 4.927420000000000186e+02 -1.388499999999999943e+02 -1.940020000000000095e+02 -1.970310000000000059e+02
-9.209769999999999754e+02 -8.829979999999999563e+03 -1.254100000000000000e+04 -9.603569999999999709e+02 -4.261939999999999600e+03 -8.262719999999999345e+03 -7.683350000000000364e+02 -1.161369999999999891e+03 -3.169670000000000073e+03 -1.212259999999999991e+03 -1.493009999999999991e+03 -2.382289999999999964e+03 -1.700720000000000027e+03 -1.488279999999999973e+03 -1.011269999999999982e+03 -2.932830000000000155e+02 4.994559999999999889e+00 -1.829240000000000066e+02 -1.726009999999999991e+02 -2.225440000000000111e+02 2.738849999999999909e+02
3.288070000000000164e+02 -8.401540000000000873e+03 -1.198670000000000073e+04 -1.586980000000000018e+03 -2.787289999999999964e+03 -7.290949999999999818e+03 -4.987569999999999709e+03 -2.839170000000000073e+03 -4.273060000000000400e+03 -4.301260000000000218e+03 -3.459429999999999836e+03 -9.982749999999999773e+02 8.444989999999999952e+01 -4.145579999999999927e+02 -6.786259999999999764e+02 -4.512930000000000064e+02 -5.253860000000000241e+01 3.428980000000000246e+02 -4.363670000000000186e+02 3.281279999999999859e+02 -1.497560000000000002e+02
8.984779999999999518e+02 -8.575510000000000218e+03 -1.259079999999999927e+04 -1.987980000000000018e+03 -4.669579999999999927e+03 -5.991239999999999782e+03 -1.539910000000000082e+03 -2.827000000000000000e+03 -3.303130000000000109e+03 -5.459930000000000518e+02 4.430140000000000100e+02 -2.593000000000000114e+02 -5.096340000000000146e+02 9.603289999999999793e+01 -2.068650000000000091e+02 1.665690000000000026e+01 -1.105759999999999934e+02 2.086299999999999955e+02 -3.128229999999999933e+01 -2.205809999999999889e+02 2.629449999999999932e+02
7.438780000000000427e+02 -7.481189999999999600e+03 -1.128620000000000073e+04 1.012660000000000053e+02 -3.117420000000000073e+03 -7.200109999999999673e+03 -1.114000000000000000e+04 -2.452389999999999873e+03 -7.710520000000000437e+03 -2.537469999999999800e+03 -1.874490000000000009e+03 -2.892860000000000127e+03 -7.017380000000000109e+03 -7.294090000000000146e+03 -1.568799999999999955e+03 -3.370500000000000000e+03 -5.606840000000000146e+03 -1.275109999999999900e+03 -2.249110000000000127e+03 -4.648279999999999745e+03 -5.409329999999999927e+03
6.988700000000000045e+02 -7.568430000000000291e+03 -1.211210000000000036e+04 -5.788300000000000409e+02 -4.431159999999999854e+03 -5.216270000000000437e+03 -2.541690000000000055e+03 -1.483940000000000055e+03 -3.867840000000000146e+03 -3.683320000000000164e+03 -1.723250000000000000e+03 -2.323050000000000182e+03 -2.847840000000000146e+03 -2.474369999999999891e+03 -2.394210000000000036e+03 -1.551119999999999948e+02 -1.365940000000000055e+03 -8.093220000000000027e+02 -8.342060000000000173e+02 2.362220000000000084e+02 -6.535090000000000146e+02
-9.778759999999999764e+02 -9.032739999999999782e+03 -1.155220000000000073e+04 -5.439339999999999691e+02 -4.680689999999999600e+03 -6.599689999999999600e+03 -2.999460000000000036e+03 -1.917480000000000018e+03 -2.296820000000000164e+03 -1.694319999999999936e+03 -1.295789999999999964e+03 -2.237639999999999873e+03 -7.981970000000000027e+02 -5.304800000000000182e+02 -9.572290000000000418e+02 -1.022489999999999952e+02 -5.505799999999999983e+01 1.475769999999999982e+02 2.195589999999999975e+01 -2.253660000000000139e+02 -2.898580000000000041e+02
-4.471190000000000282e+02 -8.469079999999999927e+03 -1.205800000000000000e+04 -9.309710000000000036e+02 -4.197850000000000364e+03 -7.166939999999999600e+03 -1.144849999999999909e+03 -9.130259999999999536e+02 -3.538820000000000164e+03 -3.945269999999999982e+03 -1.486910000000000025e+02 -2.247429999999999836e+03 -6.547350000000000136e+01 -2.392379999999999995e+02 -3.863840000000000146e+02 -3.888580000000000041e+02 -2.306699999999999875e+02 1.820860000000000127e+02 -5.575890000000000555e+02 -4.933840000000000146e+02 -2.236789999999999878e+01
-8.026490000000000009e+02 -8.351159999999999854e+03 -1.160710000000000036e+04 -9.508460000000000036e+02 -4.388779999999999745e+03 -6.047199999999999818e+03 -3.517840000000000146e+03 -7.392319999999999709e+02 -3.569719999999999800e+03 -3.375210000000000036e+03 -1.108619999999999891e+03 -1.651609999999999900e+03 -2.972789999999999964e+03 -2.560429999999999836e+03 4.860120000000000005e+02 -5.406689999999999827e+02 -1.656359999999999900e+03 -2.153959999999999866e+02 -2.168950000000000102e+02 -2.038729999999999905e+02 -1.390149999999999864e+02
-4.843190000000000168e+02 -8.674520000000000437e+03 -1.189810000000000036e+04 -1.367049999999999955e+03 -3.903550000000000182e+03 -6.451960000000000036e+03 -2.900480000000000018e+03 -2.234659999999999854e+03 -3.664389999999999873e+03 -3.634449999999999818e+03 -4.093439999999999941e+02 -1.827430000000000064e+03 -2.777409999999999854e+03 -5.084169999999999732e+02 1.332479999999999905e+02 -8.484589999999999463e+02 -2.224619999999999891e+03 -2.923759999999999764e+02 -5.540599999999999454e+02 -8.212369999999999663e+02 -8.780929999999999609e+02
-3.694359999999999786e+02 -7.100270000000000437e+03 -1.197900000000000000e+04 2.537170000000000130e+02 -3.591920000000000073e+03 -7.195850000000000364e+03 -3.280599999999999909e+03 -2.287369999999999948e+02 -4.636510000000000218e+03 -7.477819999999999709e+03 1.602410000000000139e+02 -2.228559999999999945e+03 -1.959230000000000018e+03 -3.299940000000000055e+03 -1.470619999999999891e+03 4.510980000000000132e+02 -2.904239999999999782e+02 -2.037620000000000005e+02 -7.810710000000000264e+02 -1.022860000000000014e+03 -4.444429999999999836e+02
-2.894540000000000077e+02 -7.805920000000000073e+03 -1.043060000000000036e+04 1.111940000000000026e+02 -1.499289999999999964e+03 -9.144600000000000364e+03 -1.221829999999999927e+04 -2.491949999999999818e+03 -4.611899999999999636e+03 -6.404800000000000182e+03 -7.569120000000000346e+02 -2.819230000000000018e+03 -3.524300000000000182e+03 -2.482079999999999927e+03 -1.941369999999999891e+03 -2.464219999999999800e+03 1.318259999999999934e+02 -5.587839999999999918e+02 1.428509999999999991e+02 3.772650000000000148e+01 -2.503340000000000032e+02
-3.761639999999999873e+02 -8.810180000000000291e+03 -1.243229999999999927e+04 -3.828780000000000200e+03 -3.699269999999999982e+03 -4.466970000000000255e+03 -7.160299999999999727e+02 -2.513820000000000050e+02 -4.624560000000000315e+01 -6.392830000000000155e+02 4.185699999999999932e+02 -3.130520000000000209e+02 -4.614599999999999795e+02 -6.951789999999999736e+02 3.107049999999999841e+02 2.605289999999999964e+02 9.305620000000000402e+01 1.827769999999999939e+01 3.947950000000000159e+02 -3.128460000000000107e+01 -6.645230000000000246e+02
-1.132150000000000091e+03 -8.903950000000000728e+03 -1.219550000000000000e+04 -2.447170000000000073e+03 -4.403640000000000327e+03 -6.321890000000000327e+03 -1.009440000000000055e+03 -1.029500000000000000e+03 -5.200040000000000191e+02 -9.105059999999999718e+02 3.218439999999999941e+02 -7.705890000000000555e+02 -1.243289999999999935e+02 -2.299679999999999893e+02 -1.259569999999999936e+02 2.751059999999999945e+02 7.252859999999999729e+01 4.086269999999999669e+01 -4.624619999999999891e+02 -4.629080000000000155e+02 -8.604389999999999645e+02
-4.056019999999999754e+02 -8.632290000000000873e+03 -1.144329999999999927e+04 -1.567519999999999982e+03 -4.204310000000000400e+03 -5.197300000000000182e+03 1.679869999999999948e+02 -9.602559999999999718e+02 -3.596579999999999927e+03 -1.396519999999999982e+03 -1.314509999999999991e+03 -1.997349999999999909e+03 -4.134630000000000223e+02 -4.742069999999999936e+02 -3.426359999999999673e+01 -4.854540000000000077e+02 -3.352710000000000150e+02 3.810299999999999727e+02 -1.703849999999999909e+02 -5.437960000000000491e+02 -3.646859999999999786e+02
4.148809999999999718e+02 -8.120039999999999964e+03 -1.242679999999999927e+04 -3.623670000000000073e+03 -3.388070000000000164e+03 -7.884609999999999673e+03 -2.209110000000000127e+03 -3.459350000000000023e+02 -4.728079999999999927e+03 -7.217550000000000182e+03 -4.824470000000000255e+03 -2.378679999999999836e+03 -2.083289999999999964e+03 -1.140789999999999964e+03 -1.747859999999999900e+03 -5.217680000000000291e+02 5.007529999999999859e+02 7.277119999999999891e+02 -5.854180000000000064e+02 -2.995040000000000191e+02 1.926440000000000055e+02
-4.829159999999999968e+02 -8.277299999999999272e+03 -1.120650000000000000e+04 1.576090000000000089e+02 -4.916850000000000364e+03 -5.361850000000000364e+03 -9.143260000000000218e+02 -2.063659999999999854e+03 -3.599190000000000055e+03 -1.424740000000000009e+03 8.688209999999999411e+01 -8.808429999999999609e+02 -2.431420000000000073e+03 5.075699999999999932e+02 3.115850000000000009e+01 -1.283509999999999991e+02 1.121620000000000061e+02 5.184049999999999727e+02 -2.366469999999999914e+02 -9.115819999999999368e+01 9.083129999999999882e+02
8.161879999999999882e+02 -8.367430000000000291e+03 -1.163360000000000036e+04 -1.326880000000000109e+03 -4.133000000000000000e+03 -6.920500000000000000e+03 -2.768300000000000182e+03 -1.855450000000000045e+03 -1.907170000000000073e+03 -4.639300000000000068e+02 -6.465230000000000246e+02 -7.329859999999999900e+02 3.617589999999999861e+01 -2.359070000000000107e+02 -4.027289999999999850e+02 -4.219669999999999845e+02 -8.175950000000000273e+02 -5.037549999999999955e+02 -9.286040000000000418e+02 -4.212289999999999850e+02 -7.896349999999999909e+02
1.018229999999999933e+02 -8.437409999999999854e+03 -1.182400000000000000e+04 -9.141770000000000209e+02 -4.243119999999999891e+03 -7.287920000000000073e+03 -3.164820000000000164e+03 -1.324109999999999900e+03 -2.111309999999999945e+03 -2.713230000000000018e+03 -1.137859999999999900e+03 -1.453980000000000018e+03 6.185249999999999773e+02 -3.675749999999999886e+02 7.791599999999999682e+02 5.222899999999999636e+02 1.432809999999999917e+01 3.406610000000000014e+02 5.968120000000000118e+02 -1.529599999999999937e+01 -4.489719999999999800e+02
1.389119999999999955e+01 -7.508600000000000364e+03 -1.157050000000000000e+04 -9.257150000000000318e+02 -3.467050000000000182e+03 -6.042350000000000364e+03 -2.737950000000000159e+02 -2.152590000000000146e+03 -2.310230000000000018e+03 -1.464779999999999973e+03 -2.476320000000000164e+03 -9.825470000000000255e+02 -3.484529999999999745e+02 -6.422540000000000191e+02 -6.489020000000000437e+02 4.858420000000000272e+01 4.352490000000000236e+02 -1.691719999999999970e+02 2.876700000000000159e+02 -2.187689999999999912e+01 -5.197880000000000109e+02
1.161160000000000082e+03 -8.900860000000000582e+03 -1.240739999999999964e+04 -2.334199999999999818e+03 -4.106979999999999563e+03 -7.221800000000000182e+03 -1.494079999999999927e+03 -1.699059999999999945e+03 -3.569840000000000146e+03 -7.768640000000000327e+02 -6.032060000000000173e+02 -1.758220000000000027e+03 -4.287730000000000246e+02 -2.822320000000000277e+02 9.018429999999999325e+01 -1.614799999999999898e+02 1.265529999999999973e+02 -1.518729999999999905e+02 -4.313140000000000214e+02 -4.637210000000000321e+01 -4.042839999999999918e+02
-7.017200000000000273e+02 -8.339129999999999200e+03 -1.094479999999999927e+04 -1.799240000000000009e+03 -3.444219999999999800e+03 -5.888850000000000364e+03 -1.479869999999999891e+03 -1.311039999999999964e+03 -2.107320000000000164e+03 -6.089160000000000537e+02 -5.598400000000000318e+02 -9.893819999999999482e+02 6.258290000000000219e+01 -5.407680000000000291e+02 -1.271470000000000056e+02 -7.177729999999999677e+01 1.032530000000000001e+02 -5.615180000000000291e+02 -2.211730000000000018e+02 2.222570000000000050e+02 7.762910000000000537e+02
-4.774490000000000123e+02 -8.952959999999999127e+03 -1.285679999999999927e+04 -3.091789999999999964e+03 -4.191329999999999927e+03 -3.086619999999999891e+03 -2.038449999999999989e+02 -1.761299999999999955e+03 -2.574829999999999927e+03 -1.044799999999999955e+03 -1.330960000000000036e+03 2.476490000000000009e+02 -7.214199999999999591e+02 4.863439999999999941e+01 -1.274849999999999994e+02 7.610240000000000293e+01 -9.793709999999999809e+02 6.835299999999999443e+01 2.550889999999999986e+02 6.341680000000000064e+02 -1.210879999999999939e+02
-3.868709999999999809e+02 -8.889819999999999709e+03 -1.122250000000000000e+04 -8.309619999999999891e+02 -4.509449999999999818e+03 -6.477619999999999891e+03 -4.458199999999999818e+03 -1.649160000000000082e+03 -3.938460000000000036e+03 -1.015679999999999950e+03 -1.140680000000000064e+03 -1.907059999999999945e+03 -2.342610000000000081e+00 -4.005930000000000177e+02 -1.177480000000000047e+02 7.669779999999999518e+02 -3.334049999999999727e+02 -2.114230000000000018e+02 -3.373530000000000086e+02 4.422659999999999592e+00 2.217489999999999952e+02
-3.011490000000000009e+02 -7.299479999999999563e+03 -1.230650000000000000e+04 5.198440000000000509e+02 -4.187069999999999709e+03 -6.806210000000000036e+03 -5.821539999999999964e+02 -7.691359999999999673e+02 -3.389650000000000091e+03 -2.463960000000000036e+03 -1.605779999999999973e+03 -1.966029999999999973e+03 -1.872720000000000027e+03 -3.425190000000000055e+02 8.018300000000000409e+02 -2.604639999999999844e+01 -1.257420000000000044e+02 -1.959989999999999952e+02 -1.229740000000000038e+02 8.131640000000000157e+01 -7.646029999999999518e+02
6.391069999999999709e+02 -8.558819999999999709e+03 -1.310829999999999927e+04 7.004470000000000027e+02 -5.044760000000000218e+03 -9.654229999999999563e+03 -1.222510000000000036e+04 -1.657170000000000073e+03 -6.761159999999999854e+03 -7.895050000000000182e+03 -1.088750000000000000e+03 -3.656329999999999927e+03 -3.649469999999999800e+03 -6.428250000000000455e+02 -6.608220000000000027e+02 6.711680000000000064e+02 -9.935109999999999673e+02 9.455979999999999563e+01 5.643909999999999627e+02 -1.512630000000000052e+02 -3.057440000000000282e+02
-3.721569999999999823e+02 -8.322930000000000291e+03 -1.218650000000000000e+04 -1.873489999999999895e+02 -4.548729999999999563e+03 -7.451409999999999854e+03 -2.855939999999999941e+02 -1.584450000000000045e+03 -6.163119999999999891e+03 -5.868550000000000182e+03 -1.467230000000000018e+03 -3.291619999999999891e+03 -3.866519999999999982e+03 -3.565050000000000182e+03 -1.774900000000000091e+03 -4.179729999999999563e+03 -2.868449999999999818e+03 -1.513519999999999982e+03 4.753149999999999977e+02 -6.828859999999999673e+02 -8.380259999999999536e+02
-6.862590000000000146e+02 -8.493979999999999563e+03 -1.112320000000000073e+04 -1.650319999999999936e+03 -4.033380000000000109e+03 -6.831479999999999563e+03 -1.356740000000000009e+03 -1.220650000000000091e+03 -2.750639999999999873e+03 -2.307170000000000073e+03 -1.186509999999999991e+03 -1.787170000000000073e+03 4.617289999999999850e+02 -7.216660000000000252e+01 -5.532240000000000464e+02 -7.745800000000000409e+02 -5.102989999999999782e+01 -1.579310000000000116e+02 2.389120000000000061e+02 3.033240000000000123e+02 -7.753799999999999670e+01
-9.381059999999999945e+02 -8.430389999999999418e+03 -1.144679999999999927e+04 3.316150000000000091e+02 -3.472360000000000127e+03 -7.585739999999999782e+03 -4.821609999999999673e+03 -3.412500000000000000e+03 -2.824519999999999982e+03 -2.187670000000000073e+03 -5.241119999999999663e+02 -1.499589999999999918e+03 2.914060000000000059e+02 -2.139840000000000089e+02 9.358150000000000546e+01 -1.377249999999999943e+02 2.233360000000000127e+02 5.552240000000000464e+02 -1.933990000000000009e+02 7.019550000000000409e+02 2.101189999999999998e+02
-2.513379999999999939e+02 -7.701899999999999636e+03 -1.227760000000000036e+04 -5.376169999999999618e+02 -3.892619999999999891e+03 -8.007560000000000400e+03 -4.224189999999999600e+03 -1.898819999999999936e+03 -3.682070000000000164e+03 6.077279999999999660e+01 7.571299999999999955e+02 -1.253880000000000109e+03 -8.283310000000000173e+02 4.899619999999999891e+02 1.658870000000000005e+02 -3.220760000000000218e+02 1.096340000000000003e+01 2.899019999999999868e+02 -3.909700000000000273e+02 1.823540000000000134e+02 3.396739999999999782e+01
1.366910000000000082e+03 -7.719020000000000437e+03 -1.064829999999999927e+04 -1.616509999999999991e+03 -3.261000000000000000e+03 -6.167010000000000218e+03 -5.030539999999999736e+02 -1.073599999999999909e+03 -2.399309999999999945e+03 -2.064090000000000146e+03 -6.530689999999999600e+02 -1.843500000000000000e+03 -2.338940000000000055e+03 -1.320660000000000082e+03 -6.048680000000000518e+02 -5.814320000000000164e+02 -5.277210000000000036e+02 -9.151520000000000437e+02 -1.273769999999999982e+03 -1.564699999999999989e+02 -1.301929999999999943e+01
-4.058279999999999745e+02 -8.154010000000000218e+03 -1.148939999999999964e+04 -1.702170000000000073e+03 -3.790809999999999945e+03 -7.000560000000000400e+03 -1.371950000000000045e+03 -1.837579999999999927e+03 -6.149699999999999818e+03 -8.056680000000000291e+03 -4.087849999999999909e+03 -3.813000000000000000e+03 -5.393460000000000036e+03 4.171539999999999964e+02 -2.094510000000000218e+03 -5.073439999999999600e+03 -4.916579999999999927e+03 -3.656400000000000091e+03 -3.353960000000000036e+03 -1.535480000000000018e+03 -2.223650000000000091e+03
-5.316530000000000200e+02 -9.023379999999999200e+03 -1.246829999999999927e+04 1.057490000000000009e+03 -2.684219999999999800e+03 -6.805430000000000291e+03 -1.054089999999999964e+04 -3.600500000000000114e+02 -6.910420000000000073e+03 -8.115460000000000036e+03 -2.391260000000000218e+03 -3.955480000000000018e+03 -4.021760000000000218e+03 4.792099999999999937e+01 -1.240599999999999909e+03 -2.795789999999999964e+03 -1.859369999999999891e+03 -1.293190000000000055e+03 -1.740579999999999927e+03 -1.946119999999999891e+03 -2.343239999999999782e+03
-5.666620000000000346e+01 -8.785280000000000655e+03 -1.180079999999999927e+04 -8.295560000000000400e+02 -3.729000000000000000e+03 -7.300420000000000073e+03 -4.062360000000000127e+03 -2.695579999999999927e+03 -7.237180000000000291e+03 -5.086419999999999959e+02 -6.858650000000000091e+02 -3.195019999999999982e+03 -5.220800000000000182e+03 -4.523069999999999709e+03 -1.119470000000000027e+03 -3.544789999999999964e+03 -3.918349999999999909e+03 -1.509269999999999982e+03 -1.388920000000000073e+03 -3.458030000000000200e+03 -4.652259999999999991e+02
3.710899999999999750e+02 -9.117500000000000000e+03 -1.121689999999999964e+04 -3.041769999999999982e+03 -4.267260000000000218e+03 -5.174359999999999673e+03 9.494729999999999848e+01 -9.390439999999999827e+02 -2.420800000000000182e+03 -1.403420000000000073e+03 -6.882709999999999582e+02 2.713299999999999841e+02 1.326099999999999923e+01 3.725799999999999841e+02 1.465490000000000066e+02 -3.826770000000000209e+02 -2.115020000000000095e+02 2.234060000000000059e+02 -4.125230000000000246e+02 3.826080000000000041e+02 -2.646560000000000059e+02
-1.467170000000000130e+02 -8.063899999999999636e+03 -1.145060000000000036e+04 -1.252109999999999900e+03 -4.077230000000000018e+03 -4.993029999999999745e+03 -4.169519999999999982e+02 2.846150000000000180e+00 -4.174329999999999927e+02 -5.171420000000000528e+02 5.228960000000000008e+01 1.850310000000000059e+02 6.565750000000000419e+00 2.487079999999999913e+01 -1.837439999999999998e+02 8.391649999999999636e+02 -1.025969999999999942e+02 -1.990120000000000005e+02 -4.398439999999999941e+02 -4.810169999999999959e+02 -3.917210000000000036e+02
-4.458090000000000259e+02 -9.335069999999999709e+03 -1.252700000000000000e+04 -2.500809999999999945e+03 -4.319609999999999673e+03 -5.779319999999999709e+03 -1.246180000000000064e+03 -7.795789999999999509e+02 -1.579250000000000000e+03 -8.110030000000000427e+02 -1.624869999999999948e+02 -1.150569999999999936e+03 -1.041799999999999955e+03 5.987380000000000280e+01 -7.721580000000000155e+02 5.827169999999999845e+02 -6.994769999999999754e+02 1.009249999999999972e+02 -2.515889999999999986e+02 -1.481730000000000018e+02 3.632719999999999914e+02
-5.162089999999999463e+02 -8.165760000000000218e+03 -1.133370000000000073e+04 -2.793019999999999982e+03 -3.707880000000000109e+03 -5.008069999999999709e+03 -1.444130000000000109e+03 -3.845860000000000127e+02 -1.517869999999999891e+03 -4.446730000000000018e+02 -3.236480000000000246e+02 -3.114540000000000077e+02 -1.024410000000000082e+03 -3.259739999999999895e+02 -5.930829999999999700e+02 -3.158770000000000095e+02 -5.128640000000000327e+02 4.934990000000000236e+02 -2.764220000000000255e+02 9.078180000000000405e+01 -5.045020000000000095e+02
3.116370000000000005e+02 -7.600810000000000400e+03 -1.096589999999999964e+04 2.943010000000000218e+03 -2.414960000000000036e+03 -6.168710000000000036e+03 -1.174339999999999964e+04 -1.383119999999999891e+03 -4.603479999999999563e+03 -6.824310000000000400e+03 -1.892889999999999873e+02 -1.074160000000000082e+03 -1.605039999999999964e+03 -9.058590000000000373e+02 -5.602150000000000318e+02 8.520130000000000337e+02 5.995969999999999800e+02 3.200609999999999786e+02 -5.093039999999999878e+01 -1.382779999999999916e+02 2.862730000000000246e+02
-3.543670000000000186e+02 -8.130069999999999709e+03 -1.142270000000000073e+04 -6.471290000000000191e+02 -4.520189999999999600e+03 -4.959090000000000146e+03 8.336299999999999955e+02 -1.923480000000000018e+03 -5.703880000000000109e+03 -6.173630000000000109e+03 -1.449220000000000027e+03 -3.254289999999999964e+03 -4.680779999999999745e+03 5.824880000000000564e+02 -1.300740000000000009e+03 -2.795840000000000146e+03 -2.505880000000000109e+03 9.043120000000000402e+01 -1.180809999999999945e+03 -1.950579999999999927e+03 -4.908229999999999791e+02
-5.648329999999999984e+01 -8.713469999999999345e+03 -1.172929999999999927e+04 -1.503259999999999991e+03 -4.862529999999999745e+03 -6.526739999999999782e+03 -5.286369999999999891e+03 -1.893289999999999964e+03 -2.280059999999999945e+03 -8.961509999999999536e+02 -1.113549999999999955e+03 -2.784169999999999732e+02 1.093449999999999989e+02 -7.939639999999999986e+01 -1.063140000000000100e+03 -1.205000000000000000e+03 -7.768070000000000164e+01 3.556490000000000009e+02 -2.805210000000000150e+02 -3.151390000000000100e+02 -2.720550000000000068e+02
-3.989719999999999800e+02 -8.940930000000000291e+03 -1.200100000000000000e+04 -1.762130000000000109e+03 -4.324329999999999927e+03 -7.531909999999999854e+03 -3.420899999999999750e+02 -1.910650000000000091e+03 -3.721960000000000036e+03 -3.319090000000000146e+03 -1.414079999999999927e+03 -1.499660000000000082e+03 -2.747300000000000182e+03 -9.929700000000000273e+02 -7.696680000000000064e+02 -1.364420000000000073e+03 -1.174549999999999983e+02 -1.525619999999999976e+01 -7.735190000000000055e+02 -3.573199999999999932e+02 5.885190000000000055e+01
-1.116119999999999948e+02 -9.261370000000000800e+03 -1.157610000000000036e+04 -3.233550000000000182e+03 -3.863869999999999891e+03 -5.482529999999999745e+03 -1.209519999999999982e+03 -9.775679999999999836e+02 -4.015780000000000200e+03 -2.073400000000000091e+03 -5.990639999999999645e+02 -2.651229999999999905e+02 -3.885969999999999800e+02 -3.718809999999999718e+02 -5.203039999999999736e+02 4.176440000000000055e+02 2.926800000000000068e+02 -3.627309999999999945e+02 9.766589999999999350e+01 -2.423140000000000072e+01 -3.315520000000000209e+02
-4.559449999999999932e+02 -8.474760000000000218e+03 -1.206070000000000073e+04 9.954840000000000373e+02 -4.232239999999999782e+03 -8.776829999999999927e+03 7.666359999999999673e+02 -3.242840000000000146e+03 -5.751489999999999782e+03 -6.954170000000000073e+03 -1.952230000000000132e+02 -1.405099999999999909e+03 -4.092949999999999818e+03 -3.575090000000000146e+03 -2.560000000000000000e+03 -4.045280000000000200e+03 -5.676359999999999673e+03 -3.178039999999999964e+03 -1.667119999999999891e+03 -3.398920000000000073e+03 -3.827349999999999909e+03
2.895339999999999918e+02 -8.626629999999999200e+03 -1.299910000000000036e+04 -7.696799999999999500e+02 -4.097560000000000400e+03 -8.487309999999999491e+03 -1.665930000000000064e+03 -1.422470000000000027e+03 -1.524150000000000091e+03 -1.688859999999999900e+03 5.691019999999999754e+02 -4.234959999999999809e+02 -1.946859999999999900e+03 -1.131750000000000000e+03 -8.974260000000000446e+02 -5.619509999999999650e+01 9.848840000000000146e+02 1.208929999999999971e+01 4.228079999999999927e+02 -2.326020000000000039e+02 -5.986230000000000473e+02
8.914420000000000073e+02 -7.313850000000000364e+03 -1.215370000000000073e+04 -9.217240000000000464e+02 -3.433429999999999836e+03 -7.345399999999999636e+03 -3.091550000000000182e+03 -3.313139999999999873e+03 -3.070440000000000055e+03 -4.395390000000000327e+03 -1.864670000000000073e+03 -2.599400000000000091e+03 -2.967699999999999818e+03 6.618880000000000337e+02 -5.543129999999999882e+02 -9.908680000000000518e+02 -1.033660000000000082e+03 1.534960000000000093e+02 -2.219530000000000030e+02 -1.572819999999999936e+03 -5.211609999999999445e+02
3.407359999999999900e+02 -8.107000000000000000e+03 -1.253070000000000073e+04 -1.929789999999999964e+03 -4.278869999999999891e+03 -6.872449999999999818e+03 -3.486489999999999782e+03 -1.396259999999999991e+03 -3.127849999999999909e+03 -7.784149999999999636e+02 -1.610809999999999889e+02 5.881510000000000105e+01 5.854590000000000316e+01 -1.772170000000000130e+02 -1.102309999999999945e+03 2.505240000000000009e+02 1.353420000000000130e+02 -3.122479999999999905e+02 -6.508129999999999882e+02 -2.809209999999999923e+02 2.904950000000000045e+02
-1.849879999999999995e+02 -8.612620000000000800e+03 -1.235800000000000000e+04 -1.086000000000000000e+03 -4.574930000000000291e+03 -6.097880000000000109e+03 -1.336869999999999891e+03 -2.323849999999999909e+03 -3.095570000000000164e+03 1.737560000000000002e+02 -8.238970000000000482e+02 -4.764479999999999791e+02 7.220560000000000400e+02 -3.658590000000000231e+01 3.726490000000000009e+02 8.198890000000000100e+02 4.797599999999999909e+01 -1.071209999999999951e+02 -5.115830000000000268e+02 -6.378040000000000020e+01 -4.635040000000000191e+02
4.359300000000000068e+02 -7.686689999999999600e+03 -1.215229999999999927e+04 -2.018809999999999945e+03 -3.517969999999999800e+03 -5.474529999999999745e+03 -1.453670000000000073e+03 -1.096109999999999900e+03 -2.518190000000000055e+03 6.882269999999999754e+01 -9.614850000000000136e+02 -1.056039999999999964e+03 -1.306490000000000009e+03 3.215319999999999823e+02 9.891530000000000200e+01 -9.871160000000000423e+01 6.108409999999999940e+01 -1.341040000000000134e+02 -1.228199999999999958e+00 6.883410000000000650e+01 -1.088970000000000056e+02
6.441630000000000109e+02 -8.390450000000000728e+03 -1.244639999999999964e+04 -1.390140000000000100e+03 -3.799940000000000055e+03 -6.714069999999999709e+03 -8.332050000000000409e+02 -2.214849999999999909e+03 -2.774110000000000127e+03 -3.752800000000000182e+03 -1.243579999999999927e+03 -1.472750000000000000e+03 -1.753640000000000043e+02 1.083490000000000038e+02 1.323509999999999991e+02 -3.993860000000000241e+02 6.083179999999999836e+02 -2.556160000000000139e+02 -2.555500000000000114e+02 -8.250249999999999773e+02 -2.345709999999999980e+02
