0.000000000000000000e+00 2.365254412677764151e-02 4.730508825355528302e-02 7.095763238033292453e-02 9.461017650711056604e-02 1.182627206338882075e-01 1.419152647606658491e-01 1.655678088874434906e-01 1.892203530142211321e-01 2.128728971409987736e-01 2.365254412677764151e-01 2.601779853945540566e-01 2.838305295213316981e-01 3.074830736481095617e-01 3.311356177748869811e-01 3.547881619016646226e-01 3.784407060284422641e-01 4.020932501552199057e-01 4.257457942819975472e-01 4.493983384087749666e-01 4.730508825355528302e-01
0.000000000000000000e+00 2.369036690455739169e-02 4.738073380911478338e-02 7.107110071367239712e-02 9.476146761822978881e-02 1.184518345227871805e-01 1.421422014273445722e-01 1.658325683319019639e-01 1.895229352364595776e-01 2.132133021410167473e-01 2.369036690455743610e-01 2.605940359501317527e-01 2.842844028546891444e-01 3.079747697592467581e-01 3.316651366638041498e-01 3.553555035683613195e-01 3.790458704729189332e-01 4.027362373774763249e-01 4.264266042820339386e-01 4.501169711865913303e-01 4.738073380911485000e-01
0.000000000000000000e+00 2.365636760418166062e-02 4.731273520836332125e-02 7.096910281254498187e-02 9.462547041672664250e-02 1.182818380209083031e-01 1.419382056250899637e-01 1.655945732292716244e-01 1.892509408334532850e-01 2.129073084376349456e-01 2.365636760418166062e-01 2.602200436459980448e-01 2.838764112501799275e-01 3.075327788543615881e-01 3.311891464585432487e-01 3.548455140627246873e-01 3.785018816669063479e-01 4.021582492710882306e-01 4.258146168752698912e-01 4.494709844794515519e-01 4.731273520836329904e-01
0.000000000000000000e+00 2.364504064976569175e-02 4.729008129953138351e-02 7.093512194929707526e-02 9.458016259906298906e-02 1.182252032488286808e-01 1.418702438985943726e-01 1.655152845483600643e-01 1.891603251981257561e-01 2.128053658478914478e-01 2.364504064976571396e-01 2.600954471474230534e-01 2.837404877971885231e-01 3.073855284469544369e-01 3.310305690967201286e-01 3.546756097464858204e-01 3.783206503962512901e-01 4.019656910460172039e-01 4.256107316957828957e-01 4.492557723455488095e-01 4.729008129953145012e-01
0.000000000000000000e+00 2.367153379703235139e-02 4.734306759406470277e-02 7.101460139109705416e-02 9.468613518812940555e-02 1.183576689851619790e-01 1.420292027821941083e-01 1.657007365792266818e-01 1.893722703762588111e-01 2.130438041732913845e-01 2.367153379703237359e-01 2.603868717673560873e-01 2.840584055643884387e-01 3.077299393614210121e-01 3.314014731584531415e-01 3.550730069554854929e-01 3.787445407525178442e-01 4.024160745495504177e-01 4.260876083465827691e-01 4.497591421436148984e-01 4.734306759406474718e-01
0.000000000000000000e+00 2.365422257440741305e-02 4.730844514881460405e-02 7.096266772322201710e-02 9.461689029762943015e-02 1.182711128720366212e-01 1.419253354464440342e-01 1.655795580208512252e-01 1.892337805952586383e-01 2.128880031696658293e-01 2.365422257440732423e-01 2.601964483184804333e-01 2.838506708928878464e-01 3.075048934672950374e-01 3.311591160417024504e-01 3.548133386161098635e-01 3.784675611905170545e-01 4.021217837649242455e-01 4.257760063393316585e-01 4.494302289137390716e-01 4.730844514881464846e-01
0.000000000000000000e+00 2.365086591732823429e-02 4.730173183465669062e-02 7.095259775198514696e-02 9.460346366931360329e-02 1.182543295866420596e-01 1.419051955039702939e-01 1.655560614212987502e-01 1.892069273386269845e-01 2.128577932559554409e-01 2.365086591732838972e-01 2.601595250906123535e-01 2.838103910079405878e-01 3.074612569252690442e-01 3.311121228425975005e-01 3.547629887599259568e-01 3.784138546772544132e-01 4.020647205945826475e-01 4.257155865119111038e-01 4.493664524292395601e-01 4.730173183465680165e-01
0.000000000000000000e+00 2.363367799113746948e-02 4.726735598227471691e-02 7.090103397341218638e-02 9.453471196454965586e-02 1.181683899556869033e-01 1.418020679468243728e-01 1.654357459379616202e-01 1.890694239290990897e-01 2.127031019202363371e-01 2.363367799113738066e-01 2.599704579025110540e-01 2.836041358936485235e-01 3.072378138847857709e-01 3.308714918759232404e-01 3.545051698670607099e-01 3.781388478581979573e-01 4.017725258493352047e-01 4.254062038404726742e-01 4.490398818316101437e-01 4.726735598227476132e-01
0.000000000000000000e+00 2.363200245772834052e-02 4.726400491545668103e-02 7.089600737318479950e-02 9.452800983091314002e-02 1.181600122886412585e-01 1.417920147463695990e-01 1.654240172040979395e-01 1.890560196618260580e-01 2.126880221195543985e-01 2.363200245772825170e-01 2.599520270350108575e-01 2.835840294927391980e-01 3.072160319504675385e-01 3.308480344081954350e-01 3.544800368659237755e-01 3.781120393236521160e-01 4.017440417813804565e-01 4.253760442391087970e-01 4.490080466968369155e-01 4.726400491545650340e-01
0.000000000000000000e+00 2.363386417618262847e-02 4.726772835236503489e-02 7.090159252854766336e-02 9.453545670473029183e-02 1.181693208809129203e-01 1.418031850570955488e-01 1.654370492332779552e-01 1.890709134094605837e-01 2.127047775856432121e-01 2.363386417618258406e-01 2.599725059380084691e-01 2.836063701141908755e-01 3.072402342903735040e-01 3.308740984665561324e-01 3.545079626427387609e-01 3.781418268189211673e-01 4.017756909951037958e-01 4.254095551712864243e-01 4.490434193474690527e-01 4.726772835236516812e-01
0.000000000000000000e+00 2.357290608750650662e-02 4.714581217501301325e-02 7.071871826251951987e-02 9.429162435002624854e-02 1.178645304375327552e-01 1.414374365250392618e-01 1.650103426125457684e-01 1.885832487000522750e-01 2.121561547875590037e-01 2.357290608750655103e-01 2.593019669625722390e-01 2.828748730500785236e-01 3.064477791375850302e-01 3.300206852250917589e-01 3.535935913125982655e-01 3.771664974001049941e-01 4.007394034876112787e-01 4.243123095751177853e-01 4.478852156626245140e-01 4.714581217501310206e-01
0.000000000000000000e+00 2.359826316783086853e-02 4.719652633566173705e-02 7.079478950349260558e-02 9.439305267132347410e-02 1.179913158391543426e-01 1.415895790069852112e-01 1.651878421748158576e-01 1.887861053426467262e-01 2.123843685104778167e-01 2.359826316783084632e-01 2.595808948461393317e-01 2.831791580139702003e-01 3.067774211818010688e-01 3.303756843496319373e-01 3.539739475174628058e-01 3.775722106852934523e-01 4.011704738531243208e-01 4.247687370209551894e-01 4.483670001887862799e-01 4.719652633566171485e-01
0.000000000000000000e+00 2.362032686595672004e-02 4.724065373191321804e-02 7.086098059786993808e-02 9.448130746382643608e-02 1.181016343297831561e-01 1.417219611957396541e-01 1.653422880616963742e-01 1.889626149276528722e-01 2.125829417936095922e-01 2.362032686595660902e-01 2.598235955255225882e-01 2.834439223914793082e-01 3.070642492574360283e-01 3.306845761233927483e-01 3.543049029893492463e-01 3.779252298553057443e-01 4.015455567212624644e-01 4.251658835872191844e-01 4.487862104531756824e-01 4.724065373191324024e-01
0.000000000000000000e+00 2.369724401052142326e-02 4.739448802104306857e-02 7.109173203156471388e-02 9.478897604208613714e-02 1.184862200526077824e-01 1.421834640631294278e-01 1.658807080736510731e-01 1.895779520841724963e-01 2.132751960946941416e-01 2.369724401052157869e-01 2.606696841157372102e-01 2.843669281262586335e-01 3.080641721367802788e-01 3.317614161473019241e-01 3.554586601578235694e-01 3.791559041683452147e-01 4.028531481788666380e-01 4.265503921893882833e-01 4.502476361999099286e-01 4.739448802104315739e-01
0.000000000000000000e+00 2.356818373756053298e-02 4.713636747512084391e-02 7.070455121268137688e-02 9.427273495024168781e-02 1.178409186878019987e-01 1.414091024253625317e-01 1.649772861629228426e-01 1.885454699004833756e-01 2.121136536380436866e-01 2.356818373756042195e-01 2.592500211131647525e-01 2.828182048507250634e-01 3.063863885882853744e-01 3.299545723258456853e-01 3.535227560634062183e-01 3.770909398009667512e-01 4.006591235385272842e-01 4.242273072760873731e-01 4.477954910136479061e-01 4.713636747512084391e-01
0.000000000000000000e+00 2.361907161302512215e-02 4.723814322605046634e-02 7.085721483907536644e-02 9.447628645210071063e-02 1.180953580651256107e-01 1.417144296781509549e-01 1.653335012911760771e-01 1.889525729042009772e-01 2.125716445172263214e-01 2.361907161302512215e-01 2.598097877432765657e-01 2.834288593563016878e-01 3.070479309693268100e-01 3.306670025823517101e-01 3.542860741953770543e-01 3.779051458084021764e-01 4.015242174214272985e-01 4.251432890344526427e-01 4.487623606474775428e-01 4.723814322605026650e-01
0.000000000000000000e+00 2.365618106440980917e-02 4.731236212881961833e-02 7.096854319322964955e-02 9.462472425763945871e-02 1.182809053220492679e-01 1.419370863864590770e-01 1.655932674508691083e-01 1.892494485152789174e-01 2.129056295796887266e-01 2.365618106440987578e-01 2.602179917085083449e-01 2.838741727729183761e-01 3.075303538373281853e-01 3.311865349017382165e-01 3.548427159661478036e-01 3.784988970305578349e-01 4.021550780949676440e-01 4.258112591593776752e-01 4.494674402237874844e-01 4.731236212881972936e-01
0.000000000000000000e+00 2.361093894801458148e-02 4.722187789602916297e-02 7.083281684404396650e-02 9.444375579205832594e-02 1.180546947400731295e-01 1.416656336880877110e-01 1.652765726361022924e-01 1.888875115841168739e-01 2.124984505321314554e-01 2.361093894801460369e-01 2.597203284281606184e-01 2.833312673761754219e-01 3.069422063241900034e-01 3.305531452722045849e-01 3.541640842202191664e-01 3.777750231682337478e-01 4.013859621162483293e-01 4.249969010642631329e-01 4.486078400122777143e-01 4.722187789602920738e-01
0.000000000000000000e+00 2.364047564636995169e-02 4.728095129274012542e-02 7.092142693911007711e-02 9.456190258548002880e-02 1.182023782318499805e-01 1.418428538782201542e-01 1.654833295245901059e-01 1.891238051709600576e-01 2.127642808173302313e-01 2.364047564636999610e-01 2.600452321100701347e-01 2.836857077564400864e-01 3.073261834028100381e-01 3.309666590491802118e-01 3.546071346955501635e-01 3.782476103419203373e-01 4.018880859882900669e-01 4.255285616346602406e-01 4.491690372810301923e-01 4.728095129274003661e-01
0.000000000000000000e+00 2.365841973585380842e-02 4.731683947170739479e-02 7.097525920756120321e-02 9.463367894341501163e-02 1.182920986792688200e-01 1.419505184151226285e-01 1.656089381509762148e-01 1.892673578868300233e-01 2.129257776226838317e-01 2.365841973585374181e-01 2.602426170943912265e-01 2.839010368302448128e-01 3.075594565660986213e-01 3.312178763019524297e-01 3.548762960378062381e-01 3.785347157736598245e-01 4.021931355095136329e-01 4.258515552453674413e-01 4.495099749812212497e-01 4.731683947170750582e-01
0.000000000000000000e+00 2.363451584694287178e-02 4.726903169388574355e-02 7.090354754082861533e-02 9.453806338777148710e-02 1.181725792347143589e-01 1.418070950816572307e-01 1.654416109286001024e-01 1.890761267755429742e-01 2.127106426224858460e-01 2.363451584694287178e-01 2.599796743163715895e-01 2.836141901633142393e-01 3.072487060102573331e-01 3.308832218572002049e-01 3.545177377041430766e-01 3.781522535510859484e-01 4.017867693980285981e-01 4.254212852449716920e-01 4.490558010919145637e-01 4.726903169388574355e-01
0.000000000000000000e+00 2.359747428366931743e-02 4.719494856733841281e-02 7.079242285100750820e-02 9.438989713467682563e-02 1.179873714183459210e-01 1.415848457020150164e-01 1.651823199856841118e-01 1.887797942693534292e-01 2.123772685530225246e-01 2.359747428366916200e-01 2.595722171203607154e-01 2.831696914040300328e-01 3.067671656876993502e-01 3.303646399713684456e-01 3.539621142550377630e-01 3.775595885387066364e-01 4.011570628223759538e-01 4.247545371060450492e-01 4.483520113897143666e-01 4.719494856733836841e-01
0.000000000000000000e+00 2.369406226799553039e-02 4.738812453599128283e-02 7.108218680398703526e-02 9.477624907198256565e-02 1.184703113399780960e-01 1.421643736079738485e-01 1.658584358759693789e-01 1.895524981439651313e-01 2.132465604119606617e-01 2.369406226799564141e-01 2.606346849479519445e-01 2.843287472159474749e-01 3.080228094839432273e-01 3.317168717519389798e-01 3.554109340199345102e-01 3.791049962879302626e-01 4.027990585559257930e-01 4.264931208239213234e-01 4.501871830919170758e-01 4.738812453599128283e-01
0.000000000000000000e+00 2.363451584694287178e-02 4.726903169388574355e-02 7.090354754082861533e-02 9.453806338777148710e-02 1.181725792347143589e-01 1.418070950816572307e-01 1.654416109286001024e-01 1.890761267755429742e-01 2.127106426224858460e-01 2.363451584694287178e-01 2.599796743163715895e-01 2.836141901633142393e-01 3.072487060102573331e-01 3.308832218572002049e-01 3.545177377041430766e-01 3.781522535510859484e-01 4.017867693980285981e-01 4.254212852449716920e-01 4.490558010919145637e-01 4.726903169388574355e-01
0.000000000000000000e+00 2.362283777213014524e-02 4.724567554426051252e-02 7.086851331639043572e-02 9.449135108852080300e-02 1.181141888606509482e-01 1.417370266327810935e-01 1.653598644049112387e-01 1.889827021770413840e-01 2.126055399491715292e-01 2.362283777213016744e-01 2.598512154934320417e-01 2.834740532655621870e-01 3.070968910376923322e-01 3.307197288098222554e-01 3.543425665819526227e-01 3.779654043540827679e-01 4.015882421262129132e-01 4.252110798983432804e-01 4.488339176704732036e-01 4.724567554426033489e-01
0.000000000000000000e+00 2.364918794600878726e-02 4.729837589201779657e-02 7.094756383802680588e-02 9.459675178403559315e-02 1.182459397300446025e-01 1.418951276760533897e-01 1.655443156220623990e-01 1.891935035680711863e-01 2.128426915140799736e-01 2.364918794600889829e-01 2.601410674060977701e-01 2.837902553521067794e-01 3.074394432981157887e-01 3.310886312441247981e-01 3.547378191901333633e-01 3.783870071361423726e-01 4.020361950821513819e-01 4.256853830281603912e-01 4.493345709741691785e-01 4.729837589201779657e-01
0.000000000000000000e+00 2.362344232927138243e-02 4.724688465854298691e-02 7.087032698781436935e-02 9.449376931708575178e-02 1.181172116463571342e-01 1.417406539756285166e-01 1.653640963049001211e-01 1.889875386341712815e-01 2.126109809634428860e-01 2.362344232927140464e-01 2.598578656219856509e-01 2.834813079512570333e-01 3.071047502805286378e-01 3.307281926097997982e-01 3.543516349390711806e-01 3.779750772683427851e-01 4.015985195976141675e-01 4.252219619268855499e-01 4.488454042561569324e-01 4.724688465854283148e-01
0.000000000000000000e+00 2.366341163293328442e-02 4.732682326586634680e-02 7.099023489879940918e-02 9.465364653173269360e-02 1.183170581646657560e-01 1.419804697975990404e-01 1.656438814305321028e-01 1.893072930634653872e-01 2.129707046963984496e-01 2.366341163293315120e-01 2.602975279622647964e-01 2.839609395951978588e-01 3.076243512281311432e-01 3.312877628610644276e-01 3.549511744939974900e-01 3.786145861269305524e-01 4.022779977598636147e-01 4.259414093927968992e-01 4.496048210257301836e-01 4.732682326586632460e-01
0.000000000000000000e+00 2.364587931143180555e-02 4.729175862286405518e-02 7.093763793429586073e-02 9.458351724572788832e-02 1.182293965571599159e-01 1.418752758685919435e-01 1.655211551800239711e-01 1.891670344914557766e-01 2.128129138028878042e-01 2.364587931143198318e-01 2.601046724257518594e-01 2.837505517371836650e-01 3.073964310486156926e-01 3.310423103600479422e-01 3.546881896714799698e-01 3.783340689829119974e-01 4.019799482943438029e-01 4.256258276057758305e-01 4.492717069172078581e-01 4.729175862286398857e-01
0.000000000000000000e+00 2.365669405586134921e-02 4.731338811172269843e-02 7.097008216758404764e-02 9.462677622344539685e-02 1.182834702793067461e-01 1.419401643351680953e-01 1.655968583910294445e-01 1.892535524468907937e-01 2.129102465027519209e-01 2.365669405586134921e-01 2.602236346144748413e-01 2.838803286703361906e-01 3.075370227261973177e-01 3.311937167820586669e-01 3.548504108379200161e-01 3.785071048937815874e-01 4.021637989496429366e-01 4.258204930055040638e-01 4.494771870613654130e-01 4.731338811172267622e-01
0.000000000000000000e+00 2.364713741548607473e-02 4.729427483097214946e-02 7.094141224645844623e-02 9.458854966194452096e-02 1.182356870774305957e-01 1.418828244929166704e-01 1.655299619084027452e-01 1.891770993238890419e-01 2.128242367393751167e-01 2.364713741548611914e-01 2.601185115703472661e-01 2.837656489858335629e-01 3.074127864013196376e-01 3.310599238168054903e-01 3.547070612322917871e-01 3.783541986477778618e-01 4.020013360632641586e-01 4.256484734787502333e-01 4.492956108942360860e-01 4.729427483097223828e-01
0.000000000000000000e+00 2.369649528834694152e-02 4.739299057669366100e-02 7.108948586504060252e-02 9.478598115338732200e-02 1.184824764417342635e-01 1.421789717300812050e-01 1.658754670184279245e-01 1.895719623067748660e-01 2.132684575951215855e-01 2.369649528834685270e-01 2.606614481718154686e-01 2.843579434601624101e-01 3.080544387485089075e-01 3.317509340368558490e-01 3.554474293252027906e-01 3.791439246135497321e-01 4.028404199018966736e-01 4.265369151902431710e-01 4.502334104785901125e-01 4.739299057669370541e-01
0.000000000000000000e+00 2.365464222353641510e-02 4.730928444707283020e-02 7.096392667060924531e-02 9.461856889414566041e-02 1.182732111176818535e-01 1.419278533412182686e-01 1.655824955647546837e-01 1.892371377882910988e-01 2.128917800118275139e-01 2.365464222353637069e-01 2.602010644589001220e-01 2.838557066824363151e-01 3.075103489059729522e-01 3.311649911295093673e-01 3.548196333530457824e-01 3.784742755765821975e-01 4.021289178001181686e-01 4.257835600236548057e-01 4.494382022471912208e-01 4.730928444707276359e-01
0.000000000000000000e+00 2.366145194556290576e-02 4.732290389112581153e-02 7.098435583668849524e-02 9.464580778225140101e-02 1.183072597278145288e-01 1.419687116733772125e-01 1.656301636189401183e-01 1.892916155645030241e-01 2.129530675100659298e-01 2.366145194556288356e-01 2.602759714011917414e-01 2.839374233467544251e-01 3.075988752923173308e-01 3.312603272378802366e-01 3.549217791834433644e-01 3.785832311290062702e-01 4.022446830745689539e-01 4.259061350201318596e-01 4.495675869656947654e-01 4.732290389112576712e-01
0.000000000000000000e+00 2.365664741935535886e-02 4.731329483871093977e-02 7.096994225806629863e-02 9.462658967742187954e-02 1.182832370967774605e-01 1.419398845161328193e-01 1.655965319354881782e-01 1.892531793548437591e-01 2.129098267741991179e-01 2.365664741935546989e-01 2.602231216129100577e-01 2.838797690322654166e-01 3.075364164516209975e-01 3.311930638709765784e-01 3.548497112903321593e-01 3.785063587096875182e-01 4.021630061290428770e-01 4.258196535483984579e-01 4.494763009677540389e-01 4.731329483871093977e-01
0.000000000000000000e+00 2.362218674519733774e-02 4.724437349039467549e-02 7.086656023559201323e-02 9.448874698078912893e-02 1.181109337259864667e-01 1.417331204711838044e-01 1.653553072163811422e-01 1.889774939615784799e-01 2.125996807067758176e-01 2.362218674519731554e-01 2.598440541971702711e-01 2.834662409423678309e-01 3.070884276875649466e-01 3.307106144327622843e-01 3.543328011779596221e-01 3.779549879231571818e-01 4.015771746683545196e-01 4.251993614135516353e-01 4.488215481587489730e-01 4.724437349039463108e-01
0.000000000000000000e+00 2.365949258274913092e-02 4.731898516549803979e-02 7.097847774824717071e-02 9.463797033099630163e-02 1.182974629137454325e-01 1.419569554964945635e-01 1.656164480792434723e-01 1.892759406619926033e-01 2.129354332447415121e-01 2.365949258274906430e-01 2.602544184102399960e-01 2.839139109929891269e-01 3.075734035757378138e-01 3.312328961584869447e-01 3.548923887412360756e-01 3.785518813239852065e-01 4.022113739067343374e-01 4.258708664894832463e-01 4.495303590722323772e-01 4.731898516549815081e-01
0.000000000000000000e+00 2.362530269919083104e-02 4.725060539838166207e-02 7.087590809757249311e-02 9.450121079676332414e-02 1.181265134959541552e-01 1.417518161951449862e-01 1.653771188943358172e-01 1.890024215935266483e-01 2.126277242927174793e-01 2.362530269919083104e-01 2.598783296910991414e-01 2.835036323902899724e-01 3.071289350894808035e-01 3.307542377886718565e-01 3.543795404878626876e-01 3.780048431870532966e-01 4.016301458862441276e-01 4.252554485854349586e-01 4.488807512846260117e-01 4.725060539838168427e-01
0.000000000000000000e+00 2.358880003774199707e-02 4.717760007548421619e-02 7.076640011322621326e-02 9.435520015096821034e-02 1.179440001887104295e-01 1.415328002264524265e-01 1.651216002641944236e-01 1.887104003019366427e-01 2.122992003396786398e-01 2.358880003774208589e-01 2.594768004151628560e-01 2.830656004529050751e-01 3.066544004906468501e-01 3.302432005283890692e-01 3.538320005661312884e-01 3.774208006038732854e-01 4.010096006416155046e-01 4.245984006793572796e-01 4.481872007170994987e-01 4.717760007548414958e-01
0.000000000000000000e+00 2.359427288349547069e-02 4.718854576699071934e-02 7.078281865048619004e-02 9.437709153398166073e-02 1.179713644174771314e-01 1.415656373009726021e-01 1.651599101844678508e-01 1.887541830679633215e-01 2.123484559514585701e-01 2.359427288349540408e-01 2.595370017184495115e-01 2.831312746019449822e-01 3.067255474854404529e-01 3.303198203689359236e-01 3.539140932524313943e-01 3.775083661359264209e-01 4.011026390194218916e-01 4.246969119029173623e-01 4.482911847864128330e-01 4.718854576699083037e-01
0.000000000000000000e+00 2.358754813334051903e-02 4.717509626668081602e-02 7.076264440002133504e-02 9.435019253336163203e-02 1.179377406667021511e-01 1.415252888000424480e-01 1.651128369333827450e-01 1.887003850667232641e-01 2.122879332000637831e-01 2.358754813334040801e-01 2.594630294667443771e-01 2.830505776000848961e-01 3.066381257334254151e-01 3.302256738667659342e-01 3.538132220001062311e-01 3.774007701334465281e-01 4.009883182667870472e-01 4.245758664001273441e-01 4.481634145334678632e-01 4.717509626668083822e-01
0.000000000000000000e+00 2.366616507544572201e-02 4.733233015089144402e-02 7.099849522633738808e-02 9.466466030178288804e-02 1.183308253772288321e-01 1.419969904526745541e-01 1.656631555281202761e-01 1.893293206035662202e-01 2.129954856790117201e-01 2.366616507544576642e-01 2.603278158299033862e-01 2.839939809053491082e-01 3.076601459807948302e-01 3.313263110562407743e-01 3.549924761316862742e-01 3.786586412071319963e-01 4.023248062825779403e-01 4.259909713580236623e-01 4.496571364334696064e-01 4.733233015089151063e-01
0.000000000000000000e+00 2.365193807922616465e-02 4.730387615845232929e-02 7.095581423767827189e-02 9.460775231690443654e-02 1.182596903961306012e-01 1.419116284753567658e-01 1.655635665545829305e-01 1.892155046338088731e-01 2.128674427130350377e-01 2.365193807922612024e-01 2.601713188714873670e-01 2.838232569507135317e-01 3.074751950299396963e-01 3.311271331091654169e-01 3.547790711883915815e-01 3.784310092676177462e-01 4.020829473468439108e-01 4.257348854260700755e-01 4.493868235052960181e-01 4.730387615845221827e-01
0.000000000000000000e+00 2.366504495372478978e-02 4.733008990745002365e-02 7.099513486117481342e-02 9.466017981489982525e-02 1.183252247686248371e-01 1.419902697223498489e-01 1.656553146760748607e-01 1.893203596297996505e-01 2.129854045835246623e-01 2.366504495372496741e-01 2.603154944909746860e-01 2.839805394446994757e-01 3.076455843984244876e-01 3.313106293521494994e-01 3.549756743058747332e-01 3.786407192595997451e-01 4.023057642133243128e-01 4.259708091670495467e-01 4.496358541207745585e-01 4.733008990744995703e-01
0.000000000000000000e+00 2.367204745456441550e-02 4.734409490912883101e-02 7.101614236369346855e-02 9.468818981825788406e-02 1.183602372728222996e-01 1.420322847273867151e-01 1.657043321819511306e-01 1.893763796365157681e-01 2.130484270910801836e-01 2.367204745456445991e-01 2.603925220002090146e-01 2.840645694547734301e-01 3.077366169093378456e-01 3.314086643639024832e-01 3.550807118184668987e-01 3.787527592730315362e-01 4.024248067275957297e-01 4.260968541821601452e-01 4.497689016367247827e-01 4.734409490912891982e-01
0.000000000000000000e+00 2.362693076324839936e-02 4.725386152649679872e-02 7.088079228974497603e-02 9.450772305299337539e-02 1.181346538162415527e-01 1.417615845794899521e-01 1.653885153427383514e-01 1.890154461059865287e-01 2.126423768692349281e-01 2.362693076324831054e-01 2.598962383957315048e-01 2.835231691589796821e-01 3.071500999222280814e-01 3.307770306854764808e-01 3.544039614487248802e-01 3.780308922119730575e-01 4.016578229752212348e-01 4.252847537384696341e-01 4.489116845017180335e-01 4.725386152649664329e-01
0.000000000000000000e+00 2.369504477376160878e-02 4.739008954752343961e-02 7.108513432128504839e-02 9.478017909504665717e-02 1.184752238688084880e-01 1.421702686425700968e-01 1.658653134163317056e-01 1.895603581900933143e-01 2.132554029638551452e-01 2.369504477376167539e-01 2.606454925113783627e-01 2.843405372851399715e-01 3.080355820589018023e-01 3.317306268326636332e-01 3.554256716064252419e-01 3.791207163801870728e-01 4.028157611539484595e-01 4.265108059277102903e-01 4.502058507014718991e-01 4.739008954752337299e-01
0.000000000000000000e+00 2.360206911472562119e-02 4.720413822945146443e-02 7.080620734417708562e-02 9.440827645890292885e-02 1.180103455736285500e-01 1.416124146883541712e-01 1.652144838030800145e-01 1.888165529178056357e-01 2.124186220325314789e-01 2.360206911472573221e-01 2.596227602619829433e-01 2.832248293767085645e-01 3.068268984914341857e-01 3.304289676061600289e-01 3.540310367208858722e-01 3.776331058356117154e-01 4.012351749503371146e-01 4.248372440650629578e-01 4.484393131797885790e-01 4.720413822945144222e-01
0.000000000000000000e+00 2.361972246826105071e-02 4.723944493652187937e-02 7.085916740478293008e-02 9.447888987304398078e-02 1.180986123413050315e-01 1.417183348095660822e-01 1.653380572778269109e-01 1.889577797460879616e-01 2.125775022143490123e-01 2.361972246826100630e-01 2.598169471508708916e-01 2.834366696191319424e-01 3.070563920873929931e-01 3.306761145556540438e-01 3.542958370239150945e-01 3.779155594921759231e-01 4.015352819604369738e-01 4.251550044286980246e-01 4.487747268969590753e-01 4.723944493652201260e-01
0.000000000000000000e+00 2.367545683766913989e-02 4.735091367533850182e-02 7.102637051300764170e-02 9.470182735067678159e-02 1.183772841883461435e-01 1.420527410260152834e-01 1.657281978636846453e-01 1.894036547013537852e-01 2.130791115390229251e-01 2.367545683766922870e-01 2.604300252143614269e-01 2.841054820520307889e-01 3.077809388896999288e-01 3.314563957273690686e-01 3.551318525650384306e-01 3.788073094027077925e-01 4.024827662403769324e-01 4.261582230780460723e-01 4.498336799157152122e-01 4.735091367533845741e-01
0.000000000000000000e+00 2.364224554048144356e-02 4.728449108096288711e-02 7.092673662144433067e-02 9.456898216192577422e-02 1.182112277024072178e-01 1.418534732428886613e-01 1.654957187833701049e-01 1.891379643238515484e-01 2.127802098643329920e-01 2.364224554048144356e-01 2.600647009452958791e-01 2.837069464857771006e-01 3.073491920262587662e-01 3.309914375667402098e-01 3.546336831072216533e-01 3.782759286477028748e-01 4.019181741881843184e-01 4.255604197286657620e-01 4.492026652691474276e-01 4.728449108096288711e-01
0.000000000000000000e+00 2.359315955660590269e-02 4.718631911321180539e-02 7.077947866981770808e-02 9.437263822642338873e-02 1.179657977830295135e-01 1.415589573396351941e-01 1.651521168962410968e-01 1.887452764528472215e-01 2.123384360094529022e-01 2.359315955660588049e-01 2.595247551226647076e-01 2.831179146792708323e-01 3.067110742358765130e-01 3.303042337924824157e-01 3.538973933490883184e-01 3.774905529056942211e-01 4.010837124623001237e-01 4.246768720189058044e-01 4.482700315755117071e-01 4.718631911321178318e-01
0.000000000000000000e+00 2.369658887603143249e-02 4.739317775206264294e-02 7.108976662809385338e-02 9.478635550412506383e-02 1.184829443801564963e-01 1.421795332561879288e-01 1.658761221322191393e-01 1.895727110082503497e-01 2.132692998842815602e-01 2.369658887603129926e-01 2.606624776363442031e-01 2.843590665123754135e-01 3.080556553884068460e-01 3.317522442644382785e-01 3.554488331404692669e-01 3.791454220165006994e-01 4.028420108925319099e-01 4.265385997685633424e-01 4.502351886445947748e-01 4.739317775206257632e-01
0.000000000000000000e+00 2.366532497421469650e-02 4.733064994842939299e-02 7.099597492264408949e-02 9.466129989685878598e-02 1.183266248710732604e-01 1.419919498452879569e-01 1.656572748195026534e-01 1.893225997937173499e-01 2.129879247679320464e-01 2.366532497421465209e-01 2.603185747163612174e-01 2.839838996905759139e-01 3.076492246647906104e-01 3.313145496390050848e-01 3.549798746132197813e-01 3.786451995874344778e-01 4.023105245616493963e-01 4.259758495358640928e-01 4.496411745100783453e-01 4.733064994842932638e-01
0.000000000000000000e+00 2.369677605361775186e-02 4.739355210723572576e-02 7.109032816085369966e-02 9.478710421447167356e-02 1.184838802680894254e-01 1.421806563217073993e-01 1.658774323753253732e-01 1.895742084289433471e-01 2.132709844825610990e-01 2.369677605361790729e-01 2.606645365897968247e-01 2.843613126434147986e-01 3.080580886970327725e-01 3.317548647506507464e-01 3.554516408042684983e-01 3.791484168578864722e-01 4.028451929115044461e-01 4.265419689651224200e-01 4.502387450187401718e-01 4.739355210723579237e-01
0.000000000000000000e+00 2.363553997360678949e-02 4.727107994721402306e-02 7.090661992082103460e-02 9.454215989442782409e-02 1.181776998680348356e-01 1.418132398416418471e-01 1.654487798152488587e-01 1.890843197888558702e-01 2.127198597624626597e-01 2.363553997360698933e-01 2.599909397096766828e-01 2.836264796832839163e-01 3.072620196568907058e-01 3.308975596304977174e-01 3.545330996041047289e-01 3.781686395777117404e-01 4.018041795513187520e-01 4.254397195249255414e-01 4.490752594985325530e-01 4.727107994721395645e-01
0.000000000000000000e+00 2.364327033715318827e-02 4.728654067430615449e-02 7.092981101145912071e-02 9.457308134861230897e-02 1.182163516857652752e-01 1.418596220229182414e-01 1.655028923600714297e-01 1.891461626972243959e-01 2.127894330343773621e-01 2.364327033715303283e-01 2.600759737086835166e-01 2.837192440458364828e-01 3.073625143829894490e-01 3.310057847201426373e-01 3.546490550572956035e-01 3.782923253944487918e-01 4.019355957316015360e-01 4.255788660687547242e-01 4.492221364059076905e-01 4.728654067430608787e-01
0.000000000000000000e+00 2.362014089414055107e-02 4.724028178828088009e-02 7.086042268242143116e-02 9.448056357656176019e-02 1.181007044707020892e-01 1.417208453648426403e-01 1.653409862589829693e-01 1.889611271531235204e-01 2.125812680472640714e-01 2.362014089414044005e-01 2.598215498355447295e-01 2.834416907296852806e-01 3.070618316238256096e-01 3.306819725179661607e-01 3.543021134121067117e-01 3.779222543062468187e-01 4.015423952003873698e-01 4.251625360945279208e-01 4.487826769886682499e-01 4.724028178828088009e-01
0.000000000000000000e+00 2.359622145840378771e-02 4.719244291680757541e-02 7.078866437521136312e-02 9.438488583361515083e-02 1.179811072920189385e-01 1.415773287504227262e-01 1.651735502088265140e-01 1.887697716672303017e-01 2.123659931256340894e-01 2.359622145840378771e-01 2.595584360424416648e-01 2.831546575008454525e-01 3.067508789592492402e-01 3.303471004176532499e-01 3.539433218760568156e-01 3.775395433344606033e-01 4.011357647928643910e-01 4.247319862512684008e-01 4.483282077096721885e-01 4.719244291680757541e-01
0.000000000000000000e+00 2.360462257192041946e-02 4.720924514384061688e-02 7.081386771576103634e-02 9.441849028768145580e-02 1.180231128596016532e-01 1.416277354315220727e-01 1.652323580034422701e-01 1.888369805753626895e-01 2.124416031472831090e-01 2.360462257192033064e-01 2.596508482911235038e-01 2.832554708630439233e-01 3.068600934349643428e-01 3.304647160068847622e-01 3.540693385788051817e-01 3.776739611507253791e-01 4.012785837226455765e-01 4.248832062945659960e-01 4.484878288664864154e-01 4.720924514384068349e-01
0.000000000000000000e+00 2.367064662288909105e-02 4.734129324577818210e-02 7.101193986866727315e-02 9.468258649155636419e-02 1.183532331144456773e-01 1.420238797373345463e-01 1.656945263602238594e-01 1.893651729831129504e-01 2.130358196060020415e-01 2.367064662288911325e-01 2.603771128517802236e-01 2.840477594746693146e-01 3.077184060975584057e-01 3.313890527204477188e-01 3.550596993433368098e-01 3.787303459662259009e-01 4.024009925891147699e-01 4.260716392120040830e-01 4.497422858348931740e-01 4.734129324577824871e-01
0.000000000000000000e+00 2.369981810389609755e-02 4.739963620779197306e-02 7.109945431168829266e-02 9.479927241558439022e-02 1.184990905194802657e-01 1.421989086233763633e-01 1.658987267272722388e-01 1.895985448311685584e-01 2.132983629350646559e-01 2.369981810389605315e-01 2.606979991428566290e-01 2.843978172467525045e-01 3.080976353506488241e-01 3.317974534545449217e-01 3.554972715584410192e-01 3.791970896623366727e-01 4.028969077662327702e-01 4.265967258701290898e-01 4.502965439740251874e-01 4.739963620779212849e-01
0.000000000000000000e+00 2.359933056565632903e-02 4.719866113131243601e-02 7.079799169696898709e-02 9.439732226262509407e-02 1.179966528282814231e-01 1.415959833939377521e-01 1.651953139595940812e-01 1.887946445252504102e-01 2.123939750909065172e-01 2.359933056565628462e-01 2.595926362222191752e-01 2.831919667878755043e-01 3.067912973535316112e-01 3.303906279191879403e-01 3.539899584848442693e-01 3.775892890505005983e-01 4.011886196161569273e-01 4.247879501818130343e-01 4.483872807474693634e-01 4.719866113131256924e-01
0.000000000000000000e+00 2.362023387968248400e-02 4.724046775936496800e-02 7.086070163904745201e-02 9.448093551872993601e-02 1.181011693984124200e-01 1.417214032780949040e-01 1.653416371577771660e-01 1.889618710374596500e-01 2.125821049171423560e-01 2.362023387968246180e-01 2.598225726765071020e-01 2.834428065561898080e-01 3.070630404358718479e-01 3.306832743155545540e-01 3.543035081952370380e-01 3.779237420749195220e-01 4.015439759546020060e-01 4.251642098342842679e-01 4.487844437139667519e-01 4.724046775936492359e-01
0.000000000000000000e+00 2.363088556743675461e-02 4.726177113487328718e-02 7.089265670231004179e-02 9.452354226974657436e-02 1.181544278371831069e-01 1.417853134046198615e-01 1.654161989720563941e-01 1.890470845394931487e-01 2.126779701069299033e-01 2.363088556743664359e-01 2.599397412418031905e-01 2.835706268092397231e-01 3.072015123766762557e-01 3.308323979441130103e-01 3.544632835115497649e-01 3.780941690789860754e-01 4.017250546464228300e-01 4.253559402138595846e-01 4.489868257812963392e-01 4.726177113487328718e-01
0.000000000000000000e+00 2.366966613935894692e-02 4.733933227871811589e-02 7.100899841807728485e-02 9.467866455743645382e-02 1.183483306967956228e-01 1.420179968361545697e-01 1.656876629755137387e-01 1.893573291148729076e-01 2.130269952542318546e-01 2.366966613935910235e-01 2.603663275329499704e-01 2.840359936723093615e-01 3.077056598116683084e-01 3.313753259510274773e-01 3.550449920903866463e-01 3.787146582297458153e-01 4.023843243691049842e-01 4.260539905084637091e-01 4.497236566478228781e-01 4.733933227871820471e-01
0.000000000000000000e+00 2.362744248686698967e-02 4.725488497373420138e-02 7.088232746060119105e-02 9.450976994746818072e-02 1.181372124343353924e-01 1.417646549212023821e-01 1.653920974080695938e-01 1.890195398949365835e-01 2.126469823818035731e-01 2.362744248686707849e-01 2.599018673555377745e-01 2.835293098424049862e-01 3.071567523292719759e-01 3.307841948161389656e-01 3.544116373030059552e-01 3.780390797898731670e-01 4.016665222767403787e-01 4.252939647636073683e-01 4.489214072504743580e-01 4.725488497373413477e-01
0.000000000000000000e+00 2.364615887854149001e-02 4.729231775708320207e-02 7.093847663562447003e-02 9.458463551416618209e-02 1.182307943927074501e-01 1.418769532712491621e-01 1.655231121497906521e-01 1.891692710283321421e-01 2.128154299068736321e-01 2.364615887854151222e-01 2.601077476639566122e-01 2.837539065424981022e-01 3.074000654210398142e-01 3.310462242995810822e-01 3.546923831781225722e-01 3.783385420566640622e-01 4.019847009352057743e-01 4.256308598137472643e-01 4.492770186922885323e-01 4.729231775708300223e-01
0.000000000000000000e+00 2.364653164497099169e-02 4.729306328994198338e-02 7.093959493491297508e-02 9.458612657988396677e-02 1.182326582248549585e-01 1.418791898698259502e-01 1.655257215147967198e-01 1.891722531597679335e-01 2.128187848047389252e-01 2.364653164497096949e-01 2.601118480946806866e-01 2.837583797396519003e-01 3.074049113846224479e-01 3.310514430295936616e-01 3.546979746745646533e-01 3.783445063195356450e-01 4.019910379645066367e-01 4.256375696094774064e-01 4.492841012544483981e-01 4.729306328994193898e-01
0.000000000000000000e+00 2.363563308043192812e-02 4.727126616086407829e-02 7.090689924129622845e-02 9.454253232172815657e-02 1.181781654021603067e-01 1.418137984825922349e-01 1.654494315630243850e-01 1.890850646434565352e-01 2.127206977238884633e-01 2.363563308043206135e-01 2.599919638847525416e-01 2.836275969651846918e-01 3.072632300456168419e-01 3.308988631260489921e-01 3.545344962064806982e-01 3.781701292869128483e-01 4.018057623673449985e-01 4.254413954477771487e-01 4.490770285282092988e-01 4.727126616086410049e-01
0.000000000000000000e+00 2.363535376215741834e-02 4.727070752431483669e-02 7.090606128647225503e-02 9.454141504862967338e-02 1.181767688107870917e-01 1.418121225729447321e-01 1.654474763351019284e-01 1.890828300972595688e-01 2.127181838594167651e-01 2.363535376215744055e-01 2.599888913837318238e-01 2.836242451458892422e-01 3.072595989080464385e-01 3.308949526702040789e-01 3.545303064323614972e-01 3.781656601945189156e-01 4.018010139566765559e-01 4.254363677188337522e-01 4.490717214809911706e-01 4.727070752431488110e-01
0.000000000000000000e+00 2.364000992880410656e-02 4.728001985760821313e-02 7.092002978641254174e-02 9.456003971521664830e-02 1.182000496440207549e-01 1.418400595728248614e-01 1.654800695016291900e-01 1.891200794304332966e-01 2.127600893592374032e-01 2.364000992880417318e-01 2.600401092168458383e-01 2.836801191456499449e-01 3.073201290744542735e-01 3.309601390032583801e-01 3.546001489320624867e-01 3.782401588608665932e-01 4.018801687896709218e-01 4.255201787184750284e-01 4.491601886472793570e-01 4.728001985760832415e-01
0.000000000000000000e+00 2.357841788815973061e-02 4.715683577631946122e-02 7.073525366447919183e-02 9.431367155263892244e-02 1.178920894407984310e-01 1.414705073289583837e-01 1.650489252171178922e-01 1.886273431052776228e-01 2.122057609934373534e-01 2.357841788815970840e-01 2.593625967697565926e-01 2.829410146579165453e-01 3.065194325460762759e-01 3.300978504342360065e-01 3.536762683223957371e-01 3.772546862105552457e-01 4.008331040987149763e-01 4.244115219868747069e-01 4.479899398750344375e-01 4.715683577631941681e-01
0.000000000000000000e+00 2.364438839848670426e-02 4.728877679697340852e-02 7.093316519546011278e-02 9.457755359394703909e-02 1.182219419924337434e-01 1.418663303909204476e-01 1.655107187894073739e-01 1.891551071878938561e-01 2.127994955863807824e-01 2.364438839848674867e-01 2.600882723833541910e-01 2.837326607818411173e-01 3.073770491803278215e-01 3.310214375788147478e-01 3.546658259773012301e-01 3.783102143757879343e-01 4.019546027742748606e-01 4.255989911727615649e-01 4.492433795712484912e-01 4.728877679697349734e-01
0.000000000000000000e+00 2.363028062927452488e-02 4.726056125854882772e-02 7.089084188782313056e-02 9.452112251709743340e-02 1.181514031463719583e-01 1.417816837756462611e-01 1.654119644049205640e-01 1.890422450341950888e-01 2.126725256634693917e-01 2.363028062927436945e-01 2.599330869220182194e-01 2.835633675512925223e-01 3.071936481805668251e-01 3.308239288098413500e-01 3.544542094391156528e-01 3.780844900683899557e-01 4.017147706976642585e-01 4.253450513269387834e-01 4.489753319562130862e-01 4.726056125854876111e-01
0.000000000000000000e+00 2.364327033715318827e-02 4.728654067430615449e-02 7.092981101145912071e-02 9.457308134861230897e-02 1.182163516857652752e-01 1.418596220229182414e-01 1.655028923600714297e-01 1.891461626972243959e-01 2.127894330343773621e-01 2.364327033715303283e-01 2.600759737086835166e-01 2.837192440458364828e-01 3.073625143829894490e-01 3.310057847201426373e-01 3.546490550572956035e-01 3.782923253944487918e-01 4.019355957316015360e-01 4.255788660687547242e-01 4.492221364059076905e-01 4.728654067430608787e-01
0.000000000000000000e+00 2.365412932106747412e-02 4.730825864213472620e-02 7.096238796320220032e-02 9.461651728426945240e-02 1.182706466053367045e-01 1.419247759264041786e-01 1.655789052474716527e-01 1.892330345685389048e-01 2.128871638896063789e-01 2.365412932106736310e-01 2.601954225317408831e-01 2.838495518528083572e-01 3.075036811738758313e-01 3.311578104949428614e-01 3.548119398160103355e-01 3.784660691370778096e-01 4.021201984581450617e-01 4.257743277792125358e-01 4.494284571002795659e-01 4.730825864213470400e-01
0.000000000000000000e+00 2.358815088553845030e-02 4.717630177107712264e-02 7.076445265661557293e-02 9.435260354215402323e-02 1.179407544276924735e-01 1.415289053132311459e-01 1.651170561987695962e-01 1.887052070843080465e-01 2.122933579698464968e-01 2.358815088553849471e-01 2.594696597409233974e-01 2.830578106264620697e-01 3.066459615120005200e-01 3.302341123975389703e-01 3.538222632830776426e-01 3.774104141686158709e-01 4.009985650541545432e-01 4.245867159396929935e-01 4.481748668252316659e-01 4.717630177107701162e-01
0.000000000000000000e+00 2.367036647644882308e-02 4.734073295289786820e-02 7.101109942934691333e-02 9.468146590579573640e-02 1.183518323822447815e-01 1.420221988586938267e-01 1.656925653351428718e-01 1.893629318115916949e-01 2.130332982880407400e-01 2.367036647644897851e-01 2.603740312409386082e-01 2.840443977173876533e-01 3.077147641938366984e-01 3.313851306702857435e-01 3.550554971467343446e-01 3.787258636231833897e-01 4.023962300996324348e-01 4.260665965760814800e-01 4.497369630525305251e-01 4.734073295289793482e-01
0.000000000000000000e+00 2.363572618799070213e-02 4.727145237598140426e-02 7.090717856397210639e-02 9.454290475196258647e-02 1.181786309399535106e-01 1.418143571279439907e-01 1.654500833159346929e-01 1.890858095039256170e-01 2.127215356919160971e-01 2.363572618799067993e-01 2.599929880678975014e-01 2.836287142558879815e-01 3.072644404438789056e-01 3.309001666318696078e-01 3.545358928198603099e-01 3.781716190078510120e-01 4.018073451958414921e-01 4.254430713838321942e-01 4.490787975718228964e-01 4.727145237598138205e-01
0.000000000000000000e+00 2.368583113581457233e-02 4.737166227162914467e-02 7.105749340744349496e-02 9.474332454325806729e-02 1.184291556790728617e-01 1.421149868148872120e-01 1.658008179507017843e-01 1.894866490865163566e-01 2.131724802223309290e-01 2.368583113581455013e-01 2.605441424939600736e-01 2.842299736297744239e-01 3.079158047655889963e-01 3.316016359014037906e-01 3.552874670372183630e-01 3.789732981730329353e-01 4.026591293088472856e-01 4.263449604446618579e-01 4.500307915804764303e-01 4.737166227162910026e-01
0.000000000000000000e+00 2.369331374686067804e-02 4.738662749372135607e-02 7.107994124058203411e-02 9.477325498744271215e-02 1.184665687343031681e-01 1.421598824811638462e-01 1.658531962280245242e-01 1.895465099748852023e-01 2.132398237217458803e-01 2.369331374686063363e-01 2.606264512154670143e-01 2.843197649623276924e-01 3.080130787091883704e-01 3.317063924560488264e-01 3.553997062029095044e-01 3.790930199497701825e-01 4.027863336966308605e-01 4.264796474434915385e-01 4.501729611903519945e-01 4.738662749372126726e-01
0.000000000000000000e+00 2.358884640712388681e-02 4.717769281424777361e-02 7.076653922137143837e-02 9.435538562849532518e-02 1.179442320356192120e-01 1.415330784427430988e-01 1.651219248498669856e-01 1.887107712569906504e-01 2.122996176641145372e-01 2.358884640712384240e-01 2.594773104783623108e-01 2.830661568854861976e-01 3.066550032926100844e-01 3.302438496997335271e-01 3.538326961068574139e-01 3.774215425139813007e-01 4.010103889211051875e-01 4.245992353282290743e-01 4.481880817353527391e-01 4.717769281424766259e-01
0.000000000000000000e+00 2.362274476608572371e-02 4.724548953217144742e-02 7.086823429825694909e-02 9.449097906434245076e-02 1.181137238304281745e-01 1.417364685965136761e-01 1.653592133625993998e-01 1.889819581286849015e-01 2.126047028947706252e-01 2.362274476608561269e-01 2.598501924269418506e-01 2.834729371930273523e-01 3.070956819591130760e-01 3.307184267251985776e-01 3.543411714912843014e-01 3.779639162573700251e-01 4.015866610234553047e-01 4.252094057895410284e-01 4.488321505556267521e-01 4.724548953217124758e-01
0.000000000000000000e+00 2.361879268604716309e-02 4.723758537209432617e-02 7.085637805814148926e-02 9.447517074418865235e-02 1.180939634302360375e-01 1.417127561162832006e-01 1.653315488023303637e-01 1.889503414883775267e-01 2.125691341744246898e-01 2.361879268604720750e-01 2.598067195465192381e-01 2.834255122325661791e-01 3.070443049186133422e-01 3.306630976046607273e-01 3.542818902907078904e-01 3.779006829767552755e-01 4.015194756628022166e-01 4.251382683488493797e-01 4.487570610348967648e-01 4.723758537209439279e-01
0.000000000000000000e+00 2.365217117076268138e-02 4.730434234152558481e-02 7.095651351228826620e-02 9.460868468305094758e-02 1.182608558538138510e-01 1.419130270245765324e-01 1.655651981953392138e-01 1.892173693661018952e-01 2.128695405368647986e-01 2.365217117076277020e-01 2.601738828783903834e-01 2.838260540491530648e-01 3.074782252199159682e-01 3.311303963906786496e-01 3.547825675614413310e-01 3.784347387322040124e-01 4.020869099029669158e-01 4.257390810737298192e-01 4.493912522444925006e-01 4.730434234152551820e-01
0.000000000000000000e+00 2.363046676079472164e-02 4.726093352158944327e-02 7.089140028238416491e-02 9.452186704317866450e-02 1.181523338039733861e-01 1.417828005647681078e-01 1.654132673255628294e-01 1.890437340863575510e-01 2.126742008471522727e-01 2.363046676079469943e-01 2.599351343687417160e-01 2.835656011295362156e-01 3.071960678903309372e-01 3.308265346511258809e-01 3.544570014119201584e-01 3.780874681727151021e-01 4.017179349335098237e-01 4.253484016943045454e-01 4.489788684550992670e-01 4.726093352158937666e-01
0.000000000000000000e+00 2.365398944243590762e-02 4.730797888487203728e-02 7.096196832730816695e-02 9.461595776974407457e-02 1.182699472121802042e-01 1.419239366546161119e-01 1.655779260970522415e-01 1.892319155394883712e-01 2.128859049819242788e-01 2.365398944243604085e-01 2.601938838667963161e-01 2.838478733092324457e-01 3.075018627516685754e-01 3.311558521941047051e-01 3.548098416365406127e-01 3.784638310789767424e-01 4.021178205214126500e-01 4.257718099638487796e-01 4.494257994062849093e-01 4.730797888487208169e-01
0.000000000000000000e+00 2.369476404951398330e-02 4.738952809902818863e-02 7.108429214854239397e-02 9.477905619805659931e-02 1.184738202475708047e-01 1.421685842970847879e-01 1.658633483465989933e-01 1.895581123961131986e-01 2.132528764456274040e-01 2.369476404951416093e-01 2.606424045446555926e-01 2.843371685941697979e-01 3.080319326436840033e-01 3.317266966931982086e-01 3.554214607427121919e-01 3.791162247922263973e-01 4.028109888417406026e-01 4.265057528912548079e-01 4.502005169407690133e-01 4.738952809902829966e-01
0.000000000000000000e+00 2.363437620018316032e-02 4.726875240036632064e-02 7.090312860054948096e-02 9.453750480073286333e-02 1.181718810009158016e-01 1.418062572010989619e-01 1.654406334012821223e-01 1.890750096014652826e-01 2.127093858016486649e-01 2.363437620018316032e-01 2.599781382020149856e-01 2.836125144021981459e-01 3.072468906023813062e-01 3.308812668025642445e-01 3.545156430027474048e-01 3.781500192029307872e-01 4.017843954031139475e-01 4.254187716032971078e-01 4.490531478034800461e-01 4.726875240036634285e-01
0.000000000000000000e+00 2.361507428908793393e-02 4.723014857817586787e-02 7.084522286726357976e-02 9.446029715635151369e-02 1.180753714454394476e-01 1.416904457345271595e-01 1.653055200236150935e-01 1.889205943127030274e-01 2.125356686017909613e-01 2.361507428908786732e-01 2.597658171799666071e-01 2.833808914690545411e-01 3.069959657581424750e-01 3.306110400472301869e-01 3.542261143363181208e-01 3.778411886254060548e-01 4.014562629144939887e-01 4.250713372035817006e-01 4.486864114926694125e-01 4.723014857817573464e-01
0.000000000000000000e+00 2.362800075609605699e-02 4.725600151219211398e-02 7.088400226828817097e-02 9.451200302438422796e-02 1.181400037804800629e-01 1.417680045365761199e-01 1.653960052926721769e-01 1.890240060487682339e-01 2.126520068048642909e-01 2.362800075609603478e-01 2.599080083170564048e-01 2.835360090731524618e-01 3.071640098292485188e-01 3.307920105853443538e-01 3.544200113414404107e-01 3.780480120975364677e-01 4.016760128536325247e-01 4.253040136097285817e-01 4.489320143658244167e-01 4.725600151219204736e-01
0.000000000000000000e+00 2.362888473633129038e-02 4.725776947266235872e-02 7.088665420899364911e-02 9.451553894532471745e-02 1.181444236816560078e-01 1.417733084179870762e-01 1.654021931543181445e-01 1.890310778906494349e-01 2.126599626269805032e-01 2.362888473633117936e-01 2.599177320996430840e-01 2.835466168359741523e-01 3.071755015723054427e-01 3.308043863086367331e-01 3.544332710449678014e-01 3.780621557812988698e-01 4.016910405176301602e-01 4.253199252539612285e-01 4.489488099902925189e-01 4.725776947266238093e-01
0.000000000000000000e+00 2.362055933484508152e-02 4.724111866969016305e-02 7.086167800453524457e-02 9.448223733938032609e-02 1.181027966742251856e-01 1.417233560090702671e-01 1.653439153439155707e-01 1.889644746787604301e-01 2.125850340136055117e-01 2.362055933484505932e-01 2.598261526832956747e-01 2.834467120181405342e-01 3.070672713529856157e-01 3.306878306878306972e-01 3.543083900226760008e-01 3.779289493575210823e-01 4.015495086923659418e-01 4.251700680272110233e-01 4.487906273620561048e-01 4.724111866969011864e-01
0.000000000000000000e+00 2.360963824131800948e-02 4.721927648263601895e-02 7.082891472395402843e-02 9.443855296527203791e-02 1.180481912065902694e-01 1.416578294479082789e-01 1.652674676892262884e-01 1.888771059305442979e-01 2.124867441718623073e-01 2.360963824131805389e-01 2.597060206544985483e-01 2.833156588958163358e-01 3.069252971371345673e-01 3.305349353784525768e-01 3.541445736197705862e-01 3.777542118610888178e-01 4.013638501024066052e-01 4.249734883437246147e-01 4.485831265850428462e-01 4.721927648263608557e-01
0.000000000000000000e+00 2.363856632095262533e-02 4.727713264190525067e-02 7.091569896285787600e-02 9.455426528381072337e-02 1.181928316047631267e-01 1.418313979257159740e-01 1.654699642466683773e-01 1.891085305676210027e-01 2.127470968885738500e-01 2.363856632095262533e-01 2.600242295304791007e-01 2.836627958514317260e-01 3.073013621723843514e-01 3.309399284933367547e-01 3.545784948142896020e-01 3.782170611352422274e-01 4.018556274561948527e-01 4.254941937771477001e-01 4.491327600981001034e-01 4.727713264190527287e-01
0.000000000000000000e+00 2.368316659726166229e-02 4.736633319452354662e-02 7.104949979178543096e-02 9.473266638904731529e-02 1.184158329863091996e-01 1.420989995835708619e-01 1.657821661808327462e-01 1.894653327780946306e-01 2.131484993753565149e-01 2.368316659726183993e-01 2.605148325698800615e-01 2.841979991671419459e-01 3.078811657644038302e-01 3.315643323616657145e-01 3.552474989589273768e-01 3.789306655561892612e-01 4.026138321534511455e-01 4.262969987507130298e-01 4.499801653479749142e-01 4.736633319452365765e-01
0.000000000000000000e+00 2.358328338262905000e-02 4.716656676525787795e-02 7.074985014788692794e-02 9.433313353051597794e-02 1.179164169131448059e-01 1.414997002957736338e-01 1.650829836784026838e-01 1.886662670610315118e-01 2.122495504436605618e-01 2.358328338262893897e-01 2.594161172089184397e-01 2.829994005915474897e-01 3.065826839741765397e-01 3.301659673568051456e-01 3.537492507394341956e-01 3.773325341220632456e-01 4.009158175046922956e-01 4.244991008873211236e-01 4.480823842699499515e-01 4.716656676525790015e-01
0.000000000000000000e+00 2.366616507544572201e-02 4.733233015089144402e-02 7.099849522633738808e-02 9.466466030178288804e-02 1.183308253772288321e-01 1.419969904526745541e-01 1.656631555281202761e-01 1.893293206035662202e-01 2.129954856790117201e-01 2.366616507544576642e-01 2.603278158299033862e-01 2.839939809053491082e-01 3.076601459807948302e-01 3.313263110562407743e-01 3.549924761316862742e-01 3.786586412071319963e-01 4.023248062825779403e-01 4.259909713580236623e-01 4.496571364334696064e-01 4.733233015089151063e-01
0.000000000000000000e+00 2.365939928785221191e-02 4.731879857570420178e-02 7.097819786355619165e-02 9.463759715140818152e-02 1.182969964392603934e-01 1.419563957271126053e-01 1.656157950149645952e-01 1.892751943028165851e-01 2.129345935906685749e-01 2.365939928785207869e-01 2.602533921663729988e-01 2.839127914542249886e-01 3.075721907420772006e-01 3.312315900299291904e-01 3.548909893177814023e-01 3.785503886056331702e-01 4.022097878934853821e-01 4.258691871813375940e-01 4.495285864691895839e-01 4.731879857570417958e-01
