# Time-averaged data for fix boxsizepressurestretch
# TimeStep v_lx v_ly v_lz v_px v_py v_pz
0 107.566 105.271 51.8818 -252.822 -122.208 634.334
1000 106.502 106.471 51.8938 38.9556 -629.215 91.5717
2000 105.578 107.671 51.9001 -50.0976 -999.091 -334.4
3000 104.667 108.871 51.9105 80.8752 -1371.88 -580.792
4000 103.745 110.071 51.9079 105.76 -1714.94 -245.148
5000 102.899 111.271 51.8843 -88.5322 -2060.64 303.856
6000 101.465 112.471 51.9089 -32.5928 -1810.59 236.373
7000 100.044 113.671 51.8843 325.533 -1932.79 1096.39
8000 98.6235 114.871 51.9493 30.7399 -2244.86 49.6286
9000 97.4455 116.071 51.9148 130.443 -2214.71 1032.56
10000 96.5858 117.271 51.9463 153.86 -2508.02 719.89
11000 96.0509 118.471 51.9724 -278.799 -3448.94 -114.435
12000 95.1192 119.671 51.9719 213.44 -2899.01 338.82
13000 94.4129 120.871 51.9716 35.0743 -3570.66 195.868
14000 93.6478 122.071 51.9971 382.976 -3544.55 91.5179
15000 93.071 123.271 51.9958 172.522 -3866.45 -93.1905
16000 91.5668 124.471 51.9232 20.5739 -2397.96 289.842
17000 90.5325 125.671 51.9679 -56.1947 -2563.57 -311.412
18000 89.5573 126.871 51.9646 -124.814 -2825.31 383.045
19000 88.6762 128.071 51.9545 184.471 -2119.14 598.1
20000 87.2083 129.271 51.9854 -55.6254 -2073.6 -317.489
21000 86.7017 130.471 51.9605 -101.718 -2544.23 535.724
22000 86.0345 131.671 51.9583 24.6089 -2826.04 207.238
23000 85.4961 132.871 51.9696 54.7689 -2856.59 239.656
24000 84.8804 134.071 51.9966 -83.0419 -3186.55 -587.262
25000 83.8417 135.271 51.998 75.8152 -2906.3 -494.969
26000 83.4688 136.471 52.0118 -197.107 -3245.35 -507.152
27000 82.8915 137.671 51.9989 -85.0134 -3353.16 -310.758
28000 82.2896 138.871 52.0024 465.492 -3050.11 80.5838
29000 81.7752 140.071 52.0064 -121.188 -3330.43 -177.054
30000 80.7612 141.271 51.9854 221.441 -2822.79 487.876
31000 80.2626 142.471 51.9949 -78.9041 -3069.17 178.819
32000 79.8637 143.671 52.012 73.6226 -2516.88 -517.555
33000 79.563 144.871 51.9958 -207.162 -2899.28 84.8713
34000 78.9912 146.071 51.9984 -52.3889 -2743.86 -40.0864
35000 78.6616 147.271 52.0161 -235.23 -2900.48 -314.686
36000 78.0015 148.471 51.9956 68.0076 -3052.67 341.859
37000 77.527 149.671 52.0258 -15.2953 -2842.34 -778.153
38000 75.7699 150.871 51.9834 133.466 -1700.56 -342.104
39000 75.131 152.071 52.0008 99.0071 -2312.5 -6.49815
40000 74.7306 153.271 52.0069 148.609 -2466.59 -240.753
41000 74.3894 154.471 51.9781 206.727 -2593.7 502.812
42000 74.0048 155.671 52.0291 -89.1796 -3022.57 -759.098
43000 73.5588 156.871 52.0205 -59.1609 -3207.76 -169.728
44000 73.1504 158.071 52.0186 23.0701 -3313.17 -290.294
45000 72.6227 159.271 51.975 -219.336 -2980.51 604.022
46000 71.8011 160.471 51.996 204.937 -2261.51 -58.472
47000 71.3998 161.671 52.0096 -131.532 -2741.21 -395.953
48000 70.832 162.871 51.993 -125.917 -2742.98 -82.9929
49000 70.0603 164.071 51.9905 -42.8882 -2446.43 1.12238
50000 69.5354 165.271 51.9781 71.1903 -2568.22 245.064
51000 69.0146 166.471 52.0099 144.882 -2899.45 -277.9
52000 68.6817 167.671 51.9974 25.2587 -2953.2 186.809
53000 68.5887 168.871 52.0281 -286.108 -3245.53 -555.851
54000 67.9816 170.071 52.0063 82.2852 -2924.22 -203.285
55000 67.5165 171.271 52.0257 -92.8173 -2877.54 -547.263
56000 67.1112 172.471 51.9957 18.0373 -2012.71 -89.2645
57000 66.3558 173.671 52.005 132.265 -1741.66 -275.978
58000 65.8921 174.871 51.9895 173.11 -1918.64 156.79
59000 65.7164 176.071 51.9777 139.578 -2149.85 311.095
60000 65.5042 177.271 52.0073 -207.739 -2844.04 -451.465
