0.000000000000000000e+00 -3.098874819999999772e+02
1.000000000000000000e+01 -2.320506134999999972e+02
2.000000000000000000e+01 -5.794229839999999285e+02
3.000000000000000000e+01 -8.191106644999999844e+02
4.000000000000000000e+01 -8.690619936000000507e+02
5.000000000000000000e+01 -1.050248621833333345e+03
6.000000000000000000e+01 -1.297988830666666672e+03
7.000000000000000000e+01 -1.608913411499999938e+03
8.000000000000000000e+01 -1.777419637000000193e+03
9.000000000000000000e+01 -1.998319681833333334e+03
1.000000000000000000e+02 -2.292481078999999681e+03
1.100000000000000000e+02 -2.366451069999999618e+03
1.200000000000000000e+02 -2.441526367166666660e+03
1.300000000000000000e+02 -2.559815226333333612e+03
1.400000000000000000e+02 -2.632549520000000030e+03
1.500000000000000000e+02 -2.616435506333333251e+03
1.600000000000000000e+02 -2.547306111833333489e+03
1.700000000000000000e+02 -2.632381063000000267e+03
1.800000000000000000e+02 -2.712864339333333646e+03
1.900000000000000000e+02 -2.652065999500000089e+03
2.000000000000000000e+02 -2.630858439333333081e+03
2.100000000000000000e+02 -2.639283772999999655e+03
2.200000000000000000e+02 -2.739807251166666447e+03
2.300000000000000000e+02 -2.802364542833332962e+03
2.400000000000000000e+02 -2.817887858166666774e+03
2.500000000000000000e+02 -2.927607950833333234e+03
2.600000000000000000e+02 -2.933722208499999851e+03
2.700000000000000000e+02 -2.870682088000000022e+03
2.800000000000000000e+02 -2.681457783833333451e+03
2.900000000000000000e+02 -2.494480692333333081e+03
3.000000000000000000e+02 -2.454719380500000170e+03
3.100000000000000000e+02 -2.371077005833333260e+03
3.200000000000000000e+02 -2.312601826833333234e+03
3.300000000000000000e+02 -2.315539896499999941e+03
3.400000000000000000e+02 -2.460379597833333264e+03
3.500000000000000000e+02 -2.512096313333333455e+03
3.600000000000000000e+02 -2.566846394833333306e+03
3.700000000000000000e+02 -2.563838256833333162e+03
3.800000000000000000e+02 -2.666302124000000276e+03
3.900000000000000000e+02 -2.760522664333333523e+03
4.000000000000000000e+02 -2.811853596999999809e+03
4.100000000000000000e+02 -2.799272461000000021e+03
4.200000000000000000e+02 -2.829969767166666770e+03
4.300000000000000000e+02 -2.764093668500000149e+03
4.400000000000000000e+02 -2.668780843000000004e+03
4.500000000000000000e+02 -2.582994832333333306e+03
4.600000000000000000e+02 -2.416907307833333562e+03
4.700000000000000000e+02 -2.431722533999999996e+03
4.800000000000000000e+02 -2.249026550166666766e+03
4.900000000000000000e+02 -2.225824767999999949e+03
5.000000000000000000e+02 -2.261943583166666940e+03
5.100000000000000000e+02 -2.315088846833333719e+03
5.200000000000000000e+02 -2.261174825000000055e+03
5.300000000000000000e+02 -2.317557759666666698e+03
5.400000000000000000e+02 -2.363534220500000174e+03
5.500000000000000000e+02 -2.451336588666666557e+03
5.600000000000000000e+02 -2.448681518666666761e+03
5.700000000000000000e+02 -2.478895914833333336e+03
5.800000000000000000e+02 -2.617957519666666485e+03
5.900000000000000000e+02 -2.468212687166666456e+03
6.000000000000000000e+02 -2.649964843666666638e+03
6.100000000000000000e+02 -2.719315836500000387e+03
6.200000000000000000e+02 -2.801590576000000510e+03
6.300000000000000000e+02 -2.712483398166666575e+03
6.400000000000000000e+02 -2.702155802166666945e+03
6.500000000000000000e+02 -2.780545939000000089e+03
6.600000000000000000e+02 -2.664540405166666460e+03
6.700000000000000000e+02 -2.471310933333333196e+03
6.800000000000000000e+02 -2.372634582500000306e+03
6.900000000000000000e+02 -2.302362691166666536e+03
7.000000000000000000e+02 -2.323584167499999694e+03
7.100000000000000000e+02 -2.214357482833333506e+03
7.200000000000000000e+02 -2.064820210666666298e+03
7.300000000000000000e+02 -2.148415893500000038e+03
7.400000000000000000e+02 -2.042176289833333385e+03
7.500000000000000000e+02 -2.041242512999999917e+03
7.600000000000000000e+02 -1.977779663000000028e+03
7.700000000000000000e+02 -2.138809611000000132e+03
7.800000000000000000e+02 -2.066528279666666549e+03
7.900000000000000000e+02 -2.048145100833333345e+03
8.000000000000000000e+02 -2.190883361666666588e+03
8.100000000000000000e+02 -2.298322062166666456e+03
8.200000000000000000e+02 -2.281269734666666864e+03
8.300000000000000000e+02 -2.256688924166666766e+03
8.400000000000000000e+02 -2.385029256166666528e+03
8.500000000000000000e+02 -2.406502075166666600e+03
8.600000000000000000e+02 -2.321551066166666715e+03
8.700000000000000000e+02 -2.262169718500000272e+03
8.800000000000000000e+02 -2.343824178166667025e+03
8.900000000000000000e+02 -2.095662740166666936e+03
9.000000000000000000e+02 -2.086844462166666744e+03
9.100000000000000000e+02 -2.046997518000000127e+03
9.200000000000000000e+02 -2.112324300166666944e+03
9.300000000000000000e+02 -2.105841023666666388e+03
9.400000000000000000e+02 -1.988905476833333296e+03
9.500000000000000000e+02 -2.197206766666666681e+03
9.600000000000000000e+02 -2.220847473000000264e+03
9.700000000000000000e+02 -2.312062337166666566e+03
9.800000000000000000e+02 -2.317058919166666328e+03
9.900000000000000000e+02 -2.447952026333333379e+03
1.000000000000000000e+03 -2.525467325833333234e+03
1.010000000000000000e+03 -2.488951537999999800e+03
1.020000000000000000e+03 -2.422644246333333285e+03
1.030000000000000000e+03 -2.297824137333333510e+03
1.040000000000000000e+03 -2.223410074833333510e+03
1.050000000000000000e+03 -1.941296386666666649e+03
1.060000000000000000e+03 -1.881830566333333081e+03
1.070000000000000000e+03 -1.800274943000000121e+03
1.080000000000000000e+03 -1.800429402666666647e+03
1.090000000000000000e+03 -1.714534098333333304e+03
1.100000000000000000e+03 -1.692034200000000055e+03
1.110000000000000000e+03 -1.810967224166666711e+03
1.120000000000000000e+03 -1.643862040166666702e+03
1.130000000000000000e+03 -1.722689066499999853e+03
1.140000000000000000e+03 -1.691655700666666462e+03
1.150000000000000000e+03 -1.849459045333333279e+03
1.160000000000000000e+03 -2.009571248333333415e+03
1.170000000000000000e+03 -1.965105855166666515e+03
1.180000000000000000e+03 -2.185092264666666324e+03
1.190000000000000000e+03 -2.330383565166666813e+03
1.200000000000000000e+03 -2.482640319666666528e+03
1.210000000000000000e+03 -2.514951436166666554e+03
1.220000000000000000e+03 -2.583663919999999962e+03
1.230000000000000000e+03 -2.793754394500000217e+03
1.240000000000000000e+03 -2.801127970333333451e+03
1.250000000000000000e+03 -2.888349243166666838e+03
1.260000000000000000e+03 -2.932461547833333952e+03
1.270000000000000000e+03 -2.927114095000000361e+03
1.280000000000000000e+03 -2.767002766833333226e+03
1.290000000000000000e+03 -2.673664347166666630e+03
1.300000000000000000e+03 -2.754279662999999800e+03
1.310000000000000000e+03 -2.509732421666666596e+03
1.320000000000000000e+03 -2.343694966499999737e+03
1.330000000000000000e+03 -2.177332906000000094e+03
1.340000000000000000e+03 -2.174182108499999686e+03
1.350000000000000000e+03 -2.287681335499999932e+03
1.360000000000000000e+03 -2.182019063333333634e+03
1.370000000000000000e+03 -2.252417907833333174e+03
1.380000000000000000e+03 -2.387037068833333251e+03
1.390000000000000000e+03 -2.539352213666666557e+03
1.400000000000000000e+03 -2.660191569000000072e+03
1.410000000000000000e+03 -2.612776652000000013e+03
1.420000000000000000e+03 -2.567719624833333455e+03
1.430000000000000000e+03 -2.598617736833333311e+03
1.440000000000000000e+03 -2.570441548666666222e+03
1.450000000000000000e+03 -2.588791768499999762e+03
1.460000000000000000e+03 -2.503658711999999923e+03
1.470000000000000000e+03 -2.498616556999999830e+03
1.480000000000000000e+03 -2.583557047666666676e+03
1.490000000000000000e+03 -2.609763631333333251e+03
1.500000000000000000e+03 -2.606720906666666906e+03
1.510000000000000000e+03 -2.527684244833333196e+03
1.520000000000000000e+03 -2.608690470333333451e+03
1.530000000000000000e+03 -2.536510253833333536e+03
1.540000000000000000e+03 -2.563848836166666388e+03
1.550000000000000000e+03 -2.538383748166666919e+03
1.560000000000000000e+03 -2.474289102999999614e+03
1.570000000000000000e+03 -2.576644530999999915e+03
1.580000000000000000e+03 -2.353396992833333115e+03
1.590000000000000000e+03 -2.343973937833333366e+03
1.600000000000000000e+03 -2.289025248166666643e+03
1.610000000000000000e+03 -2.245014139833333047e+03
1.620000000000000000e+03 -2.270316426666666757e+03
1.630000000000000000e+03 -2.313686177666666936e+03
1.640000000000000000e+03 -2.472114095166666630e+03
1.650000000000000000e+03 -2.436268636166666965e+03
1.660000000000000000e+03 -2.223605285666666987e+03
1.670000000000000000e+03 -2.063180582666666851e+03
1.680000000000000000e+03 -1.945419413166667027e+03
1.690000000000000000e+03 -1.659185384000000113e+03
1.700000000000000000e+03 -1.511278889833333551e+03
1.710000000000000000e+03 -1.364598144333333266e+03
1.720000000000000000e+03 -1.293276000833333228e+03
1.730000000000000000e+03 -1.088803759166666850e+03
1.740000000000000000e+03 -9.201970036666666601e+02
1.750000000000000000e+03 -8.940483933333333653e+02
1.760000000000000000e+03 -6.051928494999999657e+02
1.770000000000000000e+03 -5.277483914999999115e+02
1.780000000000000000e+03 -4.858802426666666179e+02
1.790000000000000000e+03 -5.826617291666666461e+02
1.800000000000000000e+03 -6.368959566666666205e+02
1.810000000000000000e+03 -4.847070668333333288e+02
1.820000000000000000e+03 -4.693661410000000274e+02
1.830000000000000000e+03 -3.868786990000000401e+02
1.840000000000000000e+03 -4.091508395000000178e+02
1.850000000000000000e+03 -3.658668225000000689e+02
1.860000000000000000e+03 -3.264030265000000099e+02
1.870000000000000000e+03 -4.933230258333333609e+02
1.880000000000000000e+03 -5.885526578333333418e+02
1.890000000000000000e+03 -5.058941521666667427e+02
1.900000000000000000e+03 -4.301472001666666642e+02
1.910000000000000000e+03 -3.966479835000000094e+02
1.920000000000000000e+03 -3.059524711666666690e+02
1.930000000000000000e+03 -2.035141726666666671e+02
1.940000000000000000e+03 -1.392439929999999890e+02
1.950000000000000000e+03 -1.703537901666666414e+02
1.960000000000000000e+03 -1.991466788333333113e+02
1.970000000000000000e+03 -1.815156159999999943e+02
1.980000000000000000e+03 -2.257972133333333034e+02
1.990000000000000000e+03 -3.271825739999999882e+02
2.000000000000000000e+03 -3.424381688333332932e+02
