0.000000000000000000e+00 0.000000000000000000e+00
1.000000000000000000e+01 1.046350783499638837e-02
2.000000000000000000e+01 2.092680640192878805e-02
3.000000000000000000e+01 3.139031423692495437e-02
4.000000000000000000e+01 4.185361280385735405e-02
5.000000000000000000e+01 5.231701600482163705e-02
6.000000000000000000e+01 6.278052383981802542e-02
7.000000000000000000e+01 7.324382240675020306e-02
8.000000000000000000e+01 8.370733024174636938e-02
9.000000000000000000e+01 9.417062880867876906e-02
1.000000000000000000e+02 1.046340320096430521e-01
1.100000000000000000e+02 1.150975398446394404e-01
1.200000000000000000e+02 1.255608384115718401e-01
1.300000000000000000e+02 1.360243462465680064e-01
1.400000000000000000e+02 1.464876448135004061e-01
1.500000000000000000e+02 1.569510480144646891e-01
1.600000000000000000e+02 1.674145558494610775e-01
1.700000000000000000e+02 1.778778544163932551e-01
1.800000000000000000e+02 1.883413622513896435e-01
1.900000000000000000e+02 1.988046608183218211e-01
2.000000000000000000e+02 2.092680640192861041e-01
2.100000000000000000e+02 2.197315718542824925e-01
2.200000000000000000e+02 2.301948704212148922e-01
2.300000000000000000e+02 2.406583782562110585e-01
2.400000000000000000e+02 2.511216768231434582e-01
2.500000000000000000e+02 2.615850800241077412e-01
2.600000000000000000e+02 2.720485878591041295e-01
2.700000000000000000e+02 2.825118864260365292e-01
2.800000000000000000e+02 2.929753942610326956e-01
2.900000000000000000e+02 3.034386928279648732e-01
3.000000000000000000e+02 3.139020960289291562e-01
3.100000000000000000e+02 3.243656038639255446e-01
3.200000000000000000e+02 3.348289024308579442e-01
3.300000000000000000e+02 3.452924102658541106e-01
3.400000000000000000e+02 3.557557088327865102e-01
3.500000000000000000e+02 3.662191120337507932e-01
3.600000000000000000e+02 3.766826198687471816e-01
3.700000000000000000e+02 3.871459184356795813e-01
3.800000000000000000e+02 3.976094262706757476e-01
3.900000000000000000e+02 4.080727248376081473e-01
4.000000000000000000e+02 4.185361280385722083e-01
4.100000000000000000e+02 4.289996358735685966e-01
4.200000000000000000e+02 4.394629344405009963e-01
4.300000000000000000e+02 4.499264422754971626e-01
4.400000000000000000e+02 4.603897408424295623e-01
4.500000000000000000e+02 4.708531440433938453e-01
4.600000000000000000e+02 4.813165472443583504e-01
4.700000000000000000e+02 4.917799504453226334e-01
4.800000000000000000e+02 5.022434582803187997e-01
4.900000000000000000e+02 5.127067568472511994e-01
5.000000000000000000e+02 5.231701600482154824e-01
5.100000000000000000e+02 5.336335632491797654e-01
5.200000000000000000e+02 5.440969664501440484e-01
5.300000000000000000e+02 5.545604742851402147e-01
5.400000000000000000e+02 5.650237728520726144e-01
5.500000000000000000e+02 5.754871760530368974e-01
5.600000000000000000e+02 5.859505792540014024e-01
5.700000000000000000e+02 5.964139824549656854e-01
5.800000000000000000e+02 6.068774902899618517e-01
5.900000000000000000e+02 6.173407888568942514e-01
6.000000000000000000e+02 6.278041920578585344e-01
6.100000000000000000e+02 6.382675952588230395e-01
6.200000000000000000e+02 6.487309984597871004e-01
6.300000000000000000e+02 6.591945062947834888e-01
6.400000000000000000e+02 6.696578048617156664e-01
6.500000000000000000e+02 6.801211034286480661e-01
6.600000000000000000e+02 6.905846112636442324e-01
6.700000000000000000e+02 7.010480144646087375e-01
6.800000000000000000e+02 7.115115222996049038e-01
6.900000000000000000e+02 7.219749255005694089e-01
7.000000000000000000e+02 7.324381194334697032e-01
7.100000000000000000e+02 7.429016272684658695e-01
7.200000000000000000e+02 7.533650304694303745e-01
7.300000000000000000e+02 7.638285383044265409e-01
7.400000000000000000e+02 7.742919415053910459e-01
7.500000000000000000e+02 7.847551354382911182e-01
7.600000000000000000e+02 7.952186432732872845e-01
7.700000000000000000e+02 8.056820464742517895e-01
7.800000000000000000e+02 8.161455543092479559e-01
7.900000000000000000e+02 8.266089575102124609e-01
8.000000000000000000e+02 8.370721514431127552e-01
8.100000000000000000e+02 8.475356592781089216e-01
8.200000000000000000e+02 8.579990624790734266e-01
8.300000000000000000e+02 8.684625703140695929e-01
8.400000000000000000e+02 8.789259735150340980e-01
8.500000000000000000e+02 8.893891674479341702e-01
8.600000000000000000e+02 8.998526752829303366e-01
8.700000000000000000e+02 9.103160784838948416e-01
8.800000000000000000e+02 9.207795863188910079e-01
8.900000000000000000e+02 9.312429895198555130e-01
9.000000000000000000e+02 9.417061834527558073e-01
9.100000000000000000e+02 9.521696912877519736e-01
9.200000000000000000e+02 9.626330944887164787e-01
9.300000000000000000e+02 9.730966023237126450e-01
9.400000000000000000e+02 9.835600055246771500e-01
9.500000000000000000e+02 9.940231994575772223e-01
9.600000000000000000e+02 1.004486707292573389e+00
9.700000000000000000e+02 1.014950110493538116e+00
9.800000000000000000e+02 1.025413618328534060e+00
9.900000000000000000e+02 1.035877021529498787e+00
1.000000000000000000e+03 1.046340215462398859e+00
1.010000000000000000e+03 1.056803723297395248e+00
1.020000000000000000e+03 1.067267126498359531e+00
1.030000000000000000e+03 1.077730425065291708e+00
1.040000000000000000e+03 1.088193828266255991e+00
1.050000000000000000e+03 1.098657231467220274e+00
1.060000000000000000e+03 1.109120739302216663e+00
1.070000000000000000e+03 1.119584142503180946e+00
1.080000000000000000e+03 1.130047441070113567e+00
1.090000000000000000e+03 1.140510844271077406e+00
1.100000000000000000e+03 1.150974247472042133e+00
1.110000000000000000e+03 1.161437755307038078e+00
1.120000000000000000e+03 1.171901158508002805e+00
1.130000000000000000e+03 1.182364457074934982e+00
1.140000000000000000e+03 1.192827860275898821e+00
1.150000000000000000e+03 1.203291263476863548e+00
1.160000000000000000e+03 1.213754771311859493e+00
1.170000000000000000e+03 1.224218174512824220e+00
1.180000000000000000e+03 1.234681473079756397e+00
1.190000000000000000e+03 1.245144876280720680e+00
1.200000000000000000e+03 1.255608279481684963e+00
1.210000000000000000e+03 1.266071787316681352e+00
1.220000000000000000e+03 1.276535190517645635e+00
1.230000000000000000e+03 1.286998489084577812e+00
1.240000000000000000e+03 1.297461892285542095e+00
1.250000000000000000e+03 1.307925295486506378e+00
1.260000000000000000e+03 1.318388803321502767e+00
1.270000000000000000e+03 1.328852206522467050e+00
1.280000000000000000e+03 1.339315505089399672e+00
1.290000000000000000e+03 1.349778908290363511e+00
1.300000000000000000e+03 1.360242311491328238e+00
1.310000000000000000e+03 1.370705819326324182e+00
1.320000000000000000e+03 1.381169222527288909e+00
1.330000000000000000e+03 1.391632521094221087e+00
1.340000000000000000e+03 1.402095924295185370e+00
1.350000000000000000e+03 1.412559327496149653e+00
1.360000000000000000e+03 1.423022835331146041e+00
1.370000000000000000e+03 1.433486238532110324e+00
1.380000000000000000e+03 1.443949537099042502e+00
1.390000000000000000e+03 1.454412940300006785e+00
1.400000000000000000e+03 1.464876343500971068e+00
1.410000000000000000e+03 1.475339851335967456e+00
1.420000000000000000e+03 1.485803254536931739e+00
1.430000000000000000e+03 1.496266553103864361e+00
1.440000000000000000e+03 1.506729956304828200e+00
1.450000000000000000e+03 1.517193359505792927e+00
1.460000000000000000e+03 1.527656867340788871e+00
1.470000000000000000e+03 1.538120270541753154e+00
1.480000000000000000e+03 1.548583569108685776e+00
1.490000000000000000e+03 1.559046972309649615e+00
1.500000000000000000e+03 1.569510375510614342e+00
1.510000000000000000e+03 1.579973883345610286e+00
1.520000000000000000e+03 1.590437286546575013e+00
1.530000000000000000e+03 1.600900585113507191e+00
1.540000000000000000e+03 1.611363988314471474e+00
1.550000000000000000e+03 1.621827391515435757e+00
1.560000000000000000e+03 1.632290899350432145e+00
1.570000000000000000e+03 1.642754302551396428e+00
1.580000000000000000e+03 1.653217601118328606e+00
1.590000000000000000e+03 1.663681004319292889e+00
1.600000000000000000e+03 1.674144407520257172e+00
1.610000000000000000e+03 1.684607915355253560e+00
1.620000000000000000e+03 1.695071318556217843e+00
1.630000000000000000e+03 1.705534617123150465e+00
1.640000000000000000e+03 1.715998020324114304e+00
1.650000000000000000e+03 1.726461423525079031e+00
1.660000000000000000e+03 1.736924931360074975e+00
1.670000000000000000e+03 1.747388334561039702e+00
1.680000000000000000e+03 1.757851633127971880e+00
1.690000000000000000e+03 1.768315036328936163e+00
1.700000000000000000e+03 1.778778439529900446e+00
1.710000000000000000e+03 1.789241947364896834e+00
1.720000000000000000e+03 1.799705350565861117e+00
1.730000000000000000e+03 1.810168649132793295e+00
1.740000000000000000e+03 1.820632052333757578e+00
1.750000000000000000e+03 1.831095455534721861e+00
1.760000000000000000e+03 1.841558963369718249e+00
1.770000000000000000e+03 1.852022366570682532e+00
1.780000000000000000e+03 1.862485665137615154e+00
1.790000000000000000e+03 1.872949068338578993e+00
1.800000000000000000e+03 1.883412471539543276e+00
1.810000000000000000e+03 1.893875979374539664e+00
1.820000000000000000e+03 1.904339382575503947e+00
1.830000000000000000e+03 1.914802681142436569e+00
1.840000000000000000e+03 1.925266084343400408e+00
1.850000000000000000e+03 1.935729487544365135e+00
1.860000000000000000e+03 1.946192995379361079e+00
1.870000000000000000e+03 1.956656398580325806e+00
1.880000000000000000e+03 1.967119697147257984e+00
1.890000000000000000e+03 1.977583100348222267e+00
1.900000000000000000e+03 1.988046503549186550e+00
1.910000000000000000e+03 1.998510011384182938e+00
1.920000000000000000e+03 2.008973414585147221e+00
1.930000000000000000e+03 2.019436713152079399e+00
1.940000000000000000e+03 2.029900116353043682e+00
1.950000000000000000e+03 2.040363519554007965e+00
1.960000000000000000e+03 2.050827027389004353e+00
1.970000000000000000e+03 2.061290430589968636e+00
1.980000000000000000e+03 2.071753729156901258e+00
1.990000000000000000e+03 2.082217132357865097e+00
2.000000000000000000e+03 2.092680535558829824e+00
