3.200000000000000000e+01 1.927110228124999836e+01 3.255234999999999701e+01
1.024000000000000000e+03 3.110298912343750288e+01 9.111383999999999617e+01
1.024000000000000000e+03 4.905049224316406509e+01 8.917768999999999835e+01
1.024000000000000000e+03 5.564789656152343866e+01 8.943345999999999663e+01
1.024000000000000000e+03 5.131110334472656120e+01 9.144979999999999620e+01
1.024000000000000000e+03 5.060615755048828390e+01 9.288581999999999539e+01
1.024000000000000000e+03 5.357356309384765325e+01 9.573474000000000217e+01
1.024000000000000000e+03 5.766139737499999285e+01 9.597032000000000096e+01
1.024000000000000000e+03 5.076842421874999900e+01 9.474271000000000242e+01
1.024000000000000000e+03 5.286156298593749625e+01 9.512636999999999432e+01
1.024000000000000000e+03 5.409243427539062310e+01 9.674689999999999657e+01
1.024000000000000000e+03 5.059179161699218241e+01 9.438056000000000267e+01
1.024000000000000000e+03 5.505221542089843467e+01 9.509065999999999974e+01
1.024000000000000000e+03 5.401744716757812625e+01 9.340963999999999601e+01
