# Time-averaged data for fix boxsizepressurestretch
# TimeStep v_lx v_ly v_lz v_px v_py v_pz
0 105.541 105.274 51.9056 211.875 208.834 203.572
1000 104.828 106.474 51.9063 -244.669 -746.661 33.2104
2000 103.98 107.674 51.9082 -85.5074 -1208.11 -61.4303
3000 103.234 108.874 51.8571 53.2728 -1664.97 724.122
4000 102.467 110.074 51.8815 -184.323 -2415.35 181.471
5000 101.696 111.274 51.8776 -79.5059 -2721.95 7.69084
6000 100.991 112.474 51.8979 20.6515 -2900.34 -244.959
7000 100.287 113.674 51.8975 167.954 -3174.51 65.7312
8000 99.5864 114.874 51.8829 -174.538 -3877.77 189.651
9000 98.7174 116.074 51.9164 -130.284 -4078.37 -15.7866
10000 97.8043 117.274 51.9248 -29.0838 -4148.91 64.7941
11000 97.1256 118.474 51.9382 -311.912 -4505.31 -49.7501
12000 96.0972 119.674 51.9415 -19.0502 -4459.8 229.116
13000 95.6363 120.874 51.9629 -151.349 -4550.19 -63.6219
14000 94.8882 122.074 51.9689 17.3138 -4462 -165.82
15000 92.8599 123.274 51.9577 -23.5474 -3565.89 -12.9117
16000 92.1962 124.474 51.9598 -89.2955 -3289.63 53.235
17000 90.7604 125.674 51.9382 61.4239 -2026.4 337.519
18000 90.1833 126.874 51.9692 -132.415 -2430.36 -471.854
19000 89.5318 128.074 51.9522 -63.5965 -2613.17 0.802163
20000 88.8837 129.274 51.9644 10.7491 -2799.11 -254.072
21000 88.3457 130.474 51.9842 125.026 -2843.71 -516.829
22000 87.8131 131.674 51.9651 -88.4479 -3446.11 -218.647
23000 87.4236 132.874 51.9657 -86.7079 -3725.33 -19.6827
24000 86.7758 134.074 51.9454 104.184 -3627.17 302.72
25000 85.1384 135.274 51.9492 -42.5356 -3316.72 176.844
26000 84.4915 136.474 51.9807 -92.7192 -3346.38 -398.89
27000 83.844 137.674 51.9941 27.7115 -3658.4 -630.103
28000 83.2958 138.874 51.9954 -26.0348 -3724.52 -693.144
29000 82.5372 140.074 51.9935 108.952 -3282.55 -560.591
30000 81.338 141.274 51.9622 92.3372 -2369.71 -81.0172
31000 80.6651 142.474 51.9559 124.667 -2437.09 445.038
32000 80.422 143.674 51.9782 -258.46 -3315.18 93.135
33000 79.7553 144.874 51.9693 14.6082 -3042.37 262.838
34000 79.3096 146.074 52.0046 -74.8139 -3581.24 -721.529
35000 78.9104 147.274 51.9871 66.6787 -3733.7 -386.355
36000 78.3983 148.474 51.9558 46.1225 -3719.21 574.717
37000 77.9719 149.674 51.9797 89.0594 -3956.81 -103.314
38000 77.5104 150.874 51.9669 194.106 -3806.52 592.289
39000 76.6435 152.074 51.9511 -123.316 -3255.31 264.951
40000 75.5535 153.274 51.9683 60.0502 -2643.44 12.7124
41000 74.8837 154.474 51.9678 66.1281 -2570.59 71.2988
42000 74.3302 155.674 51.9179 267.73 -2610.72 907.137
43000 73.5929 156.874 51.9641 5.08682 -2529 158.689
44000 73.2059 158.074 51.9718 -85.2172 -2775.32 21.8041
45000 72.9069 159.274 51.9662 -120.621 -3147.52 103.121
46000 72.3628 160.474 51.9969 106.905 -2812.19 -793.938
47000 71.5634 161.674 51.979 -133.963 -2178.11 -119.431
48000 71.005 162.874 51.9674 99.7056 -2780.17 153.935
49000 70.7378 164.074 51.9599 -81.9518 -2614.33 212.693
50000 70.2292 165.274 51.9784 133.774 -2893.57 -142.826
51000 70.0301 166.474 51.9746 -37.9798 -2923.86 -94.6959
52000 69.4951 167.674 51.9731 112.712 -3017.55 -245.866
53000 69.1025 168.874 51.9774 10.3029 -3047.4 -55.5665
54000 68.5712 170.074 51.9712 100.459 -2689.74 -211.816
55000 68.2572 171.274 51.9739 -104.637 -2770.36 2.68221
56000 67.6565 172.474 51.9999 85.7909 -2686.35 -126.026
57000 67.2365 173.674 52.0064 -194.511 -3020.6 -269.338
58000 66.5971 174.874 51.9481 -88.6328 -2444.31 793.027
59000 66.0498 176.074 51.977 -88.9738 -2555.4 243.253
60000 65.9325 177.274 51.9723 -450.045 -3034.31 324.668
