0.000000000000000000e+00 -1.159381600000000034e+01
1.000000000000000000e+01 -4.120593284999999923e+02
2.000000000000000000e+01 -7.183890803333333679e+02
3.000000000000000000e+01 -8.968419812499998898e+02
4.000000000000000000e+01 -1.127323438599999918e+03
5.000000000000000000e+01 -1.306789958666666507e+03
6.000000000000000000e+01 -1.732638987333333489e+03
7.000000000000000000e+01 -2.130846679833333383e+03
8.000000000000000000e+01 -2.475969726666666702e+03
9.000000000000000000e+01 -2.823688232500000140e+03
1.000000000000000000e+02 -2.966541910833333532e+03
1.100000000000000000e+02 -3.168537272166666753e+03
1.200000000000000000e+02 -3.255901448666666965e+03
1.300000000000000000e+02 -3.161406575666666413e+03
1.400000000000000000e+02 -3.082540364833333570e+03
1.500000000000000000e+02 -3.026442667833332962e+03
1.600000000000000000e+02 -3.014492187666666723e+03
1.700000000000000000e+02 -2.920360962000000200e+03
1.800000000000000000e+02 -2.966377766999999949e+03
1.900000000000000000e+02 -3.036468424500000310e+03
2.000000000000000000e+02 -3.020670369500000106e+03
2.100000000000000000e+02 -3.012245442833333072e+03
2.200000000000000000e+02 -3.040950846499999898e+03
2.300000000000000000e+02 -3.055190592666666362e+03
2.400000000000000000e+02 -3.122070394166666574e+03
2.500000000000000000e+02 -3.073584473000000344e+03
2.600000000000000000e+02 -3.170694498999999723e+03
2.700000000000000000e+02 -3.054745971833333442e+03
2.800000000000000000e+02 -2.992884562333333179e+03
2.900000000000000000e+02 -2.847724243333333561e+03
3.000000000000000000e+02 -2.640316609833333587e+03
3.100000000000000000e+02 -2.627971923999999944e+03
3.200000000000000000e+02 -2.547997680833333106e+03
3.300000000000000000e+02 -2.675513224499999978e+03
3.400000000000000000e+02 -2.616836588666666557e+03
3.500000000000000000e+02 -2.764294921999999588e+03
3.600000000000000000e+02 -2.796702107833333230e+03
3.700000000000000000e+02 -2.810462321000000429e+03
3.800000000000000000e+02 -2.728917724666666800e+03
3.900000000000000000e+02 -2.610377360166666676e+03
4.000000000000000000e+02 -2.603358968333333451e+03
4.100000000000000000e+02 -2.580364013833333502e+03
4.200000000000000000e+02 -2.577812947833333510e+03
4.300000000000000000e+02 -2.502402873000000454e+03
4.400000000000000000e+02 -2.528698852833333603e+03
4.500000000000000000e+02 -2.628714599833333068e+03
4.600000000000000000e+02 -2.592605428333333293e+03
4.700000000000000000e+02 -2.611292765499999859e+03
4.800000000000000000e+02 -2.561163004666666438e+03
4.900000000000000000e+02 -2.556818562833333090e+03
5.000000000000000000e+02 -2.512287516166666592e+03
5.100000000000000000e+02 -2.468172607333333417e+03
5.200000000000000000e+02 -2.574882161333333443e+03
5.300000000000000000e+02 -2.499955688499999724e+03
5.400000000000000000e+02 -2.624738118499999928e+03
5.500000000000000000e+02 -2.753795613666666668e+03
5.600000000000000000e+02 -2.750552205499999673e+03
5.700000000000000000e+02 -2.696960123833333455e+03
5.800000000000000000e+02 -2.643929768999999851e+03
5.900000000000000000e+02 -2.606946899500000200e+03
6.000000000000000000e+02 -2.483341756333333251e+03
6.100000000000000000e+02 -2.404393432833333009e+03
6.200000000000000000e+02 -2.392374756166666430e+03
6.300000000000000000e+02 -2.297637105499999961e+03
6.400000000000000000e+02 -2.215099894333333395e+03
6.500000000000000000e+02 -2.173135721999999987e+03
6.600000000000000000e+02 -2.116376159833333531e+03
6.700000000000000000e+02 -2.142167826500000047e+03
6.800000000000000000e+02 -2.188892191666666804e+03
6.900000000000000000e+02 -2.360963175666666757e+03
7.000000000000000000e+02 -2.532479146500000297e+03
7.100000000000000000e+02 -2.686267171333333408e+03
7.200000000000000000e+02 -2.701803548166666587e+03
7.300000000000000000e+02 -2.668490966666666736e+03
7.400000000000000000e+02 -2.710790730666666605e+03
7.500000000000000000e+02 -2.663513671666666596e+03
7.600000000000000000e+02 -2.636125650833333111e+03
7.700000000000000000e+02 -2.585524780000000192e+03
7.800000000000000000e+02 -2.798573241999999937e+03
7.900000000000000000e+02 -2.852877278500000102e+03
8.000000000000000000e+02 -2.856276814666666269e+03
8.100000000000000000e+02 -2.881083780833333094e+03
8.200000000000000000e+02 -2.859609008833333064e+03
8.300000000000000000e+02 -2.942136189833332992e+03
8.400000000000000000e+02 -2.850695556666667017e+03
8.500000000000000000e+02 -2.947304606166666872e+03
8.600000000000000000e+02 -2.849886149166666655e+03
8.700000000000000000e+02 -2.931135213333333468e+03
8.800000000000000000e+02 -2.906339843833333362e+03
8.900000000000000000e+02 -2.789199218833333362e+03
9.000000000000000000e+02 -2.758413126666666813e+03
9.100000000000000000e+02 -2.647138834666666753e+03
9.200000000000000000e+02 -2.673278157500000361e+03
9.300000000000000000e+02 -2.601173136333333332e+03
9.400000000000000000e+02 -2.634972696833332975e+03
9.500000000000000000e+02 -2.694080118833333472e+03
9.600000000000000000e+02 -2.765983072999999877e+03
9.700000000000000000e+02 -2.815366495833333374e+03
9.800000000000000000e+02 -2.868139567166666438e+03
9.900000000000000000e+02 -2.988174072333333243e+03
1.000000000000000000e+03 -3.174358195000000251e+03
1.010000000000000000e+03 -3.224614054333333570e+03
1.020000000000000000e+03 -3.284953491166666936e+03
1.030000000000000000e+03 -3.271752766833333681e+03
1.040000000000000000e+03 -3.303523355999999694e+03
1.050000000000000000e+03 -3.157709228499999881e+03
1.060000000000000000e+03 -2.956882242833333294e+03
1.070000000000000000e+03 -2.886253010999999333e+03
1.080000000000000000e+03 -2.717348510666666698e+03
1.090000000000000000e+03 -2.667423339833333102e+03
1.100000000000000000e+03 -2.623103515666666226e+03
1.110000000000000000e+03 -2.586127970333333451e+03
1.120000000000000000e+03 -2.681634073833333332e+03
1.130000000000000000e+03 -2.659980672166666864e+03
1.140000000000000000e+03 -2.696950561499999822e+03
1.150000000000000000e+03 -2.730817830333333404e+03
1.160000000000000000e+03 -2.757201171666667051e+03
1.170000000000000000e+03 -2.935717203499999869e+03
1.180000000000000000e+03 -2.968545247166666741e+03
1.190000000000000000e+03 -2.939183674833333498e+03
1.200000000000000000e+03 -3.135251952833333689e+03
1.210000000000000000e+03 -3.034417032666666728e+03
1.220000000000000000e+03 -2.960598876833333634e+03
1.230000000000000000e+03 -2.728124430333333294e+03
1.240000000000000000e+03 -2.385694946333333519e+03
1.250000000000000000e+03 -2.235131795333333230e+03
1.260000000000000000e+03 -1.988069091833333687e+03
1.270000000000000000e+03 -1.923742431666666562e+03
1.280000000000000000e+03 -1.909966715499999964e+03
1.290000000000000000e+03 -1.825099792499999921e+03
1.300000000000000000e+03 -1.992588032999999996e+03
1.310000000000000000e+03 -2.102364847833333442e+03
1.320000000000000000e+03 -2.045449035666666759e+03
1.330000000000000000e+03 -2.008118937166666683e+03
1.340000000000000000e+03 -2.095876993833333017e+03
1.350000000000000000e+03 -2.142062703333333502e+03
1.360000000000000000e+03 -2.031804300833333400e+03
1.370000000000000000e+03 -2.087953958999999941e+03
1.380000000000000000e+03 -2.121555277333333379e+03
1.390000000000000000e+03 -2.303054117666666571e+03
1.400000000000000000e+03 -2.361191121166666562e+03
1.410000000000000000e+03 -2.443888000333332911e+03
1.420000000000000000e+03 -2.654480956999999762e+03
1.430000000000000000e+03 -2.764463501000000178e+03
1.440000000000000000e+03 -2.813645467166666549e+03
1.450000000000000000e+03 -2.707277384499999698e+03
1.460000000000000000e+03 -2.505572184333333553e+03
1.470000000000000000e+03 -2.528406697666666787e+03
1.480000000000000000e+03 -2.329841959666666753e+03
1.490000000000000000e+03 -2.117993692999999894e+03
1.500000000000000000e+03 -1.931617146833333209e+03
1.510000000000000000e+03 -1.726753478999999970e+03
1.520000000000000000e+03 -1.652289571166666747e+03
1.530000000000000000e+03 -1.515292887333333283e+03
1.540000000000000000e+03 -1.481896789499999841e+03
1.550000000000000000e+03 -1.342491475333333256e+03
1.560000000000000000e+03 -1.306440246500000057e+03
1.570000000000000000e+03 -1.493840820166666845e+03
1.580000000000000000e+03 -1.432537719500000094e+03
1.590000000000000000e+03 -1.259063995166666700e+03
1.600000000000000000e+03 -1.200091542333333337e+03
1.610000000000000000e+03 -1.170922068166666804e+03
1.620000000000000000e+03 -1.117431233666666685e+03
1.630000000000000000e+03 -8.403992665000000670e+02
1.640000000000000000e+03 -7.592214914999999564e+02
1.650000000000000000e+03 -7.624805959999999914e+02
1.660000000000000000e+03 -6.127462718333333669e+02
1.670000000000000000e+03 -6.842988433333333660e+02
1.680000000000000000e+03 -7.749994759999999587e+02
1.690000000000000000e+03 -9.717197163333333947e+02
1.700000000000000000e+03 -9.697500304999999798e+02
1.710000000000000000e+03 -9.801070556666667244e+02
1.720000000000000000e+03 -9.235005213333333813e+02
1.730000000000000000e+03 -7.847578863333333175e+02
1.740000000000000000e+03 -5.827201386666666849e+02
1.750000000000000000e+03 -3.037812476666666726e+02
1.760000000000000000e+03 -2.014760160000000440e+02
1.770000000000000000e+03 2.139487433333333044e+01
1.780000000000000000e+03 3.233564999999996914e+00
1.790000000000000000e+03 2.581161366666666979e+01
1.800000000000000000e+03 -8.560759166666665365e+00
1.810000000000000000e+03 -1.192577349999999825e+01
1.820000000000000000e+03 -1.416105049999999999e+01
1.830000000000000000e+03 -1.428008235000000070e+02
1.840000000000000000e+03 -1.034639999999999986e+02
1.850000000000000000e+03 -1.279691573333333281e+02
1.860000000000000000e+03 -1.256836858333333424e+02
1.870000000000000000e+03 -1.711213956666666718e+02
1.880000000000000000e+03 -2.568801116666666644e+02
1.890000000000000000e+03 -2.991670201666666458e+02
1.900000000000000000e+03 -4.599636256666665872e+02
1.910000000000000000e+03 -3.916367511666666701e+02
1.920000000000000000e+03 -3.177787313333332690e+02
1.930000000000000000e+03 -3.145241281666666850e+02
1.940000000000000000e+03 -2.761851083333332895e+02
1.950000000000000000e+03 -1.730243646666666564e+02
1.960000000000000000e+03 -6.564037083333333555e+01
1.970000000000000000e+03 -4.367845116666666172e+01
1.980000000000000000e+03 -5.489490366666666432e+01
1.990000000000000000e+03 -8.631206116666665196e+01
2.000000000000000000e+03 -8.099767166666667606e+01
