0.000000000000000000e+00 0.000000000000000000e+00
1.000000000000000000e+01 1.066621157497271710e-02
2.000000000000000000e+01 2.133231648782984990e-02
3.000000000000000000e+01 3.199863472491837335e-02
4.000000000000000000e+01 4.266473963777528411e-02
5.000000000000000000e+01 5.333105787486402960e-02
6.000000000000000000e+01 6.399726944983674670e-02
7.000000000000000000e+01 7.466337436269387950e-02
8.000000000000000000e+01 8.532969259978218091e-02
9.000000000000000000e+01 9.599579751263931371e-02
1.000000000000000000e+02 1.066621157497280592e-01
1.100000000000000000e+02 1.173283273247007763e-01
1.200000000000000000e+02 1.279944322375579091e-01
1.300000000000000000e+02 1.386607504746462105e-01
1.400000000000000000e+02 1.493268553875033433e-01
1.500000000000000000e+02 1.599931736245920888e-01
1.600000000000000000e+02 1.706593851995648059e-01
1.700000000000000000e+02 1.813254901124219387e-01
1.800000000000000000e+02 1.919918083495102401e-01
1.900000000000000000e+02 2.026579132623673729e-01
2.000000000000000000e+02 2.133242314994558964e-01
2.100000000000000000e+02 2.239904430744288355e-01
2.200000000000000000e+02 2.346565479872859683e-01
2.300000000000000000e+02 2.453228662243742697e-01
2.400000000000000000e+02 2.559889711372314025e-01
2.500000000000000000e+02 2.666552893743199260e-01
2.600000000000000000e+02 2.773215009492928651e-01
2.700000000000000000e+02 2.879876058621497759e-01
2.800000000000000000e+02 2.986539240992382993e-01
2.900000000000000000e+02 3.093200290120954321e-01
3.000000000000000000e+02 3.199863472491839556e-01
3.100000000000000000e+02 3.306525588241566727e-01
3.200000000000000000e+02 3.413186637370138055e-01
3.300000000000000000e+02 3.519849819741023289e-01
3.400000000000000000e+02 3.626510868869594617e-01
3.500000000000000000e+02 3.733174051240479852e-01
3.600000000000000000e+02 3.839836166990207023e-01
3.700000000000000000e+02 3.946497216118778351e-01
3.800000000000000000e+02 4.053160398489663585e-01
3.900000000000000000e+02 4.159821447618234913e-01
4.000000000000000000e+02 4.266484629989120148e-01
4.100000000000000000e+02 4.373146745738847319e-01
4.200000000000000000e+02 4.479807794867418647e-01
4.300000000000000000e+02 4.586470977238303881e-01
4.400000000000000000e+02 4.693132026366872989e-01
4.500000000000000000e+02 4.799795208737760444e-01
4.600000000000000000e+02 4.906456257866329551e-01
4.700000000000000000e+02 5.013118373616058943e-01
4.800000000000000000e+02 5.119781555986941957e-01
4.900000000000000000e+02 5.226442605115513285e-01
5.000000000000000000e+02 5.333105787486400740e-01
5.100000000000000000e+02 5.439766836614969847e-01
5.200000000000000000e+02 5.546428952364699239e-01
5.300000000000000000e+02 5.653092134735582253e-01
5.400000000000000000e+02 5.759753183864153581e-01
5.500000000000000000e+02 5.866416366235041036e-01
5.600000000000000000e+02 5.973077415363610143e-01
5.700000000000000000e+02 6.079739531113339535e-01
5.800000000000000000e+02 6.186402713484222549e-01
5.900000000000000000e+02 6.293063762612793877e-01
6.000000000000000000e+02 6.399726944983679111e-01
6.100000000000000000e+02 6.506387994112248219e-01
6.200000000000000000e+02 6.613050109861977610e-01
6.300000000000000000e+02 6.719713292232862845e-01
6.400000000000000000e+02 6.826374341361434173e-01
6.500000000000000000e+02 6.933037523732319407e-01
6.600000000000000000e+02 7.039698572860888515e-01
6.700000000000000000e+02 7.146360688610617906e-01
6.800000000000000000e+02 7.253023870981503141e-01
6.900000000000000000e+02 7.359685986731232532e-01
7.000000000000000000e+02 7.466347035859803860e-01
7.100000000000000000e+02 7.573009151609528811e-01
7.200000000000000000e+02 7.679671267359258202e-01
7.300000000000000000e+02 7.786334449730143437e-01
7.400000000000000000e+02 7.892996565479872828e-01
7.500000000000000000e+02 7.999657614608444156e-01
7.600000000000000000e+02 8.106319730358169107e-01
7.700000000000000000e+02 8.212981846107898498e-01
7.800000000000000000e+02 8.319645028478783733e-01
7.900000000000000000e+02 8.426307144228513124e-01
8.000000000000000000e+02 8.532968193357084452e-01
8.100000000000000000e+02 8.639630309106809403e-01
8.200000000000000000e+02 8.746292424856538794e-01
8.300000000000000000e+02 8.852955607227424029e-01
8.400000000000000000e+02 8.959617722977153420e-01
8.500000000000000000e+02 9.066278772105722528e-01
8.600000000000000000e+02 9.172940887855449699e-01
8.700000000000000000e+02 9.279603003605179090e-01
8.800000000000000000e+02 9.386266185976062104e-01
8.900000000000000000e+02 9.492928301725791496e-01
9.000000000000000000e+02 9.599589350854362824e-01
9.100000000000000000e+02 9.706251466604089995e-01
9.200000000000000000e+02 9.812913582353819386e-01
9.300000000000000000e+02 9.919576764724702400e-01
9.400000000000000000e+02 1.002623888047443401e+00
9.500000000000000000e+02 1.013289992960300534e+00
9.600000000000000000e+02 1.023956204535272807e+00
9.700000000000000000e+02 1.034622416110245968e+00
9.800000000000000000e+02 1.045288734347334270e+00
9.900000000000000000e+02 1.055954945922307431e+00
1.000000000000000000e+03 1.066621050835164564e+00
1.010000000000000000e+03 1.077287262410136837e+00
1.020000000000000000e+03 1.087953473985109998e+00
1.030000000000000000e+03 1.098619578897967131e+00
1.040000000000000000e+03 1.109285790472939404e+00
1.050000000000000000e+03 1.119952108710028149e+00
1.060000000000000000e+03 1.130618320285000866e+00
1.070000000000000000e+03 1.141284531859974027e+00
1.080000000000000000e+03 1.151950636772831160e+00
1.090000000000000000e+03 1.162616848347803433e+00
1.100000000000000000e+03 1.173283166584892179e+00
1.110000000000000000e+03 1.183949378159864896e+00
1.120000000000000000e+03 1.194615589734838057e+00
1.130000000000000000e+03 1.205281694647695190e+00
1.140000000000000000e+03 1.215947906222667463e+00
1.150000000000000000e+03 1.226614224459756208e+00
1.160000000000000000e+03 1.237280436034728925e+00
1.170000000000000000e+03 1.247946647609702087e+00
1.180000000000000000e+03 1.258612752522558775e+00
1.190000000000000000e+03 1.269278964097531492e+00
1.200000000000000000e+03 1.279945282334620238e+00
1.210000000000000000e+03 1.290611493909592955e+00
1.220000000000000000e+03 1.301277705484565672e+00
1.230000000000000000e+03 1.311943810397422805e+00
1.240000000000000000e+03 1.322610021972395522e+00
1.250000000000000000e+03 1.333276340209484268e+00
1.260000000000000000e+03 1.343942551784456985e+00
1.270000000000000000e+03 1.354608763359429702e+00
1.280000000000000000e+03 1.365274868272286835e+00
1.290000000000000000e+03 1.375941079847259552e+00
1.300000000000000000e+03 1.386607398084348297e+00
1.310000000000000000e+03 1.397273609659321014e+00
1.320000000000000000e+03 1.407939821234293731e+00
1.330000000000000000e+03 1.418605926147150864e+00
1.340000000000000000e+03 1.429272137722123581e+00
1.350000000000000000e+03 1.439938455959212327e+00
1.360000000000000000e+03 1.450604667534185044e+00
1.370000000000000000e+03 1.461270879109157761e+00
1.380000000000000000e+03 1.471936984022014894e+00
1.390000000000000000e+03 1.482603195596987611e+00
1.400000000000000000e+03 1.493269513834076356e+00
1.410000000000000000e+03 1.503935725409049073e+00
1.420000000000000000e+03 1.514601936984021791e+00
1.430000000000000000e+03 1.525268041896878923e+00
1.440000000000000000e+03 1.535934253471851640e+00
1.450000000000000000e+03 1.546600571708940386e+00
1.460000000000000000e+03 1.557266783283913103e+00
1.470000000000000000e+03 1.567932994858885820e+00
1.480000000000000000e+03 1.578599099771742953e+00
1.490000000000000000e+03 1.589265311346715670e+00
1.500000000000000000e+03 1.599931629583804416e+00
1.510000000000000000e+03 1.610597841158777133e+00
1.520000000000000000e+03 1.621264052733749850e+00
1.530000000000000000e+03 1.631930157646606983e+00
1.540000000000000000e+03 1.642596369221579700e+00
1.550000000000000000e+03 1.653262687458668445e+00
1.560000000000000000e+03 1.663928899033640718e+00
1.570000000000000000e+03 1.674595110608613879e+00
1.580000000000000000e+03 1.685261215521471012e+00
1.590000000000000000e+03 1.695927427096443729e+00
1.600000000000000000e+03 1.706593745333532475e+00
1.610000000000000000e+03 1.717259956908504748e+00
1.620000000000000000e+03 1.727926168483477909e+00
1.630000000000000000e+03 1.738592273396335042e+00
1.640000000000000000e+03 1.749258484971307759e+00
1.650000000000000000e+03 1.759924803208396504e+00
1.660000000000000000e+03 1.770591014783368777e+00
1.670000000000000000e+03 1.781257226358341939e+00
1.680000000000000000e+03 1.791923331271199071e+00
1.690000000000000000e+03 1.802589542846171344e+00
1.700000000000000000e+03 1.813255861083260534e+00
1.710000000000000000e+03 1.823922072658232807e+00
1.720000000000000000e+03 1.834588284233205968e+00
1.730000000000000000e+03 1.845254389146063101e+00
1.740000000000000000e+03 1.855920600721035374e+00
1.750000000000000000e+03 1.866586918958124564e+00
1.760000000000000000e+03 1.877253130533096837e+00
1.770000000000000000e+03 1.887919342108069998e+00
1.780000000000000000e+03 1.898585447020927131e+00
1.790000000000000000e+03 1.909251658595899404e+00
1.800000000000000000e+03 1.919917976832988149e+00
1.810000000000000000e+03 1.930584188407960866e+00
1.820000000000000000e+03 1.941250399982934027e+00
1.830000000000000000e+03 1.951916504895791160e+00
1.840000000000000000e+03 1.962582716470763433e+00
1.850000000000000000e+03 1.973249034707852179e+00
1.860000000000000000e+03 1.983915246282824896e+00
1.870000000000000000e+03 1.994581457857798057e+00
1.880000000000000000e+03 2.005247562770655190e+00
1.890000000000000000e+03 2.015913774345627463e+00
1.900000000000000000e+03 2.026580092582716208e+00
1.910000000000000000e+03 2.037246304157688925e+00
1.920000000000000000e+03 2.047912515732662087e+00
1.930000000000000000e+03 2.058578620645518775e+00
1.940000000000000000e+03 2.069244832220491492e+00
1.950000000000000000e+03 2.079911150457580238e+00
1.960000000000000000e+03 2.090577362032552955e+00
1.970000000000000000e+03 2.101243573607525672e+00
1.980000000000000000e+03 2.111909678520382805e+00
1.990000000000000000e+03 2.122575890095355522e+00
2.000000000000000000e+03 2.133242208332444267e+00
