# step_count,fitted_elastic_modulus,elastic_modulus_match_degree,average_persistence_length,persistence_length_match_degree,average_end_to_end_distance,end_to_end_distance_match_degree,system_stable_enough_switch,fracture_average_direction_angle_match_degree,fracture_rotation_angle_match_degree,max_stress_match_degree,max_strain_energy_match_degree,equivalent_strain_match_degree,reward_value
1.000000e+00,2.607782e+03,9.481302e-01,1.049358e+01,6.917245e-01,9.122785e+00,9.009137e-01,-1.000000e+00,0.000000e+00,0.000000e+00,0.000000e+00,0.000000e+00,6.630454e-01,1.101907e+01
2.000000e+00,2.612674e+03,9.347372e-01,9.497586e+00,7.176553e-01,8.988159e+00,8.656890e-01,1.000000e+00,0.000000e+00,0.000000e+00,0.000000e+00,0.000000e+00,2.139548e-01,1.866018e+01
3.000000e+00,2.601638e+03,9.755168e-01,8.872893e+00,7.221450e-01,8.963503e+00,8.628082e-01,1.000000e+00,0.000000e+00,0.000000e+00,0.000000e+00,0.000000e+00,7.221112e-01,2.141291e+01
4.000000e+00,2.601155e+03,9.793572e-01,1.043303e+01,6.674073e-01,9.119440e+00,8.796398e-01,1.000000e+00,0.000000e+00,0.000000e+00,0.000000e+00,0.000000e+00,7.981576e-01,2.162281e+01
5.000000e+00,2.602634e+03,9.691503e-01,9.860227e+00,7.528938e-01,9.081256e+00,8.798261e-01,1.000000e+00,0.000000e+00,0.000000e+00,0.000000e+00,6.716989e-01,9.333991e-01,2.267635e+01
6.000000e+00,2.600358e+03,9.884090e-01,9.108940e+00,7.307323e-01,8.995303e+00,8.541306e-01,1.000000e+00,5.000000e-01,5.000000e-01,0.000000e+00,0.000000e+00,3.138865e-01,2.443579e+01
7.000000e+00,2.604913e+03,9.583392e-01,1.057186e+01,6.734390e-01,9.139264e+00,8.953239e-01,1.000000e+00,0.000000e+00,0.000000e+00,7.088883e-01,8.969707e-01,9.787077e-01,7.215123e+01
8.000000e+00,2.600408e+03,9.876315e-01,1.174937e+01,-1.000000e+00,9.208096e+00,8.723467e-01,1.000000e+00,0.000000e+00,0.000000e+00,0.000000e+00,0.000000e+00,1.732265e-01,1.016602e+01
9.000000e+00,2.604287e+03,9.609792e-01,9.579576e+00,7.798018e-01,9.019763e+00,8.861692e-01,1.000000e+00,0.000000e+00,0.000000e+00,8.663297e-01,0.000000e+00,3.771201e-01,2.002035e+01
1.000000e+01,2.598292e+03,9.750102e-01,1.028464e+01,7.047123e-01,9.087515e+00,9.108566e-01,1.000000e+00,5.000000e-01,5.000000e-01,7.457367e-01,6.802833e-01,8.655535e-01,7.490049e+01
1.100000e+01,2.606875e+03,9.510918e-01,9.993382e+00,6.591292e-01,9.099327e+00,8.572688e-01,1.000000e+00,5.000000e-01,5.000000e-01,0.000000e+00,0.000000e+00,6.743996e-01,2.570945e+01
1.200000e+01,2.603253e+03,9.658367e-01,9.759292e+00,7.421664e-01,9.100374e+00,8.743224e-01,-1.000000e+00,0.000000e+00,0.000000e+00,0.000000e+00,0.000000e+00,3.840944e-01,9.832100e+00
1.300000e+01,2.596737e+03,9.657853e-01,1.051920e+01,6.695582e-01,9.139346e+00,8.876344e-01,1.000000e+00,0.000000e+00,0.000000e+00,0.000000e+00,0.000000e+00,5.610876e-01,2.042033e+01
1.400000e+01,2.603102e+03,9.666112e-01,1.126334e+01,6.121501e-01,9.180508e+00,8.765898e-01,1.000000e+00,0.000000e+00,0.000000e+00,7.740120e-01,0.000000e+00,4.422733e-01,1.948812e+01
1.500000e+01,2.606218e+03,9.533774e-01,9.249892e+00,7.451687e-01,9.027925e+00,8.738977e-01,1.000000e+00,0.000000e+00,5.000000e-01,0.000000e+00,0.000000e+00,5.664981e-01,2.319471e+01
1.600000e+01,2.602484e+03,9.700180e-01,8.533296e+00,6.236964e-01,8.874825e+00,-1.000000e+00,1.000000e+00,0.000000e+00,0.000000e+00,8.886695e-01,0.000000e+00,7.027592e-01,1.148237e+01
1.700000e+01,2.604690e+03,9.592579e-01,9.333953e+00,7.166027e-01,8.988016e+00,8.694857e-01,1.000000e+00,0.000000e+00,0.000000e+00,0.000000e+00,0.000000e+00,5.395170e-01,2.042432e+01
1.800000e+01,2.605251e+03,9.569941e-01,1.030421e+01,7.490248e-01,9.099328e+00,8.921861e-01,1.000000e+00,5.000000e-01,5.000000e-01,0.000000e+00,0.000000e+00,3.759619e-01,2.487083e+01
1.900000e+01,2.603614e+03,9.640553e-01,1.029839e+01,7.197546e-01,9.100985e+00,9.005800e-01,1.000000e+00,0.000000e+00,0.000000e+00,0.000000e+00,0.000000e+00,4.079568e-01,1.996173e+01
2.000000e+01,2.607250e+03,9.498412e-01,1.099048e+01,6.293968e-01,9.187932e+00,8.802236e-01,1.000000e+00,0.000000e+00,0.000000e+00,8.503347e-01,0.000000e+00,6.495784e-01,2.054520e+01
2.100000e+01,2.602033e+03,9.727995e-01,1.025711e+01,7.174118e-01,9.088470e+00,9.066265e-01,1.000000e+00,1.000000e+00,1.000000e+00,0.000000e+00,0.000000e+00,8.285687e-01,3.212703e+01
2.200000e+01,2.603381e+03,9.651950e-01,1.043708e+01,7.090153e-01,9.120261e+00,9.088237e-01,1.000000e+00,0.000000e+00,1.000000e+00,0.000000e+00,0.000000e+00,8.333786e-01,2.708206e+01
2.300000e+01,2.602947e+03,9.674292e-01,1.061052e+01,6.421307e-01,9.135023e+00,8.794215e-01,1.000000e+00,0.000000e+00,0.000000e+00,0.000000e+00,0.000000e+00,7.084087e-01,2.098695e+01
2.400000e+01,2.606236e+03,9.533124e-01,9.689893e+00,7.553814e-01,9.036083e+00,8.944287e-01,1.000000e+00,0.000000e+00,5.000000e-01,0.000000e+00,0.000000e+00,6.575376e-01,2.380330e+01
2.500000e+01,2.598001e+03,9.730197e-01,9.388604e+00,8.057806e-01,9.029782e+00,8.669589e-01,-1.000000e+00,0.000000e+00,0.000000e+00,0.000000e+00,0.000000e+00,3.850911e-01,1.015425e+01
2.600000e+01,2.604363e+03,9.606464e-01,1.073558e+01,6.570425e-01,9.161093e+00,8.973846e-01,1.000000e+00,0.000000e+00,0.000000e+00,0.000000e+00,0.000000e+00,5.819715e-01,2.048522e+01
2.700000e+01,2.608223e+03,9.467552e-01,9.676531e+00,8.440208e-01,9.063050e+00,8.758964e-01,1.000000e+00,0.000000e+00,0.000000e+00,6.885471e-01,0.000000e+00,3.783921e-01,2.022532e+01
2.800000e+01,2.605172e+03,9.573035e-01,9.238005e+00,7.562037e-01,9.041250e+00,8.597607e-01,1.000000e+00,5.000000e-01,5.000000e-01,0.000000e+00,0.000000e+00,4.426240e-01,2.507946e+01
2.900000e+01,2.598140e+03,9.739472e-01,9.450887e+00,8.285967e-01,9.022681e+00,8.755994e-01,-1.000000e+00,0.000000e+00,5.000000e-01,8.033236e-01,0.000000e+00,3.928329e-01,1.285488e+01
3.000000e+01,2.599297e+03,9.838213e-01,1.034906e+01,6.794409e-01,9.104039e+00,9.144062e-01,-1.000000e+00,5.000000e-01,0.000000e+00,0.000000e+00,0.000000e+00,7.353915e-01,1.406530e+01
3.100000e+01,2.602139e+03,9.721202e-01,1.062116e+01,7.025558e-01,9.123001e+00,9.130606e-01,1.000000e+00,5.000000e-01,5.000000e-01,0.000000e+00,0.000000e+00,5.116545e-01,2.549696e+01
3.200000e+01,2.608356e+03,9.463511e-01,1.078494e+01,6.292625e-01,9.146325e+00,8.778902e-01,1.000000e+00,0.000000e+00,0.000000e+00,0.000000e+00,0.000000e+00,6.360510e-01,2.044777e+01
3.300000e+01,2.601520e+03,9.763955e-01,1.002102e+01,7.561886e-01,9.075750e+00,8.842017e-01,1.000000e+00,0.000000e+00,0.000000e+00,0.000000e+00,0.000000e+00,5.897459e-01,2.103266e+01
3.400000e+01,2.600869e+03,9.820495e-01,1.012313e+01,6.987389e-01,9.117307e+00,8.870381e-01,1.000000e+00,0.000000e+00,0.000000e+00,0.000000e+00,0.000000e+00,8.085107e-01,2.188169e+01
3.500000e+01,2.599180e+03,9.825475e-01,9.757309e+00,6.765283e-01,9.084540e+00,8.466093e-01,1.000000e+00,5.000000e-01,0.000000e+00,0.000000e+00,0.000000e+00,5.582758e-01,2.281980e+01
3.600000e+01,2.605360e+03,9.565687e-01,1.066756e+01,6.429005e-01,9.143185e+00,8.924856e-01,1.000000e+00,0.000000e+00,0.000000e+00,0.000000e+00,0.000000e+00,4.162256e-01,1.954090e+01
3.700000e+01,2.597566e+03,9.703118e-01,9.987695e+00,7.168166e-01,9.076930e+00,8.698444e-01,1.000000e+00,0.000000e+00,0.000000e+00,0.000000e+00,0.000000e+00,6.166925e-01,2.086833e+01
3.800000e+01,2.604448e+03,9.602829e-01,1.027946e+01,6.920190e-01,9.129739e+00,8.845397e-01,1.000000e+00,5.000000e-01,5.000000e-01,0.000000e+00,0.000000e+00,9.962214e-01,2.766532e+01
3.900000e+01,2.604919e+03,9.583165e-01,1.025545e+01,6.902558e-01,9.115747e+00,8.762586e-01,1.000000e+00,0.000000e+00,0.000000e+00,0.000000e+00,0.000000e+00,9.181320e-01,2.221481e+01
4.000000e+01,2.601136e+03,9.795289e-01,1.062764e+01,6.511866e-01,9.150925e+00,8.851787e-01,1.000000e+00,0.000000e+00,0.000000e+00,0.000000e+00,0.000000e+00,3.093059e-01,1.912600e+01
4.100000e+01,2.606278e+03,9.531615e-01,1.013402e+01,7.400365e-01,9.085807e+00,8.847996e-01,1.000000e+00,5.000000e-01,5.000000e-01,0.000000e+00,0.000000e+00,4.986616e-01,2.538330e+01
4.200000e+01,2.607928e+03,9.476691e-01,1.004851e+01,7.277095e-01,9.081622e+00,8.780601e-01,-1.000000e+00,0.000000e+00,0.000000e+00,0.000000e+00,0.000000e+00,6.383511e-01,1.095895e+01
4.300000e+01,2.598646e+03,9.776850e-01,1.101089e+01,6.715033e-01,9.138329e+00,9.038694e-01,1.000000e+00,0.000000e+00,0.000000e+00,0.000000e+00,0.000000e+00,4.065841e-01,1.979821e+01
4.400000e+01,2.605035e+03,9.578475e-01,1.020597e+01,6.869313e-01,9.119606e+00,8.768546e-01,-1.000000e+00,5.000000e-01,5.000000e-01,6.835232e-01,0.000000e+00,6.804061e-01,1.601020e+01
4.500000e+01,2.601026e+03,9.805212e-01,9.784768e+00,8.112219e-01,9.065486e+00,8.801050e-01,-1.000000e+00,0.000000e+00,0.000000e+00,0.000000e+00,0.000000e+00,3.873323e-01,1.029590e+01
4.600000e+01,2.604774e+03,9.589106e-01,9.858781e+00,7.355640e-01,9.092979e+00,8.865157e-01,1.000000e+00,1.000000e+00,1.000000e+00,0.000000e+00,0.000000e+00,9.120742e-01,3.246532e+01
4.700000e+01,2.604299e+03,9.609248e-01,9.806441e+00,7.468370e-01,9.047199e+00,8.962306e-01,1.000000e+00,0.000000e+00,0.000000e+00,0.000000e+00,0.000000e+00,5.533520e-01,2.078672e+01
4.800000e+01,2.597654e+03,9.708360e-01,1.051421e+01,7.064381e-01,9.100360e+00,9.045919e-01,1.000000e+00,0.000000e+00,5.000000e-01,0.000000e+00,0.000000e+00,2.839651e-01,2.182916e+01
4.900000e+01,2.604752e+03,9.589999e-01,1.060237e+01,6.763988e-01,9.134354e+00,8.925552e-01,-1.000000e+00,5.000000e-01,5.000000e-01,7.384855e-01,0.000000e+00,5.373311e-01,1.532642e+01
5.000000e+01,2.606421e+03,9.526558e-01,1.006010e+01,6.881497e-01,9.115475e+00,8.776138e-01,1.000000e+00,0.000000e+00,0.000000e+00,0.000000e+00,0.000000e+00,8.540022e-01,2.186211e+01
5.100000e+01,2.607942e+03,9.476264e-01,9.557482e+00,8.527851e-01,9.030755e+00,8.736767e-01,1.000000e+00,0.000000e+00,0.000000e+00,0.000000e+00,0.000000e+00,7.190680e-01,2.196578e+01
5.200000e+01,2.601058e+03,9.802277e-01,1.054448e+01,6.883237e-01,9.136560e+00,8.971118e-01,-1.000000e+00,0.000000e+00,0.000000e+00,0.000000e+00,0.000000e+00,7.272120e-01,1.146438e+01
5.300000e+01,2.602117e+03,9.722577e-01,1.016599e+01,7.018903e-01,9.106589e+00,8.778109e-01,1.000000e+00,0.000000e+00,1.000000e+00,0.000000e+00,0.000000e+00,6.571110e-01,2.604535e+01
5.400000e+01,2.600262e+03,9.900609e-01,9.255129e+00,7.732011e-01,9.017502e+00,8.642743e-01,-1.000000e+00,0.000000e+00,0.000000e+00,0.000000e+00,0.000000e+00,3.698767e-01,9.987065e+00
5.500000e+01,2.599627e+03,9.881653e-01,1.043714e+01,6.649454e-01,9.136861e+00,8.811436e-01,1.000000e+00,0.000000e+00,0.000000e+00,8.078835e-01,0.000000e+00,5.064773e-01,2.020366e+01
5.600000e+01,2.607503e+03,9.490192e-01,1.079785e+01,6.740549e-01,9.147695e+00,9.243069e-01,1.000000e+00,0.000000e+00,0.000000e+00,0.000000e+00,0.000000e+00,2.424513e-01,1.894916e+01
5.700000e+01,2.604146e+03,9.616021e-01,1.016062e+01,6.955264e-01,9.111876e+00,8.734873e-01,-1.000000e+00,1.000000e+00,1.000000e+00,0.000000e+00,0.000000e+00,8.306821e-01,2.180649e+01
5.800000e+01,2.607288e+03,9.497194e-01,1.052436e+01,6.954079e-01,9.120865e+00,8.904512e-01,1.000000e+00,5.000000e-01,5.000000e-01,0.000000e+00,0.000000e+00,6.025540e-01,2.569066e+01
5.900000e+01,2.599621e+03,9.880696e-01,1.097514e+01,-1.000000e+00,9.164552e+00,8.821152e-01,1.000000e+00,0.000000e+00,0.000000e+00,0.000000e+00,0.000000e+00,7.520778e-01,1.311131e+01
6.000000e+01,2.603034e+03,9.669703e-01,1.073215e+01,6.617761e-01,9.138603e+00,9.020688e-01,1.000000e+00,0.000000e+00,0.000000e+00,8.657841e-01,0.000000e+00,4.077513e-01,1.969283e+01
6.100000e+01,2.602257e+03,9.713813e-01,1.018358e+01,7.053321e-01,9.097346e+00,9.080953e-01,1.000000e+00,5.000000e-01,5.000000e-01,8.010749e-01,0.000000e+00,8.230600e-01,2.703934e+01
6.200000e+01,2.602541e+03,9.696869e-01,9.469515e+00,7.292645e-01,9.075208e+00,8.610947e-01,1.000000e+00,5.000000e-01,5.000000e-01,0.000000e+00,0.000000e+00,6.678267e-01,2.613936e+01
6.300000e+01,2.611306e+03,9.381366e-01,1.002360e+01,7.184783e-01,9.093986e+00,8.797859e-01,1.000000e+00,0.000000e+00,1.000000e+00,0.000000e+00,0.000000e+00,7.104408e-01,2.623421e+01
6.400000e+01,2.601270e+03,9.783730e-01,9.367350e+00,7.592538e-01,9.040457e+00,8.655373e-01,1.000000e+00,5.000000e-01,5.000000e-01,0.000000e+00,0.000000e+00,6.690276e-01,2.636096e+01
6.500000e+01,2.599731e+03,9.899305e-01,1.060826e+01,7.007353e-01,9.107608e+00,9.115195e-01,1.000000e+00,5.000000e-01,0.000000e+00,0.000000e+00,0.000000e+00,3.469847e-01,2.224585e+01
6.600000e+01,2.606439e+03,9.525941e-01,9.748777e+00,6.905800e-01,9.027337e+00,8.798400e-01,-1.000000e+00,0.000000e+00,0.000000e+00,0.000000e+00,0.000000e+00,2.848217e-01,9.039179e+00
6.700000e+01,2.603448e+03,9.648616e-01,1.003941e+01,6.806326e-01,9.114273e+00,8.731644e-01,1.000000e+00,0.000000e+00,0.000000e+00,7.437729e-01,0.000000e+00,3.619958e-01,1.940327e+01
6.800000e+01,2.602493e+03,9.699640e-01,1.001881e+01,6.899154e-01,9.106076e+00,8.670194e-01,1.000000e+00,0.000000e+00,0.000000e+00,0.000000e+00,0.000000e+00,2.952391e-01,1.911069e+01
6.900000e+01,2.604538e+03,9.598985e-01,9.858097e+00,7.832212e-01,9.077017e+00,8.871799e-01,-1.000000e+00,0.000000e+00,0.000000e+00,0.000000e+00,0.000000e+00,2.683139e-01,9.493068e+00
7.000000e+01,2.598241e+03,9.746458e-01,1.135895e+01,-1.000000e+00,9.190341e+00,8.691658e-01,1.000000e+00,0.000000e+00,0.000000e+00,0.000000e+00,0.000000e+00,4.882608e-01,1.166036e+01
7.100000e+01,2.599421e+03,9.852908e-01,9.983463e+00,7.402990e-01,9.097801e+00,8.774525e-01,1.000000e+00,0.000000e+00,0.000000e+00,0.000000e+00,0.000000e+00,4.101477e-01,2.006595e+01
7.200000e+01,2.601752e+03,9.747016e-01,8.609458e+00,6.151920e-01,8.858469e+00,-1.000000e+00,1.000000e+00,0.000000e+00,0.000000e+00,6.986701e-01,0.000000e+00,3.492739e-01,9.695837e+00
7.300000e+01,2.604943e+03,9.582180e-01,1.030935e+01,6.992951e-01,9.118962e+00,8.870015e-01,-1.000000e+00,0.000000e+00,0.000000e+00,7.602852e-01,0.000000e+00,5.462096e-01,1.045362e+01
7.400000e+01,2.608265e+03,9.466285e-01,1.067994e+01,6.385018e-01,9.153536e+00,8.843557e-01,1.000000e+00,0.000000e+00,0.000000e+00,0.000000e+00,0.000000e+00,1.901354e-01,1.829811e+01
7.500000e+01,2.604680e+03,9.592999e-01,9.814649e+00,8.263393e-01,9.062491e+00,8.844276e-01,1.000000e+00,1.000000e+00,1.000000e+00,0.000000e+00,0.000000e+00,8.016755e-01,3.235871e+01
7.600000e+01,2.598644e+03,9.776721e-01,1.099933e+01,6.400539e-01,9.161609e+00,8.982597e-01,-1.000000e+00,0.000000e+00,0.000000e+00,0.000000e+00,0.000000e+00,7.689498e-01,1.142468e+01
7.700000e+01,2.597848e+03,9.720349e-01,1.040822e+01,6.670656e-01,9.151048e+00,8.810025e-01,-1.000000e+00,0.000000e+00,0.000000e+00,0.000000e+00,0.000000e+00,7.155307e-01,1.117817e+01
7.800000e+01,2.605232e+03,9.570659e-01,1.112695e+01,6.227921e-01,9.184493e+00,8.805475e-01,1.000000e+00,0.000000e+00,0.000000e+00,6.737544e-01,0.000000e+00,3.989445e-01,1.929675e+01
7.900000e+01,2.606132e+03,9.536862e-01,1.029917e+01,7.188639e-01,9.111312e+00,9.016809e-01,1.000000e+00,5.000000e-01,5.000000e-01,7.870293e-01,0.000000e+00,4.034640e-01,2.488847e+01
8.000000e+01,2.598882e+03,9.796852e-01,1.060250e+01,6.325079e-01,9.121709e+00,9.432000e-01,1.000000e+00,0.000000e+00,0.000000e+00,0.000000e+00,0.000000e+00,2.913033e-01,1.923348e+01
8.100000e+01,2.603288e+03,9.656579e-01,1.042575e+01,6.915966e-01,9.125231e+00,8.899040e-01,1.000000e+00,0.000000e+00,0.000000e+00,0.000000e+00,0.000000e+00,4.665730e-01,2.006866e+01
8.200000e+01,2.600826e+03,9.824830e-01,1.011626e+01,7.067774e-01,9.104497e+00,8.868146e-01,1.000000e+00,0.000000e+00,0.000000e+00,0.000000e+00,0.000000e+00,3.023968e-01,1.939236e+01
8.300000e+01,2.605755e+03,9.550673e-01,1.019874e+01,7.377792e-01,9.108242e+00,8.928713e-01,1.000000e+00,0.000000e+00,0.000000e+00,0.000000e+00,0.000000e+00,7.667179e-01,2.176218e+01
8.400000e+01,2.602196e+03,9.717560e-01,1.035451e+01,7.067523e-01,9.101632e+00,9.114522e-01,1.000000e+00,0.000000e+00,0.000000e+00,0.000000e+00,0.000000e+00,6.145596e-01,2.102260e+01
8.500000e+01,2.606242e+03,9.532914e-01,9.405015e+00,7.626503e-01,9.001035e+00,8.760471e-01,-1.000000e+00,5.000000e-01,5.000000e-01,0.000000e+00,0.000000e+00,2.696231e-01,1.430806e+01
8.600000e+01,2.606335e+03,9.529597e-01,1.056354e+01,6.326407e-01,9.147230e+00,8.739115e-01,1.000000e+00,0.000000e+00,0.000000e+00,0.000000e+00,0.000000e+00,7.511983e-01,2.105355e+01
8.700000e+01,2.602206e+03,9.716969e-01,9.434547e+00,7.540649e-01,9.047402e+00,8.779652e-01,1.000000e+00,1.000000e+00,1.000000e+00,0.000000e+00,0.000000e+00,8.625254e-01,3.233126e+01
8.800000e+01,2.608373e+03,9.463002e-01,1.044009e+01,6.589453e-01,9.132966e+00,8.802214e-01,1.000000e+00,0.000000e+00,0.000000e+00,0.000000e+00,0.000000e+00,7.289095e-01,2.107188e+01
8.900000e+01,2.605758e+03,9.550561e-01,9.746171e+00,7.564667e-01,9.094487e+00,8.776997e-01,1.000000e+00,0.000000e+00,0.000000e+00,0.000000e+00,0.000000e+00,7.805216e-01,2.184872e+01
9.000000e+01,2.602442e+03,9.702639e-01,1.084191e+01,-1.000000e+00,9.162943e+00,8.706229e-01,1.000000e+00,5.000000e-01,5.000000e-01,0.000000e+00,0.000000e+00,5.818070e-01,1.711347e+01
9.100000e+01,2.608518e+03,9.458604e-01,9.616401e+00,7.835930e-01,9.046103e+00,8.870451e-01,1.000000e+00,0.000000e+00,0.000000e+00,0.000000e+00,0.000000e+00,8.013557e-01,2.208927e+01
9.200000e+01,2.604972e+03,9.581042e-01,1.086101e+01,6.104420e-01,9.165892e+00,8.812092e-01,-1.000000e+00,0.000000e+00,0.000000e+00,8.053374e-01,0.000000e+00,4.028317e-01,9.262936e+00
9.300000e+01,2.603974e+03,9.623764e-01,9.737624e+00,7.479066e-01,9.062502e+00,8.973515e-01,1.000000e+00,0.000000e+00,0.000000e+00,0.000000e+00,0.000000e+00,5.928053e-01,2.100220e+01
9.400000e+01,2.601961e+03,9.732676e-01,1.094431e+01,6.617138e-01,9.119522e+00,9.303609e-01,-1.000000e+00,0.000000e+00,0.000000e+00,7.172584e-01,7.469758e-01,5.613130e-01,6.084136e+01
9.500000e+01,2.600115e+03,9.933798e-01,9.947013e+00,7.190613e-01,9.073176e+00,9.028485e-01,1.000000e+00,5.000000e-01,5.000000e-01,0.000000e+00,0.000000e+00,2.546038e-01,2.434947e+01
9.600000e+01,2.604365e+03,9.606373e-01,9.569741e+00,7.530997e-01,9.071952e+00,8.605096e-01,-1.000000e+00,5.000000e-01,5.000000e-01,0.000000e+00,0.000000e+00,5.384036e-01,1.556325e+01
9.700000e+01,2.605079e+03,9.576719e-01,1.064699e+01,6.868875e-01,9.134477e+00,9.017885e-01,1.000000e+00,0.000000e+00,0.000000e+00,0.000000e+00,7.150144e-01,8.136265e-01,2.179987e+01
9.800000e+01,2.600004e+03,9.987337e-01,1.101312e+01,-1.000000e+00,9.184604e+00,8.712751e-01,1.000000e+00,0.000000e+00,1.000000e+00,0.000000e+00,0.000000e+00,8.246670e-01,1.847338e+01
9.900000e+01,2.601951e+03,9.733347e-01,1.056697e+01,6.875453e-01,9.147669e+00,8.896107e-01,-1.000000e+00,0.000000e+00,0.000000e+00,7.019999e-01,6.820776e-01,4.856671e-01,5.792622e+01
1.000000e+02,2.599416e+03,9.852340e-01,9.918444e+00,7.411869e-01,9.082241e+00,8.809212e-01,1.000000e+00,0.000000e+00,0.000000e+00,0.000000e+00,0.000000e+00,1.494102e-01,1.878376e+01
1.010000e+02,2.608156e+03,9.469616e-01,1.122254e+01,-1.000000e+00,9.194777e+00,8.721264e-01,1.000000e+00,1.000000e+00,1.000000e+00,7.629143e-01,0.000000e+00,7.221555e-01,2.270622e+01
1.020000e+02,2.597970e+03,9.728165e-01,1.009996e+01,7.101655e-01,9.080081e+00,9.005129e-01,1.000000e+00,0.000000e+00,0.000000e+00,7.393786e-01,0.000000e+00,7.904995e-01,2.186997e+01
1.030000e+02,2.597413e+03,9.694198e-01,1.214394e+01,-1.000000e+00,9.237266e+00,-1.000000e+00,1.000000e+00,1.000000e+00,1.000000e+00,8.593460e-01,3.661597e-01,9.568183e-01,4.026237e+01
1.040000e+02,2.600603e+03,9.850039e-01,1.047727e+01,6.323995e-01,9.151519e+00,8.717546e-01,1.000000e+00,1.000000e+00,1.000000e+00,7.288816e-01,8.609375e-01,9.864437e-01,8.339972e+01
1.050000e+02,2.602860e+03,9.678997e-01,1.092170e+01,6.338171e-01,9.184980e+00,8.804380e-01,1.000000e+00,1.000000e+00,1.000000e+00,7.254781e-01,7.972842e-01,9.544223e-01,8.296635e+01
1.060000e+02,2.605036e+03,9.578456e-01,1.083266e+01,6.732781e-01,9.161039e+00,9.058068e-01,1.000000e+00,1.000000e+00,1.000000e+00,7.431726e-01,1.000000e+00,9.431040e-01,8.442225e+01
1.070000e+02,2.600925e+03,9.814875e-01,9.040689e+00,7.031105e-01,8.976766e+00,8.645677e-01,1.000000e+00,0.000000e+00,0.000000e+00,6.937357e-01,0.000000e+00,7.624933e-01,2.155830e+01
1.080000e+02,2.601837e+03,9.741070e-01,1.012110e+01,6.793935e-01,9.114947e+00,8.653023e-01,1.000000e+00,0.000000e+00,0.000000e+00,8.472321e-01,0.000000e+00,7.464302e-01,2.132617e+01
1.090000e+02,2.608934e+03,9.446259e-01,1.013371e+01,6.747904e-01,9.122600e+00,8.689154e-01,1.000000e+00,0.000000e+00,1.000000e+00,8.179995e-01,7.075795e-01,9.139996e-01,7.654223e+01
1.100000e+02,2.604536e+03,9.599070e-01,1.045321e+01,6.983448e-01,9.116202e+00,9.160168e-01,1.000000e+00,0.000000e+00,1.000000e+00,7.222051e-01,7.270157e-01,8.916919e-01,7.788416e+01
1.110000e+02,2.595525e+03,9.601672e-01,1.015816e+01,7.450806e-01,9.097383e+00,8.837163e-01,1.000000e+00,1.000000e+00,1.000000e+00,9.142821e-01,8.124508e-01,9.501948e-01,8.956735e+01
1.120000e+02,2.604488e+03,9.601083e-01,1.083515e+01,6.704120e-01,9.171072e+00,8.962430e-01,1.000000e+00,0.000000e+00,0.000000e+00,7.533946e-01,0.000000e+00,7.744929e-01,2.150628e+01
1.130000e+02,2.606713e+03,9.516433e-01,1.099899e+01,6.831297e-01,9.160640e+00,9.093539e-01,1.000000e+00,0.000000e+00,5.000000e-01,8.435269e-01,0.000000e+00,8.692070e-01,2.456667e+01
1.140000e+02,2.604262e+03,9.610861e-01,9.720495e+00,7.717533e-01,9.064455e+00,8.900081e-01,1.000000e+00,1.000000e+00,1.000000e+00,7.790474e-01,7.675978e-01,9.328203e-01,8.651018e+01
1.150000e+02,2.608373e+03,9.462993e-01,1.050894e+01,7.000745e-01,9.134064e+00,9.015698e-01,1.000000e+00,1.000000e+00,1.000000e+00,7.806433e-01,3.504994e-01,9.317354e-01,5.693336e+01
1.160000e+02,2.598236e+03,9.746141e-01,9.981750e+00,7.831215e-01,9.080040e+00,8.877406e-01,1.000000e+00,1.000000e+00,1.000000e+00,7.119328e-01,8.683545e-01,9.762910e-01,8.294413e+01
1.170000e+02,2.605252e+03,9.569873e-01,9.691279e+00,7.140271e-01,9.099072e+00,8.654026e-01,1.000000e+00,1.000000e+00,1.000000e+00,7.795744e-01,7.872694e-01,9.692147e-01,8.709837e+01
1.180000e+02,2.607751e+03,9.482267e-01,1.090716e+01,6.420121e-01,9.164561e+00,8.962725e-01,1.000000e+00,0.000000e+00,0.000000e+00,8.270183e-01,8.066614e-01,9.497177e-01,7.864744e+01
1.190000e+02,2.598611e+03,9.774078e-01,1.017724e+01,6.633444e-01,9.139388e+00,8.774374e-01,1.000000e+00,0.000000e+00,1.000000e+00,7.819819e-01,3.678341e-01,9.290634e-01,5.298465e+01
1.200000e+02,2.599349e+03,9.844246e-01,1.032975e+01,7.607633e-01,9.101752e+00,8.977317e-01,1.000000e+00,5.000000e-01,5.000000e-01,8.433589e-01,0.000000e+00,7.676551e-01,2.705287e+01
1.210000e+02,2.599715e+03,9.896420e-01,1.008177e+01,7.212940e-01,9.064703e+00,9.039126e-01,1.000000e+00,1.000000e+00,1.000000e+00,7.192322e-01,7.841883e-01,9.657241e-01,8.324911e+01
1.220000e+02,2.604784e+03,9.588679e-01,9.225189e+00,6.955379e-01,8.981205e+00,8.617710e-01,1.000000e+00,1.000000e+00,1.000000e+00,7.002586e-01,8.542910e-01,9.692223e-01,8.144510e+01
1.230000e+02,2.607300e+03,9.496792e-01,1.097043e+01,6.225918e-01,9.164632e+00,8.878104e-01,1.000000e+00,0.000000e+00,1.000000e+00,8.575813e-01,3.375495e-01,9.085583e-01,5.047166e+01
1.240000e+02,2.602697e+03,9.687999e-01,9.705971e+00,7.543350e-01,9.047986e+00,8.973270e-01,1.000000e+00,1.000000e+00,1.000000e+00,7.602934e-01,9.181641e-01,9.917233e-01,8.628146e+01
1.250000e+02,2.605798e+03,9.549052e-01,9.375495e+00,7.829617e-01,9.032121e+00,8.650399e-01,1.000000e+00,5.000000e-01,5.000000e-01,8.248736e-01,3.641017e-01,9.490829e-01,5.324706e+01
1.260000e+02,2.607951e+03,9.475992e-01,1.103778e+01,6.430271e-01,9.165036e+00,8.953357e-01,1.000000e+00,5.000000e-01,5.000000e-01,7.921370e-01,0.000000e+00,7.267844e-01,2.606373e+01
1.270000e+02,2.597679e+03,9.709896e-01,1.038977e+01,7.127154e-01,9.111197e+00,8.914268e-01,1.000000e+00,0.000000e+00,1.000000e+00,7.026583e-01,3.531695e-01,8.578817e-01,5.188693e+01
1.280000e+02,2.602142e+03,9.720970e-01,9.082365e+00,7.473433e-01,8.998014e+00,8.790107e-01,1.000000e+00,0.000000e+00,1.000000e+00,8.766086e-01,7.152410e-01,9.537816e-01,7.782803e+01
1.290000e+02,2.603204e+03,9.660861e-01,1.124667e+01,-1.000000e+00,9.184440e+00,8.781157e-01,1.000000e+00,1.000000e+00,1.000000e+00,8.153137e-01,7.939342e-01,9.166479e-01,7.937964e+01
1.300000e+02,2.605211e+03,9.571485e-01,1.064003e+01,6.686136e-01,9.140412e+00,8.938030e-01,1.000000e+00,1.000000e+00,1.000000e+00,7.293084e-01,7.084396e-01,8.737606e-01,8.155740e+01
1.310000e+02,2.607838e+03,9.479514e-01,1.037920e+01,6.866470e-01,9.134569e+00,8.895953e-01,1.000000e+00,0.000000e+00,0.000000e+00,8.697256e-01,9.257268e-01,9.583605e-01,8.329356e+01
1.320000e+02,2.606713e+03,9.516431e-01,9.493620e+00,7.706850e-01,9.062313e+00,8.770360e-01,1.000000e+00,1.000000e+00,1.000000e+00,8.694202e-01,3.445567e-01,9.119509e-01,5.667554e+01
1.330000e+02,2.610934e+03,9.390999e-01,1.077546e+01,6.842583e-01,9.125978e+00,9.033821e-01,1.000000e+00,1.000000e+00,1.000000e+00,7.894549e-01,8.608563e-01,9.826222e-01,8.780866e+01
1.340000e+02,2.604016e+03,9.621840e-01,1.033355e+01,7.246935e-01,9.110465e+00,9.044676e-01,1.000000e+00,5.000000e-01,5.000000e-01,8.696138e-01,0.000000e+00,7.583993e-01,2.674872e+01
1.350000e+02,2.599495e+03,9.862586e-01,1.212015e+01,-1.000000e+00,9.236810e+00,8.580566e-01,1.000000e+00,0.000000e+00,1.000000e+00,7.526793e-01,3.622026e-01,9.037121e-01,4.409432e+01
1.360000e+02,2.602090e+03,9.724319e-01,9.700238e+00,7.797339e-01,9.076637e+00,8.664595e-01,1.000000e+00,1.000000e+00,1.000000e+00,7.155575e-01,7.963233e-01,9.886665e-01,8.312548e+01
1.370000e+02,2.604622e+03,9.595441e-01,1.040984e+01,6.798388e-01,9.130246e+00,8.787887e-01,1.000000e+00,1.000000e+00,1.000000e+00,8.717707e-01,7.598725e-01,9.630275e-01,8.559707e+01
1.380000e+02,2.605804e+03,9.548830e-01,1.029267e+01,7.183422e-01,9.101482e+00,9.034915e-01,1.000000e+00,1.000000e+00,1.000000e+00,8.307851e-01,7.563897e-01,9.712173e-01,8.568695e+01
1.390000e+02,2.602412e+03,9.704406e-01,1.060189e+01,6.242104e-01,9.174351e+00,8.755592e-01,1.000000e+00,1.000000e+00,1.000000e+00,7.016742e-01,8.776316e-01,9.854979e-01,8.139573e+01
1.400000e+02,2.602739e+03,9.685627e-01,9.580781e+00,7.525420e-01,9.020481e+00,8.839935e-01,1.000000e+00,1.000000e+00,1.000000e+00,8.660899e-01,3.382273e-01,8.996589e-01,5.619970e+01
1.410000e+02,2.607706e+03,9.483709e-01,1.006081e+01,7.688598e-01,9.101443e+00,8.932830e-01,1.000000e+00,5.000000e-01,5.000000e-01,8.565721e-01,7.056916e-01,8.646702e-01,7.677433e+01
1.420000e+02,2.597325e+03,9.689194e-01,9.770295e+00,7.722588e-01,9.090571e+00,8.776288e-01,1.000000e+00,1.000000e+00,1.000000e+00,7.374355e-01,8.476037e-01,9.490394e-01,8.445971e+01
1.430000e+02,2.600924e+03,9.815013e-01,1.116392e+01,-1.000000e+00,9.188294e+00,8.722398e-01,1.000000e+00,1.000000e+00,1.000000e+00,8.473252e-01,9.111750e-01,9.333663e-01,8.324830e+01
1.440000e+02,2.601893e+03,9.737271e-01,1.016837e+01,7.318596e-01,9.103324e+00,9.043609e-01,1.000000e+00,5.000000e-01,5.000000e-01,8.512358e-01,0.000000e+00,6.070245e-01,2.608486e+01
1.450000e+02,2.598983e+03,9.806013e-01,1.012118e+01,7.344730e-01,9.115457e+00,9.017574e-01,1.000000e+00,1.000000e+00,1.000000e+00,7.951290e-01,0.000000e+00,7.996291e-01,3.208230e+01
1.460000e+02,2.603735e+03,9.634842e-01,1.064163e+01,6.797327e-01,9.128186e+00,8.925566e-01,1.000000e+00,5.000000e-01,5.000000e-01,8.119297e-01,0.000000e+00,7.311981e-01,2.633486e+01
1.470000e+02,2.603995e+03,9.622794e-01,9.903579e+00,7.786520e-01,9.076513e+00,8.919860e-01,1.000000e+00,1.000000e+00,1.000000e+00,8.691317e-01,7.330425e-01,9.608776e-01,8.428195e+01
1.480000e+02,2.606795e+03,9.513630e-01,1.026331e+01,7.268408e-01,9.128591e+00,8.944029e-01,1.000000e+00,0.000000e+00,5.000000e-01,8.016906e-01,0.000000e+00,5.527843e-01,2.312695e+01
1.490000e+02,2.598873e+03,9.796055e-01,1.116388e+01,6.567865e-01,9.189375e+00,8.887429e-01,1.000000e+00,5.000000e-01,5.000000e-01,8.943661e-01,0.000000e+00,7.082234e-01,2.616679e+01
1.500000e+02,2.601306e+03,9.780798e-01,1.052992e+01,7.246025e-01,9.134920e+00,8.991884e-01,1.000000e+00,0.000000e+00,1.000000e+00,7.615428e-01,3.353524e-01,8.377630e-01,5.067284e+01
1.510000e+02,2.605167e+03,9.573249e-01,9.542486e+00,7.592444e-01,9.059557e+00,8.588514e-01,1.000000e+00,5.000000e-01,5.000000e-01,8.362740e-01,0.000000e+00,6.799775e-01,2.627699e+01
1.520000e+02,2.604212e+03,9.613079e-01,1.048069e+01,6.987611e-01,9.133376e+00,9.079496e-01,1.000000e+00,1.000000e+00,1.000000e+00,8.109288e-01,8.748527e-01,9.661202e-01,8.943571e+01
1.530000e+02,2.604203e+03,9.613481e-01,1.022025e+01,7.340294e-01,9.095555e+00,9.069471e-01,1.000000e+00,0.000000e+00,1.000000e+00,8.990746e-01,6.977930e-01,9.482044e-01,7.659815e+01
1.540000e+02,2.603456e+03,9.648248e-01,1.094298e+01,6.210561e-01,9.177405e+00,8.721414e-01,1.000000e+00,0.000000e+00,5.000000e-01,8.626224e-01,0.000000e+00,5.945113e-01,2.276267e+01
1.550000e+02,2.604630e+03,9.595095e-01,1.106184e+01,-1.000000e+00,9.168989e+00,8.806379e-01,1.000000e+00,1.000000e+00,1.000000e+00,8.434636e-01,0.000000e+00,8.539132e-01,2.347030e+01
1.560000e+02,2.603012e+03,9.670839e-01,1.138872e+01,-1.000000e+00,9.199936e+00,8.593733e-01,1.000000e+00,1.000000e+00,1.000000e+00,8.441808e-01,8.568647e-01,9.653314e-01,8.305160e+01
1.570000e+02,2.604915e+03,9.583314e-01,9.727787e+00,7.707228e-01,9.073272e+00,8.790872e-01,1.000000e+00,1.000000e+00,1.000000e+00,8.069961e-01,7.278970e-01,9.320124e-01,8.365356e+01
1.580000e+02,2.604462e+03,9.602215e-01,1.043744e+01,6.674533e-01,9.137836e+00,8.804771e-01,1.000000e+00,5.000000e-01,5.000000e-01,8.162304e-01,0.000000e+00,7.503799e-01,2.629266e+01
1.590000e+02,2.604765e+03,9.589485e-01,1.093247e+01,6.567452e-01,9.141985e+00,8.944327e-01,1.000000e+00,1.000000e+00,1.000000e+00,7.560976e-01,7.261007e-01,9.725806e-01,8.324059e+01
1.600000e+02,2.603474e+03,9.647340e-01,1.038715e+01,6.877774e-01,9.132895e+00,8.942029e-01,1.000000e+00,0.000000e+00,0.000000e+00,8.247708e-01,9.017424e-01,9.668918e-01,8.030199e+01
1.610000e+02,2.604373e+03,9.606047e-01,8.144815e+00,-1.000000e+00,8.812723e+00,-1.000000e+00,1.000000e+00,5.000000e-01,5.000000e-01,8.388220e-01,0.000000e+00,4.958924e-01,7.282485e+00
1.620000e+02,2.599339e+03,9.843042e-01,1.054281e+01,7.118173e-01,9.132779e+00,8.990202e-01,1.000000e+00,1.000000e+00,1.000000e+00,8.021901e-01,6.980207e-01,9.461732e-01,8.156802e+01
1.630000e+02,2.604366e+03,9.606363e-01,1.034622e+01,6.960962e-01,9.133509e+00,8.885648e-01,1.000000e+00,5.000000e-01,5.000000e-01,7.410033e-01,0.000000e+00,8.702105e-01,2.707754e+01
1.640000e+02,2.599928e+03,9.947748e-01,8.672391e+00,6.842910e-01,8.935413e+00,-1.000000e+00,1.000000e+00,0.000000e+00,0.000000e+00,7.756472e-01,0.000000e+00,6.436330e-01,1.161349e+01
1.650000e+02,2.599612e+03,9.879349e-01,1.167941e+01,-1.000000e+00,9.213060e+00,8.651984e-01,1.000000e+00,5.000000e-01,5.000000e-01,7.894931e-01,0.000000e+00,7.103456e-01,1.781739e+01
1.660000e+02,2.597916e+03,9.724680e-01,1.035477e+01,6.773038e-01,9.126316e+00,8.874603e-01,1.000000e+00,0.000000e+00,0.000000e+00,7.677756e-01,3.716372e-01,9.301475e-01,4.835150e+01
1.670000e+02,2.601382e+03,9.774607e-01,1.095122e+01,6.288887e-01,9.167958e+00,8.854144e-01,1.000000e+00,1.000000e+00,1.000000e+00,8.008414e-01,8.362379e-01,9.693426e-01,8.836443e+01
1.680000e+02,2.603594e+03,9.641519e-01,1.017593e+01,7.599202e-01,9.090669e+00,8.963925e-01,1.000000e+00,1.000000e+00,1.000000e+00,8.656271e-01,7.442374e-01,9.790698e-01,8.509429e+01
1.690000e+02,2.606166e+03,9.535642e-01,1.070033e+01,6.514297e-01,9.150999e+00,8.828365e-01,1.000000e+00,5.000000e-01,5.000000e-01,8.817950e-01,0.000000e+00,6.578950e-01,2.572863e+01
1.700000e+02,2.603577e+03,9.642349e-01,1.101670e+01,6.567970e-01,9.182269e+00,8.897513e-01,1.000000e+00,1.000000e+00,0.000000e+00,8.859914e-01,8.751914e-01,9.299780e-01,8.846720e+01
1.710000e+02,2.602638e+03,9.691296e-01,1.055691e+01,6.889013e-01,9.138846e+00,8.952653e-01,1.000000e+00,0.000000e+00,1.000000e+00,8.693887e-01,3.538680e-01,9.422508e-01,5.224849e+01
1.720000e+02,2.602814e+03,9.681477e-01,1.019447e+01,7.000958e-01,9.125183e+00,8.926210e-01,1.000000e+00,1.000000e+00,1.000000e+00,9.181862e-01,8.505523e-01,9.875862e-01,9.228091e+01
1.730000e+02,2.604571e+03,9.597589e-01,1.077265e+01,-1.000000e+00,9.176239e+00,8.542752e-01,1.000000e+00,1.000000e+00,1.000000e+00,8.828562e-01,3.690352e-01,9.449904e-01,4.962759e+01
1.740000e+02,2.597018e+03,9.672443e-01,1.094879e+01,-1.000000e+00,9.172398e+00,8.752678e-01,1.000000e+00,0.000000e+00,0.000000e+00,8.872157e-01,0.000000e+00,7.689342e-01,1.305723e+01
1.750000e+02,2.600944e+03,9.812994e-01,1.098386e+01,6.380308e-01,9.171776e+00,8.891630e-01,1.000000e+00,0.000000e+00,5.000000e-01,8.693533e-01,0.000000e+00,7.871534e-01,2.397823e+01
1.760000e+02,2.606847e+03,9.511891e-01,1.057546e+01,6.418840e-01,9.156077e+00,8.877543e-01,1.000000e+00,5.000000e-01,5.000000e-01,8.193137e-01,0.000000e+00,4.905976e-01,2.485713e+01
1.770000e+02,2.605851e+03,9.547091e-01,1.048780e+01,7.076405e-01,9.108459e+00,9.093986e-01,1.000000e+00,0.000000e+00,0.000000e+00,8.172318e-01,7.735373e-01,9.086517e-01,7.654961e+01
1.780000e+02,2.604271e+03,9.610479e-01,9.563473e+00,7.688314e-01,9.053095e+00,8.639622e-01,1.000000e+00,5.000000e-01,5.000000e-01,8.278527e-01,7.193739e-01,8.862282e-01,7.775652e+01
1.790000e+02,2.603674e+03,9.637722e-01,9.766777e+00,7.358016e-01,9.067734e+00,9.039052e-01,1.000000e+00,5.000000e-01,0.000000e+00,8.210702e-01,0.000000e+00,7.513804e-01,2.427430e+01
1.800000e+02,2.603517e+03,9.645268e-01,1.081918e+01,6.377800e-01,9.163801e+00,8.891492e-01,1.000000e+00,5.000000e-01,5.000000e-01,7.703333e-01,0.000000e+00,5.731513e-01,2.532304e+01
1.810000e+02,2.601224e+03,9.787675e-01,1.065338e+01,6.768259e-01,9.141412e+00,8.945563e-01,1.000000e+00,0.000000e+00,5.000000e-01,8.173780e-01,0.000000e+00,8.863502e-01,2.468250e+01
1.820000e+02,2.603654e+03,9.638663e-01,1.070292e+01,6.243722e-01,9.153724e+00,8.751584e-01,1.000000e+00,1.000000e+00,1.000000e+00,7.711554e-01,8.132192e-01,9.802487e-01,8.619911e+01
1.830000e+02,2.606791e+03,9.513789e-01,9.896913e+00,7.426103e-01,9.065180e+00,8.989871e-01,1.000000e+00,1.000000e+00,1.000000e+00,8.370622e-01,7.554977e-01,9.678668e-01,8.568906e+01
1.840000e+02,2.605497e+03,9.560395e-01,1.063255e+01,6.916667e-01,9.132569e+00,9.002743e-01,1.000000e+00,1.000000e+00,1.000000e+00,8.947836e-01,0.000000e+00,8.075005e-01,3.177740e+01
1.850000e+02,2.599236e+03,9.831455e-01,1.007366e+01,7.449544e-01,9.088940e+00,8.966131e-01,1.000000e+00,5.000000e-01,5.000000e-01,9.281424e-01,0.000000e+00,7.252654e-01,2.674989e+01
1.860000e+02,2.602255e+03,9.713935e-01,1.032931e+01,6.831373e-01,9.132761e+00,8.841536e-01,1.000000e+00,5.000000e-01,5.000000e-01,7.980600e-01,0.000000e+00,5.757682e-01,2.557226e+01
1.870000e+02,2.600468e+03,9.867661e-01,9.040172e+00,6.668585e-01,8.935334e+00,-1.000000e+00,1.000000e+00,0.000000e+00,1.000000e+00,8.634432e-01,7.034867e-01,9.280273e-01,6.715233e+01
1.880000e+02,2.597939e+03,9.726168e-01,1.009805e+01,7.493913e-01,9.087975e+00,8.843988e-01,1.000000e+00,1.000000e+00,1.000000e+00,8.140225e-01,7.338027e-01,9.408521e-01,8.410248e+01
1.890000e+02,2.600302e+03,9.893441e-01,9.835698e+00,7.307458e-01,9.073017e+00,9.040297e-01,1.000000e+00,1.000000e+00,1.000000e+00,7.826200e-01,7.738451e-01,9.615676e-01,8.709760e+01
1.900000e+02,2.601834e+03,9.741297e-01,1.009124e+01,6.963947e-01,9.062374e+00,9.023731e-01,1.000000e+00,0.000000e+00,0.000000e+00,7.964118e-01,0.000000e+00,7.798491e-01,2.176373e+01
1.910000e+02,2.600759e+03,9.831966e-01,1.009226e+01,7.264505e-01,9.041533e+00,8.919161e-01,1.000000e+00,1.000000e+00,1.000000e+00,8.768948e-01,8.012764e-01,9.857765e-01,8.902605e+01
1.920000e+02,2.612851e+03,9.343140e-01,1.057994e+01,6.696853e-01,9.147822e+00,8.979050e-01,1.000000e+00,5.000000e-01,5.000000e-01,7.918520e-01,0.000000e+00,8.305528e-01,2.666229e+01
1.930000e+02,2.607836e+03,9.479581e-01,1.096147e+01,6.138568e-01,9.170100e+00,8.811367e-01,1.000000e+00,0.000000e+00,0.000000e+00,7.912222e-01,0.000000e+00,7.894866e-01,2.116219e+01
1.940000e+02,2.599102e+03,9.817578e-01,1.004494e+01,7.301349e-01,9.105298e+00,8.845977e-01,1.000000e+00,0.000000e+00,0.000000e+00,8.443937e-01,0.000000e+00,7.050814e-01,2.150786e+01
1.950000e+02,2.602214e+03,9.716487e-01,9.821273e+00,7.579039e-01,9.078620e+00,8.818074e-01,1.000000e+00,0.000000e+00,1.000000e+00,7.435940e-01,7.981712e-01,9.624522e-01,7.992064e+01
1.960000e+02,2.601537e+03,9.762628e-01,1.036716e+01,7.144193e-01,9.128102e+00,8.871700e-01,1.000000e+00,5.000000e-01,5.000000e-01,8.027784e-01,0.000000e+00,9.052885e-01,2.741570e+01
1.970000e+02,2.602357e+03,9.707723e-01,1.155648e+01,-1.000000e+00,9.200603e+00,8.641197e-01,1.000000e+00,1.000000e+00,1.000000e+00,7.627045e-01,7.734116e-01,9.534016e-01,7.733079e+01
1.980000e+02,2.606107e+03,9.537751e-01,1.007926e+01,7.431362e-01,9.065973e+00,8.989837e-01,1.000000e+00,1.000000e+00,1.000000e+00,8.902876e-01,8.093737e-01,9.379468e-01,8.932537e+01
1.990000e+02,2.602740e+03,9.685599e-01,9.311295e+00,7.675859e-01,9.015357e+00,8.806596e-01,1.000000e+00,1.000000e+00,0.000000e+00,7.249160e-01,6.713258e-01,8.865431e-01,7.450955e+01
2.000000e+02,2.602650e+03,9.690597e-01,1.137996e+01,-1.000000e+00,9.197232e+00,8.747993e-01,1.000000e+00,5.000000e-01,0.000000e+00,8.965194e-01,0.000000e+00,8.838174e-01,1.613838e+01
