# step_count,bc_1,bc_2,bc_3,ac_1,ac_2,ac_3,ac_4,ac_5,ac_6,ic_1,ic_2,ic_3,pc_1_2_1_hb,pc_1_2_2_hb,pc_1_3_1_hb,pc_1_3_2_hb,pc_1_1_1,pc_1_1_2,pc_1_2_1,pc_1_2_2,pc_1_3_1,pc_1_3_2,pc_2_2_1,pc_2_2_2,pc_2_3_1,pc_2_3_2,pc_3_3_1,pc_3_3_2
1.000000e+00,6.406000e+01,8.242000e+01,1.123000e+02,3.097000e+01,3.879000e+01,3.052000e+01,2.728000e+01,2.597000e+01,2.242000e+01,1.702000e-01,1.555000e-01,1.698000e-01,1.455000e+00,6.089000e+00,1.455000e+00,6.089000e+00,9.596000e-01,5.512000e+00,9.613000e-01,4.511000e+00,1.113000e+00,4.294000e+00,7.886000e-01,5.512000e+00,1.183000e+00,3.828000e+00,7.165000e-01,5.512000e+00
2.000000e+00,6.406000e+01,8.242000e+01,1.123000e+02,3.097000e+01,3.879000e+01,3.052000e+01,2.728000e+01,2.597000e+01,2.242000e+01,1.702000e-01,1.555000e-01,1.698000e-01,1.553000e+00,5.935000e+00,1.553000e+00,5.935000e+00,1.181000e+00,5.473000e+00,9.048000e-01,3.741000e+00,1.392000e+00,4.089000e+00,1.164000e+00,5.473000e+00,7.786000e-01,3.618000e+00,1.494000e+00,5.473000e+00
3.000000e+00,6.406000e+01,8.242000e+01,1.123000e+02,3.097000e+01,3.879000e+01,3.052000e+01,2.728000e+01,2.597000e+01,2.242000e+01,1.702000e-01,1.555000e-01,1.698000e-01,1.581000e+00,6.135000e+00,1.581000e+00,6.135000e+00,6.923000e-01,5.403000e+00,9.186000e-01,4.562000e+00,9.432000e-01,4.450000e+00,6.829000e-01,5.403000e+00,1.320000e+00,3.505000e+00,1.441000e+00,5.403000e+00
4.000000e+00,6.406000e+01,8.242000e+01,1.123000e+02,3.097000e+01,3.879000e+01,3.052000e+01,2.728000e+01,2.597000e+01,2.242000e+01,1.702000e-01,1.555000e-01,1.698000e-01,1.598000e+00,5.903000e+00,1.598000e+00,5.903000e+00,1.323000e+00,5.374000e+00,6.367000e-01,4.500000e+00,5.895000e-01,3.978000e+00,7.786000e-01,5.374000e+00,7.006000e-01,3.390000e+00,1.052000e+00,5.374000e+00
5.000000e+00,6.406000e+01,8.242000e+01,1.123000e+02,3.097000e+01,3.879000e+01,3.052000e+01,2.728000e+01,2.597000e+01,2.242000e+01,1.702000e-01,1.555000e-01,1.698000e-01,1.468000e+00,6.063000e+00,1.468000e+00,6.063000e+00,7.473000e-01,5.225000e+00,9.917000e-01,4.613000e+00,1.091000e+00,3.924000e+00,1.062000e+00,5.225000e+00,7.144000e-01,3.422000e+00,1.067000e+00,5.225000e+00
6.000000e+00,6.406000e+01,8.242000e+01,1.123000e+02,3.097000e+01,3.879000e+01,3.052000e+01,2.728000e+01,2.597000e+01,2.242000e+01,1.702000e-01,1.555000e-01,1.698000e-01,1.569000e+00,6.035000e+00,1.569000e+00,6.035000e+00,9.897000e-01,5.291000e+00,1.198000e+00,4.649000e+00,1.011000e+00,4.392000e+00,1.455000e+00,5.291000e+00,1.421000e+00,3.507000e+00,1.436000e+00,5.291000e+00
7.000000e+00,6.406000e+01,8.242000e+01,1.123000e+02,3.097000e+01,3.879000e+01,3.052000e+01,2.728000e+01,2.597000e+01,2.242000e+01,1.702000e-01,1.555000e-01,1.698000e-01,1.528000e+00,5.927000e+00,1.528000e+00,5.927000e+00,8.992000e-01,5.054000e+00,5.088000e-01,4.499000e+00,1.193000e+00,4.486000e+00,8.329000e-01,5.054000e+00,9.532000e-01,3.964000e+00,8.883000e-01,5.054000e+00
8.000000e+00,6.406000e+01,8.242000e+01,1.123000e+02,3.097000e+01,3.879000e+01,3.052000e+01,2.728000e+01,2.597000e+01,2.242000e+01,1.702000e-01,1.555000e-01,1.698000e-01,1.447000e+00,6.159000e+00,1.447000e+00,6.159000e+00,6.811000e-01,5.596000e+00,6.901000e-01,4.292000e+00,6.414000e-01,4.429000e+00,1.332000e+00,5.596000e+00,1.463000e+00,3.486000e+00,5.983000e-01,5.596000e+00
9.000000e+00,6.406000e+01,8.242000e+01,1.123000e+02,3.097000e+01,3.879000e+01,3.052000e+01,2.728000e+01,2.597000e+01,2.242000e+01,1.702000e-01,1.555000e-01,1.698000e-01,1.542000e+00,5.971000e+00,1.542000e+00,5.971000e+00,1.345000e+00,5.224000e+00,8.871000e-01,4.263000e+00,5.261000e-01,4.325000e+00,5.018000e-01,5.224000e+00,1.150000e+00,4.041000e+00,1.175000e+00,5.224000e+00
1.000000e+01,6.406000e+01,8.242000e+01,1.123000e+02,3.097000e+01,3.879000e+01,3.052000e+01,2.728000e+01,2.597000e+01,2.242000e+01,1.702000e-01,1.555000e-01,1.698000e-01,1.586000e+00,5.900000e+00,1.586000e+00,5.900000e+00,7.093000e-01,5.220000e+00,5.974000e-01,4.342000e+00,7.333000e-01,4.477000e+00,5.996000e-01,5.220000e+00,1.063000e+00,3.587000e+00,6.474000e-01,5.220000e+00
1.100000e+01,6.406000e+01,8.242000e+01,1.123000e+02,3.097000e+01,3.879000e+01,3.052000e+01,2.728000e+01,2.597000e+01,2.242000e+01,1.702000e-01,1.555000e-01,1.698000e-01,1.542000e+00,6.114000e+00,1.542000e+00,6.114000e+00,8.352000e-01,5.020000e+00,1.360000e+00,3.780000e+00,8.740000e-01,4.377000e+00,1.342000e+00,5.020000e+00,1.154000e+00,3.480000e+00,1.413000e+00,5.020000e+00
1.200000e+01,6.406000e+01,8.242000e+01,1.123000e+02,3.097000e+01,3.879000e+01,3.052000e+01,2.728000e+01,2.597000e+01,2.242000e+01,1.702000e-01,1.555000e-01,1.698000e-01,1.474000e+00,6.077000e+00,1.474000e+00,6.077000e+00,9.302000e-01,4.808000e+00,5.545000e-01,4.645000e+00,6.671000e-01,4.030000e+00,1.236000e+00,4.808000e+00,1.493000e+00,4.040000e+00,6.221000e-01,4.808000e+00
1.300000e+01,6.406000e+01,8.242000e+01,1.123000e+02,3.097000e+01,3.879000e+01,3.052000e+01,2.728000e+01,2.597000e+01,2.242000e+01,1.702000e-01,1.555000e-01,1.698000e-01,1.507000e+00,5.782000e+00,1.507000e+00,5.782000e+00,9.372000e-01,5.147000e+00,1.117000e+00,3.746000e+00,1.495000e+00,3.802000e+00,5.965000e-01,5.147000e+00,1.223000e+00,3.461000e+00,1.042000e+00,5.147000e+00
1.400000e+01,6.406000e+01,8.242000e+01,1.123000e+02,3.097000e+01,3.879000e+01,3.052000e+01,2.728000e+01,2.597000e+01,2.242000e+01,1.702000e-01,1.555000e-01,1.698000e-01,1.576000e+00,6.176000e+00,1.576000e+00,6.176000e+00,6.727000e-01,4.697000e+00,5.157000e-01,4.570000e+00,1.346000e+00,4.490000e+00,5.716000e-01,4.697000e+00,6.415000e-01,3.961000e+00,7.472000e-01,4.697000e+00
1.500000e+01,6.406000e+01,8.242000e+01,1.123000e+02,3.097000e+01,3.879000e+01,3.052000e+01,2.728000e+01,2.597000e+01,2.242000e+01,1.702000e-01,1.555000e-01,1.698000e-01,1.506000e+00,6.028000e+00,1.506000e+00,6.028000e+00,1.354000e+00,5.153000e+00,7.871000e-01,4.171000e+00,1.361000e+00,4.499000e+00,1.486000e+00,5.153000e+00,6.054000e-01,3.621000e+00,1.489000e+00,5.153000e+00
1.600000e+01,6.406000e+01,8.242000e+01,1.123000e+02,3.097000e+01,3.879000e+01,3.052000e+01,2.728000e+01,2.597000e+01,2.242000e+01,1.702000e-01,1.555000e-01,1.698000e-01,1.518000e+00,5.766000e+00,1.518000e+00,5.766000e+00,7.131000e-01,5.172000e+00,9.807000e-01,3.802000e+00,6.320000e-01,4.247000e+00,6.190000e-01,5.172000e+00,1.090000e+00,4.027000e+00,1.494000e+00,5.172000e+00
1.700000e+01,6.406000e+01,8.242000e+01,1.123000e+02,3.097000e+01,3.879000e+01,3.052000e+01,2.728000e+01,2.597000e+01,2.242000e+01,1.702000e-01,1.555000e-01,1.698000e-01,1.557000e+00,5.885000e+00,1.557000e+00,5.885000e+00,1.390000e+00,4.782000e+00,1.391000e+00,4.637000e+00,1.499000e+00,4.445000e+00,1.323000e+00,4.782000e+00,8.044000e-01,3.578000e+00,5.086000e-01,4.782000e+00
1.800000e+01,6.406000e+01,8.242000e+01,1.123000e+02,3.097000e+01,3.879000e+01,3.052000e+01,2.728000e+01,2.597000e+01,2.242000e+01,1.702000e-01,1.555000e-01,1.698000e-01,1.473000e+00,6.029000e+00,1.473000e+00,6.029000e+00,1.415000e+00,5.275000e+00,6.595000e-01,4.202000e+00,8.314000e-01,3.857000e+00,8.772000e-01,5.275000e+00,7.487000e-01,3.370000e+00,7.883000e-01,5.275000e+00
1.900000e+01,6.406000e+01,8.242000e+01,1.123000e+02,3.097000e+01,3.879000e+01,3.052000e+01,2.728000e+01,2.597000e+01,2.242000e+01,1.702000e-01,1.555000e-01,1.698000e-01,1.521000e+00,5.729000e+00,1.521000e+00,5.729000e+00,1.228000e+00,4.854000e+00,8.623000e-01,4.495000e+00,8.300000e-01,3.862000e+00,9.511000e-01,4.854000e+00,1.208000e+00,3.306000e+00,9.548000e-01,4.854000e+00
2.000000e+01,6.406000e+01,8.242000e+01,1.123000e+02,3.097000e+01,3.879000e+01,3.052000e+01,2.728000e+01,2.597000e+01,2.242000e+01,1.702000e-01,1.555000e-01,1.698000e-01,1.583000e+00,6.105000e+00,1.583000e+00,6.105000e+00,1.094000e+00,4.817000e+00,9.389000e-01,4.390000e+00,7.157000e-01,3.762000e+00,8.722000e-01,4.817000e+00,7.694000e-01,3.794000e+00,1.190000e+00,4.817000e+00
2.100000e+01,6.406000e+01,8.242000e+01,1.123000e+02,3.097000e+01,3.879000e+01,3.052000e+01,2.728000e+01,2.597000e+01,2.242000e+01,1.702000e-01,1.555000e-01,1.698000e-01,1.446000e+00,5.989000e+00,1.446000e+00,5.989000e+00,5.568000e-01,5.289000e+00,7.647000e-01,4.418000e+00,8.354000e-01,4.451000e+00,6.059000e-01,5.289000e+00,8.754000e-01,3.857000e+00,1.336000e+00,5.289000e+00
2.200000e+01,6.406000e+01,8.242000e+01,1.123000e+02,3.097000e+01,3.879000e+01,3.052000e+01,2.728000e+01,2.597000e+01,2.242000e+01,1.702000e-01,1.555000e-01,1.698000e-01,1.441000e+00,6.052000e+00,1.441000e+00,6.052000e+00,1.314000e+00,5.115000e+00,6.018000e-01,4.025000e+00,7.044000e-01,3.753000e+00,1.185000e+00,5.115000e+00,1.486000e+00,3.656000e+00,1.367000e+00,5.115000e+00
2.300000e+01,6.406000e+01,8.242000e+01,1.123000e+02,3.097000e+01,3.879000e+01,3.052000e+01,2.728000e+01,2.597000e+01,2.242000e+01,1.702000e-01,1.555000e-01,1.698000e-01,1.428000e+00,5.983000e+00,1.428000e+00,5.983000e+00,1.251000e+00,5.012000e+00,1.117000e+00,3.852000e+00,1.161000e+00,4.017000e+00,1.474000e+00,5.012000e+00,1.277000e+00,3.661000e+00,6.624000e-01,5.012000e+00
2.400000e+01,6.406000e+01,8.242000e+01,1.123000e+02,3.097000e+01,3.879000e+01,3.052000e+01,2.728000e+01,2.597000e+01,2.242000e+01,1.702000e-01,1.555000e-01,1.698000e-01,1.497000e+00,5.917000e+00,1.497000e+00,5.917000e+00,1.416000e+00,5.115000e+00,6.062000e-01,4.632000e+00,8.456000e-01,4.389000e+00,1.484000e+00,5.115000e+00,9.935000e-01,3.756000e+00,1.215000e+00,5.115000e+00
2.500000e+01,6.406000e+01,8.242000e+01,1.123000e+02,3.097000e+01,3.879000e+01,3.052000e+01,2.728000e+01,2.597000e+01,2.242000e+01,1.702000e-01,1.555000e-01,1.698000e-01,1.500000e+00,5.987000e+00,1.500000e+00,5.987000e+00,7.653000e-01,5.487000e+00,1.263000e+00,4.345000e+00,1.179000e+00,4.217000e+00,7.224000e-01,5.487000e+00,9.256000e-01,3.632000e+00,1.349000e+00,5.487000e+00
2.600000e+01,6.406000e+01,8.242000e+01,1.123000e+02,3.097000e+01,3.879000e+01,3.052000e+01,2.728000e+01,2.597000e+01,2.242000e+01,1.702000e-01,1.555000e-01,1.698000e-01,1.540000e+00,6.000000e+00,1.540000e+00,6.000000e+00,1.231000e+00,5.424000e+00,7.234000e-01,4.431000e+00,5.063000e-01,4.383000e+00,9.048000e-01,5.424000e+00,6.972000e-01,3.373000e+00,6.227000e-01,5.424000e+00
2.700000e+01,6.406000e+01,8.242000e+01,1.123000e+02,3.097000e+01,3.879000e+01,3.052000e+01,2.728000e+01,2.597000e+01,2.242000e+01,1.702000e-01,1.555000e-01,1.698000e-01,1.530000e+00,5.788000e+00,1.530000e+00,5.788000e+00,1.226000e+00,5.101000e+00,1.289000e+00,4.657000e+00,6.831000e-01,4.241000e+00,1.171000e+00,5.101000e+00,1.488000e+00,3.756000e+00,1.029000e+00,5.101000e+00
2.800000e+01,6.406000e+01,8.242000e+01,1.123000e+02,3.097000e+01,3.879000e+01,3.052000e+01,2.728000e+01,2.597000e+01,2.242000e+01,1.702000e-01,1.555000e-01,1.698000e-01,1.415000e+00,6.004000e+00,1.415000e+00,6.004000e+00,1.340000e+00,5.333000e+00,1.200000e+00,4.511000e+00,5.976000e-01,3.913000e+00,1.280000e+00,5.333000e+00,5.246000e-01,3.855000e+00,1.405000e+00,5.333000e+00
2.900000e+01,6.406000e+01,8.242000e+01,1.123000e+02,3.097000e+01,3.879000e+01,3.052000e+01,2.728000e+01,2.597000e+01,2.242000e+01,1.702000e-01,1.555000e-01,1.698000e-01,1.567000e+00,6.265000e+00,1.567000e+00,6.265000e+00,1.261000e+00,4.971000e+00,1.064000e+00,3.783000e+00,9.330000e-01,3.735000e+00,1.097000e+00,4.971000e+00,1.199000e+00,4.035000e+00,5.117000e-01,4.971000e+00
3.000000e+01,6.406000e+01,8.242000e+01,1.123000e+02,3.097000e+01,3.879000e+01,3.052000e+01,2.728000e+01,2.597000e+01,2.242000e+01,1.702000e-01,1.555000e-01,1.698000e-01,1.555000e+00,5.752000e+00,1.555000e+00,5.752000e+00,5.497000e-01,5.543000e+00,9.907000e-01,4.623000e+00,9.623000e-01,4.355000e+00,8.260000e-01,5.543000e+00,9.415000e-01,3.451000e+00,9.395000e-01,5.543000e+00
3.100000e+01,6.406000e+01,8.242000e+01,1.123000e+02,3.097000e+01,3.879000e+01,3.052000e+01,2.728000e+01,2.597000e+01,2.242000e+01,1.702000e-01,1.555000e-01,1.698000e-01,1.572000e+00,6.034000e+00,1.572000e+00,6.034000e+00,5.597000e-01,4.844000e+00,1.205000e+00,4.222000e+00,1.112000e+00,4.064000e+00,1.189000e+00,4.844000e+00,8.563000e-01,3.468000e+00,1.211000e+00,4.844000e+00
3.200000e+01,6.406000e+01,8.242000e+01,1.123000e+02,3.097000e+01,3.879000e+01,3.052000e+01,2.728000e+01,2.597000e+01,2.242000e+01,1.702000e-01,1.555000e-01,1.698000e-01,1.465000e+00,5.714000e+00,1.465000e+00,5.714000e+00,1.412000e+00,5.506000e+00,8.237000e-01,3.746000e+00,5.417000e-01,4.377000e+00,5.690000e-01,5.506000e+00,1.499000e+00,3.912000e+00,9.776000e-01,5.506000e+00
3.300000e+01,6.406000e+01,8.242000e+01,1.123000e+02,3.097000e+01,3.879000e+01,3.052000e+01,2.728000e+01,2.597000e+01,2.242000e+01,1.702000e-01,1.555000e-01,1.698000e-01,1.484000e+00,6.014000e+00,1.484000e+00,6.014000e+00,6.007000e-01,5.289000e+00,1.077000e+00,4.069000e+00,1.210000e+00,3.934000e+00,1.403000e+00,5.289000e+00,5.925000e-01,3.430000e+00,8.915000e-01,5.289000e+00
3.400000e+01,6.406000e+01,8.242000e+01,1.123000e+02,3.097000e+01,3.879000e+01,3.052000e+01,2.728000e+01,2.597000e+01,2.242000e+01,1.702000e-01,1.555000e-01,1.698000e-01,1.582000e+00,5.996000e+00,1.582000e+00,5.996000e+00,5.265000e-01,5.104000e+00,1.377000e+00,4.556000e+00,1.019000e+00,4.370000e+00,1.411000e+00,5.104000e+00,1.148000e+00,3.340000e+00,1.220000e+00,5.104000e+00
3.500000e+01,6.406000e+01,8.242000e+01,1.123000e+02,3.097000e+01,3.879000e+01,3.052000e+01,2.728000e+01,2.597000e+01,2.242000e+01,1.702000e-01,1.555000e-01,1.698000e-01,1.586000e+00,5.895000e+00,1.586000e+00,5.895000e+00,1.110000e+00,4.770000e+00,5.572000e-01,4.587000e+00,6.747000e-01,3.987000e+00,1.394000e+00,4.770000e+00,9.583000e-01,3.421000e+00,8.651000e-01,4.770000e+00
3.600000e+01,6.406000e+01,8.242000e+01,1.123000e+02,3.097000e+01,3.879000e+01,3.052000e+01,2.728000e+01,2.597000e+01,2.242000e+01,1.702000e-01,1.555000e-01,1.698000e-01,1.441000e+00,6.024000e+00,1.441000e+00,6.024000e+00,1.354000e+00,5.456000e+00,1.143000e+00,4.524000e+00,1.015000e+00,3.669000e+00,9.784000e-01,5.456000e+00,6.038000e-01,3.309000e+00,1.362000e+00,5.456000e+00
3.700000e+01,6.406000e+01,8.242000e+01,1.123000e+02,3.097000e+01,3.879000e+01,3.052000e+01,2.728000e+01,2.597000e+01,2.242000e+01,1.702000e-01,1.555000e-01,1.698000e-01,1.438000e+00,5.845000e+00,1.438000e+00,5.845000e+00,8.235000e-01,5.311000e+00,1.371000e+00,4.659000e+00,1.271000e+00,4.085000e+00,1.493000e+00,5.311000e+00,1.326000e+00,3.551000e+00,1.260000e+00,5.311000e+00
3.800000e+01,6.406000e+01,8.242000e+01,1.123000e+02,3.097000e+01,3.879000e+01,3.052000e+01,2.728000e+01,2.597000e+01,2.242000e+01,1.702000e-01,1.555000e-01,1.698000e-01,1.438000e+00,5.832000e+00,1.438000e+00,5.832000e+00,8.248000e-01,5.085000e+00,1.334000e+00,3.918000e+00,1.336000e+00,4.547000e+00,1.248000e+00,5.085000e+00,5.313000e-01,3.350000e+00,1.054000e+00,5.085000e+00
3.900000e+01,6.406000e+01,8.242000e+01,1.123000e+02,3.097000e+01,3.879000e+01,3.052000e+01,2.728000e+01,2.597000e+01,2.242000e+01,1.702000e-01,1.555000e-01,1.698000e-01,1.522000e+00,6.291000e+00,1.522000e+00,6.291000e+00,6.907000e-01,4.994000e+00,8.172000e-01,4.217000e+00,7.409000e-01,4.205000e+00,5.638000e-01,4.994000e+00,1.314000e+00,3.642000e+00,1.057000e+00,4.994000e+00
4.000000e+01,6.406000e+01,8.242000e+01,1.123000e+02,3.097000e+01,3.879000e+01,3.052000e+01,2.728000e+01,2.597000e+01,2.242000e+01,1.702000e-01,1.555000e-01,1.698000e-01,1.427000e+00,6.049000e+00,1.427000e+00,6.049000e+00,5.269000e-01,4.813000e+00,1.138000e+00,3.900000e+00,6.286000e-01,3.896000e+00,1.325000e+00,4.813000e+00,1.450000e+00,3.494000e+00,9.835000e-01,4.813000e+00
4.100000e+01,6.406000e+01,8.242000e+01,1.123000e+02,3.097000e+01,3.879000e+01,3.052000e+01,2.728000e+01,2.597000e+01,2.242000e+01,1.702000e-01,1.555000e-01,1.698000e-01,1.529000e+00,6.164000e+00,1.529000e+00,6.164000e+00,1.199000e+00,4.857000e+00,1.475000e+00,4.083000e+00,6.110000e-01,4.304000e+00,6.581000e-01,4.857000e+00,1.108000e+00,3.412000e+00,1.183000e+00,4.857000e+00
4.200000e+01,6.406000e+01,8.242000e+01,1.123000e+02,3.097000e+01,3.879000e+01,3.052000e+01,2.728000e+01,2.597000e+01,2.242000e+01,1.702000e-01,1.555000e-01,1.698000e-01,1.578000e+00,5.897000e+00,1.578000e+00,5.897000e+00,1.438000e+00,4.721000e+00,1.434000e+00,4.469000e+00,8.172000e-01,4.453000e+00,1.187000e+00,4.721000e+00,7.700000e-01,3.977000e+00,1.300000e+00,4.721000e+00
4.300000e+01,6.406000e+01,8.242000e+01,1.123000e+02,3.097000e+01,3.879000e+01,3.052000e+01,2.728000e+01,2.597000e+01,2.242000e+01,1.702000e-01,1.555000e-01,1.698000e-01,1.419000e+00,6.213000e+00,1.419000e+00,6.213000e+00,1.242000e+00,5.410000e+00,1.088000e+00,4.235000e+00,1.233000e+00,4.119000e+00,7.541000e-01,5.410000e+00,6.175000e-01,3.621000e+00,1.096000e+00,5.410000e+00
4.400000e+01,6.406000e+01,8.242000e+01,1.123000e+02,3.097000e+01,3.879000e+01,3.052000e+01,2.728000e+01,2.597000e+01,2.242000e+01,1.702000e-01,1.555000e-01,1.698000e-01,1.542000e+00,6.110000e+00,1.542000e+00,6.110000e+00,5.349000e-01,4.671000e+00,1.491000e+00,3.758000e+00,7.794000e-01,4.236000e+00,1.201000e+00,4.671000e+00,1.422000e+00,3.492000e+00,5.275000e-01,4.671000e+00
4.500000e+01,6.406000e+01,8.242000e+01,1.123000e+02,3.097000e+01,3.879000e+01,3.052000e+01,2.728000e+01,2.597000e+01,2.242000e+01,1.702000e-01,1.555000e-01,1.698000e-01,1.424000e+00,5.720000e+00,1.424000e+00,5.720000e+00,1.160000e+00,5.300000e+00,1.276000e+00,4.356000e+00,1.137000e+00,4.109000e+00,9.888000e-01,5.300000e+00,1.369000e+00,4.070000e+00,6.854000e-01,5.300000e+00
4.600000e+01,6.406000e+01,8.242000e+01,1.123000e+02,3.097000e+01,3.879000e+01,3.052000e+01,2.728000e+01,2.597000e+01,2.242000e+01,1.702000e-01,1.555000e-01,1.698000e-01,1.488000e+00,6.184000e+00,1.488000e+00,6.184000e+00,1.185000e+00,5.265000e+00,6.468000e-01,3.886000e+00,6.450000e-01,3.885000e+00,1.363000e+00,5.265000e+00,1.469000e+00,3.983000e+00,8.080000e-01,5.265000e+00
4.700000e+01,6.406000e+01,8.242000e+01,1.123000e+02,3.097000e+01,3.879000e+01,3.052000e+01,2.728000e+01,2.597000e+01,2.242000e+01,1.702000e-01,1.555000e-01,1.698000e-01,1.527000e+00,5.798000e+00,1.527000e+00,5.798000e+00,1.181000e+00,5.542000e+00,1.030000e+00,4.161000e+00,1.410000e+00,4.551000e+00,1.369000e+00,5.542000e+00,1.500000e+00,3.407000e+00,1.486000e+00,5.542000e+00
4.800000e+01,6.406000e+01,8.242000e+01,1.123000e+02,3.097000e+01,3.879000e+01,3.052000e+01,2.728000e+01,2.597000e+01,2.242000e+01,1.702000e-01,1.555000e-01,1.698000e-01,1.588000e+00,6.226000e+00,1.588000e+00,6.226000e+00,8.331000e-01,5.587000e+00,1.145000e+00,3.922000e+00,1.416000e+00,4.193000e+00,7.512000e-01,5.587000e+00,1.102000e+00,3.303000e+00,5.864000e-01,5.587000e+00
4.900000e+01,6.406000e+01,8.242000e+01,1.123000e+02,3.097000e+01,3.879000e+01,3.052000e+01,2.728000e+01,2.597000e+01,2.242000e+01,1.702000e-01,1.555000e-01,1.698000e-01,1.539000e+00,5.910000e+00,1.539000e+00,5.910000e+00,7.248000e-01,4.683000e+00,1.450000e+00,3.855000e+00,5.464000e-01,4.009000e+00,7.962000e-01,4.683000e+00,8.564000e-01,3.734000e+00,9.059000e-01,4.683000e+00
5.000000e+01,6.406000e+01,8.242000e+01,1.123000e+02,3.097000e+01,3.879000e+01,3.052000e+01,2.728000e+01,2.597000e+01,2.242000e+01,1.702000e-01,1.555000e-01,1.698000e-01,1.407000e+00,5.971000e+00,1.407000e+00,5.971000e+00,8.227000e-01,5.131000e+00,1.129000e+00,4.620000e+00,8.846000e-01,4.085000e+00,1.365000e+00,5.131000e+00,1.438000e+00,3.453000e+00,1.366000e+00,5.131000e+00
5.100000e+01,6.406000e+01,8.242000e+01,1.123000e+02,3.097000e+01,3.879000e+01,3.052000e+01,2.728000e+01,2.597000e+01,2.242000e+01,1.702000e-01,1.555000e-01,1.698000e-01,1.401000e+00,6.010000e+00,1.401000e+00,6.010000e+00,1.076000e+00,5.372000e+00,5.574000e-01,3.962000e+00,5.409000e-01,3.901000e+00,1.106000e+00,5.372000e+00,5.197000e-01,3.944000e+00,1.457000e+00,5.372000e+00
5.200000e+01,6.406000e+01,8.242000e+01,1.123000e+02,3.097000e+01,3.879000e+01,3.052000e+01,2.728000e+01,2.597000e+01,2.242000e+01,1.702000e-01,1.555000e-01,1.698000e-01,1.501000e+00,5.819000e+00,1.501000e+00,5.819000e+00,6.328000e-01,5.582000e+00,5.406000e-01,4.154000e+00,1.299000e+00,4.442000e+00,8.874000e-01,5.582000e+00,1.023000e+00,3.532000e+00,5.339000e-01,5.582000e+00
5.300000e+01,6.406000e+01,8.242000e+01,1.123000e+02,3.097000e+01,3.879000e+01,3.052000e+01,2.728000e+01,2.597000e+01,2.242000e+01,1.702000e-01,1.555000e-01,1.698000e-01,1.600000e+00,6.119000e+00,1.600000e+00,6.119000e+00,1.337000e+00,5.474000e+00,1.459000e+00,4.185000e+00,1.062000e+00,3.720000e+00,6.132000e-01,5.474000e+00,5.424000e-01,3.965000e+00,7.848000e-01,5.474000e+00
5.400000e+01,6.406000e+01,8.242000e+01,1.123000e+02,3.097000e+01,3.879000e+01,3.052000e+01,2.728000e+01,2.597000e+01,2.242000e+01,1.702000e-01,1.555000e-01,1.698000e-01,1.546000e+00,6.195000e+00,1.546000e+00,6.195000e+00,1.179000e+00,4.677000e+00,1.061000e+00,4.643000e+00,1.309000e+00,4.346000e+00,1.277000e+00,4.677000e+00,8.535000e-01,4.100000e+00,1.128000e+00,4.677000e+00
5.500000e+01,6.406000e+01,8.242000e+01,1.123000e+02,3.097000e+01,3.879000e+01,3.052000e+01,2.728000e+01,2.597000e+01,2.242000e+01,1.702000e-01,1.555000e-01,1.698000e-01,1.501000e+00,5.901000e+00,1.501000e+00,5.901000e+00,7.047000e-01,5.090000e+00,1.451000e+00,4.535000e+00,1.206000e+00,3.999000e+00,5.002000e-01,5.090000e+00,1.068000e+00,3.399000e+00,6.467000e-01,5.090000e+00
5.600000e+01,6.406000e+01,8.242000e+01,1.123000e+02,3.097000e+01,3.879000e+01,3.052000e+01,2.728000e+01,2.597000e+01,2.242000e+01,1.702000e-01,1.555000e-01,1.698000e-01,1.584000e+00,5.765000e+00,1.584000e+00,5.765000e+00,1.110000e+00,5.149000e+00,1.494000e+00,4.178000e+00,1.199000e+00,3.889000e+00,1.397000e+00,5.149000e+00,8.527000e-01,3.927000e+00,1.066000e+00,5.149000e+00
5.700000e+01,6.406000e+01,8.242000e+01,1.123000e+02,3.097000e+01,3.879000e+01,3.052000e+01,2.728000e+01,2.597000e+01,2.242000e+01,1.702000e-01,1.555000e-01,1.698000e-01,1.414000e+00,5.710000e+00,1.414000e+00,5.710000e+00,1.264000e+00,5.501000e+00,9.619000e-01,4.661000e+00,7.658000e-01,4.269000e+00,5.741000e-01,5.501000e+00,7.781000e-01,3.580000e+00,7.641000e-01,5.501000e+00
5.800000e+01,6.406000e+01,8.242000e+01,1.123000e+02,3.097000e+01,3.879000e+01,3.052000e+01,2.728000e+01,2.597000e+01,2.242000e+01,1.702000e-01,1.555000e-01,1.698000e-01,1.462000e+00,5.974000e+00,1.462000e+00,5.974000e+00,1.109000e+00,4.595000e+00,1.300000e+00,4.003000e+00,1.270000e+00,4.283000e+00,1.402000e+00,4.595000e+00,8.534000e-01,3.510000e+00,1.323000e+00,4.595000e+00
5.900000e+01,6.406000e+01,8.242000e+01,1.123000e+02,3.097000e+01,3.879000e+01,3.052000e+01,2.728000e+01,2.597000e+01,2.242000e+01,1.702000e-01,1.555000e-01,1.698000e-01,1.582000e+00,5.769000e+00,1.582000e+00,5.769000e+00,1.030000e+00,5.314000e+00,8.616000e-01,3.784000e+00,1.151000e+00,3.673000e+00,6.041000e-01,5.314000e+00,1.221000e+00,3.710000e+00,1.238000e+00,5.314000e+00
6.000000e+01,6.406000e+01,8.242000e+01,1.123000e+02,3.097000e+01,3.879000e+01,3.052000e+01,2.728000e+01,2.597000e+01,2.242000e+01,1.702000e-01,1.555000e-01,1.698000e-01,1.451000e+00,5.824000e+00,1.451000e+00,5.824000e+00,1.422000e+00,5.224000e+00,9.039000e-01,4.346000e+00,6.778000e-01,4.158000e+00,5.082000e-01,5.224000e+00,9.786000e-01,4.102000e+00,1.216000e+00,5.224000e+00
6.100000e+01,6.406000e+01,8.242000e+01,1.123000e+02,3.097000e+01,3.879000e+01,3.052000e+01,2.728000e+01,2.597000e+01,2.242000e+01,1.702000e-01,1.555000e-01,1.698000e-01,1.466000e+00,6.098000e+00,1.466000e+00,6.098000e+00,8.353000e-01,5.002000e+00,5.874000e-01,4.326000e+00,9.256000e-01,4.224000e+00,8.364000e-01,5.002000e+00,7.956000e-01,3.932000e+00,1.409000e+00,5.002000e+00
6.200000e+01,6.406000e+01,8.242000e+01,1.123000e+02,3.097000e+01,3.879000e+01,3.052000e+01,2.728000e+01,2.597000e+01,2.242000e+01,1.702000e-01,1.555000e-01,1.698000e-01,1.418000e+00,6.025000e+00,1.418000e+00,6.025000e+00,1.406000e+00,5.321000e+00,5.518000e-01,4.375000e+00,7.603000e-01,3.820000e+00,8.834000e-01,5.321000e+00,6.198000e-01,3.812000e+00,1.380000e+00,5.321000e+00
6.300000e+01,6.406000e+01,8.242000e+01,1.123000e+02,3.097000e+01,3.879000e+01,3.052000e+01,2.728000e+01,2.597000e+01,2.242000e+01,1.702000e-01,1.555000e-01,1.698000e-01,1.484000e+00,5.772000e+00,1.484000e+00,5.772000e+00,9.168000e-01,5.181000e+00,8.363000e-01,3.984000e+00,1.180000e+00,3.814000e+00,1.473000e+00,5.181000e+00,7.356000e-01,3.504000e+00,1.448000e+00,5.181000e+00
6.400000e+01,6.406000e+01,8.242000e+01,1.123000e+02,3.097000e+01,3.879000e+01,3.052000e+01,2.728000e+01,2.597000e+01,2.242000e+01,1.702000e-01,1.555000e-01,1.698000e-01,1.595000e+00,6.185000e+00,1.595000e+00,6.185000e+00,6.780000e-01,5.064000e+00,1.196000e+00,4.544000e+00,8.499000e-01,4.238000e+00,8.235000e-01,5.064000e+00,1.136000e+00,3.574000e+00,1.065000e+00,5.064000e+00
6.500000e+01,6.406000e+01,8.242000e+01,1.123000e+02,3.097000e+01,3.879000e+01,3.052000e+01,2.728000e+01,2.597000e+01,2.242000e+01,1.702000e-01,1.555000e-01,1.698000e-01,1.491000e+00,6.159000e+00,1.491000e+00,6.159000e+00,5.319000e-01,4.958000e+00,1.068000e+00,4.093000e+00,1.475000e+00,4.059000e+00,8.681000e-01,4.958000e+00,1.443000e+00,3.486000e+00,8.164000e-01,4.958000e+00
6.600000e+01,6.406000e+01,8.242000e+01,1.123000e+02,3.097000e+01,3.879000e+01,3.052000e+01,2.728000e+01,2.597000e+01,2.242000e+01,1.702000e-01,1.555000e-01,1.698000e-01,1.503000e+00,6.298000e+00,1.503000e+00,6.298000e+00,1.401000e+00,5.218000e+00,1.128000e+00,4.098000e+00,1.385000e+00,4.321000e+00,9.795000e-01,5.218000e+00,1.210000e+00,4.094000e+00,1.202000e+00,5.218000e+00
6.700000e+01,6.406000e+01,8.242000e+01,1.123000e+02,3.097000e+01,3.879000e+01,3.052000e+01,2.728000e+01,2.597000e+01,2.242000e+01,1.702000e-01,1.555000e-01,1.698000e-01,1.480000e+00,6.148000e+00,1.480000e+00,6.148000e+00,1.177000e+00,4.801000e+00,7.001000e-01,4.577000e+00,1.343000e+00,3.747000e+00,6.028000e-01,4.801000e+00,9.354000e-01,3.416000e+00,1.475000e+00,4.801000e+00
6.800000e+01,6.406000e+01,8.242000e+01,1.123000e+02,3.097000e+01,3.879000e+01,3.052000e+01,2.728000e+01,2.597000e+01,2.242000e+01,1.702000e-01,1.555000e-01,1.698000e-01,1.534000e+00,6.252000e+00,1.534000e+00,6.252000e+00,6.532000e-01,5.089000e+00,7.211000e-01,4.288000e+00,6.280000e-01,4.526000e+00,1.409000e+00,5.089000e+00,1.104000e+00,3.768000e+00,1.202000e+00,5.089000e+00
6.900000e+01,6.406000e+01,8.242000e+01,1.123000e+02,3.097000e+01,3.879000e+01,3.052000e+01,2.728000e+01,2.597000e+01,2.242000e+01,1.702000e-01,1.555000e-01,1.698000e-01,1.468000e+00,6.135000e+00,1.468000e+00,6.135000e+00,1.023000e+00,5.649000e+00,1.409000e+00,4.422000e+00,9.466000e-01,4.432000e+00,5.026000e-01,5.649000e+00,1.402000e+00,3.514000e+00,1.419000e+00,5.649000e+00
7.000000e+01,6.406000e+01,8.242000e+01,1.123000e+02,3.097000e+01,3.879000e+01,3.052000e+01,2.728000e+01,2.597000e+01,2.242000e+01,1.702000e-01,1.555000e-01,1.698000e-01,1.437000e+00,6.171000e+00,1.437000e+00,6.171000e+00,5.237000e-01,5.446000e+00,1.043000e+00,3.775000e+00,7.597000e-01,4.423000e+00,1.232000e+00,5.446000e+00,1.415000e+00,3.583000e+00,1.008000e+00,5.446000e+00
7.100000e+01,6.406000e+01,8.242000e+01,1.123000e+02,3.097000e+01,3.879000e+01,3.052000e+01,2.728000e+01,2.597000e+01,2.242000e+01,1.702000e-01,1.555000e-01,1.698000e-01,1.531000e+00,5.850000e+00,1.531000e+00,5.850000e+00,1.205000e+00,5.277000e+00,1.371000e+00,4.611000e+00,6.691000e-01,4.187000e+00,1.335000e+00,5.277000e+00,8.912000e-01,3.800000e+00,9.144000e-01,5.277000e+00
7.200000e+01,6.406000e+01,8.242000e+01,1.123000e+02,3.097000e+01,3.879000e+01,3.052000e+01,2.728000e+01,2.597000e+01,2.242000e+01,1.702000e-01,1.555000e-01,1.698000e-01,1.461000e+00,5.711000e+00,1.461000e+00,5.711000e+00,8.865000e-01,4.765000e+00,6.446000e-01,4.182000e+00,1.151000e+00,4.323000e+00,9.172000e-01,4.765000e+00,1.425000e+00,3.724000e+00,7.287000e-01,4.765000e+00
7.300000e+01,6.406000e+01,8.242000e+01,1.123000e+02,3.097000e+01,3.879000e+01,3.052000e+01,2.728000e+01,2.597000e+01,2.242000e+01,1.702000e-01,1.555000e-01,1.698000e-01,1.505000e+00,6.120000e+00,1.505000e+00,6.120000e+00,9.691000e-01,4.710000e+00,1.194000e+00,4.254000e+00,1.162000e+00,3.910000e+00,1.474000e+00,4.710000e+00,1.055000e+00,4.075000e+00,7.025000e-01,4.710000e+00
7.400000e+01,6.406000e+01,8.242000e+01,1.123000e+02,3.097000e+01,3.879000e+01,3.052000e+01,2.728000e+01,2.597000e+01,2.242000e+01,1.702000e-01,1.555000e-01,1.698000e-01,1.544000e+00,6.242000e+00,1.544000e+00,6.242000e+00,7.246000e-01,5.469000e+00,8.830000e-01,4.098000e+00,1.082000e+00,4.369000e+00,5.446000e-01,5.469000e+00,1.151000e+00,3.505000e+00,1.149000e+00,5.469000e+00
7.500000e+01,6.406000e+01,8.242000e+01,1.123000e+02,3.097000e+01,3.879000e+01,3.052000e+01,2.728000e+01,2.597000e+01,2.242000e+01,1.702000e-01,1.555000e-01,1.698000e-01,1.427000e+00,6.170000e+00,1.427000e+00,6.170000e+00,1.334000e+00,4.919000e+00,1.403000e+00,4.058000e+00,1.238000e+00,4.188000e+00,5.278000e-01,4.919000e+00,1.160000e+00,3.829000e+00,1.124000e+00,4.919000e+00
7.600000e+01,6.406000e+01,8.242000e+01,1.123000e+02,3.097000e+01,3.879000e+01,3.052000e+01,2.728000e+01,2.597000e+01,2.242000e+01,1.702000e-01,1.555000e-01,1.698000e-01,1.444000e+00,5.779000e+00,1.444000e+00,5.779000e+00,8.372000e-01,5.557000e+00,1.124000e+00,4.098000e+00,5.860000e-01,4.507000e+00,6.746000e-01,5.557000e+00,1.173000e+00,3.963000e+00,1.027000e+00,5.557000e+00
7.700000e+01,6.406000e+01,8.242000e+01,1.123000e+02,3.097000e+01,3.879000e+01,3.052000e+01,2.728000e+01,2.597000e+01,2.242000e+01,1.702000e-01,1.555000e-01,1.698000e-01,1.453000e+00,6.153000e+00,1.453000e+00,6.153000e+00,9.033000e-01,5.596000e+00,9.257000e-01,4.595000e+00,1.396000e+00,4.405000e+00,1.087000e+00,5.596000e+00,1.214000e+00,3.308000e+00,1.204000e+00,5.596000e+00
7.800000e+01,6.406000e+01,8.242000e+01,1.123000e+02,3.097000e+01,3.879000e+01,3.052000e+01,2.728000e+01,2.597000e+01,2.242000e+01,1.702000e-01,1.555000e-01,1.698000e-01,1.448000e+00,5.918000e+00,1.448000e+00,5.918000e+00,1.103000e+00,4.757000e+00,6.170000e-01,4.499000e+00,1.245000e+00,3.970000e+00,1.016000e+00,4.757000e+00,8.061000e-01,3.608000e+00,1.355000e+00,4.757000e+00
7.900000e+01,6.406000e+01,8.242000e+01,1.123000e+02,3.097000e+01,3.879000e+01,3.052000e+01,2.728000e+01,2.597000e+01,2.242000e+01,1.702000e-01,1.555000e-01,1.698000e-01,1.420000e+00,5.776000e+00,1.420000e+00,5.776000e+00,1.132000e+00,4.950000e+00,7.942000e-01,4.073000e+00,8.907000e-01,3.909000e+00,1.125000e+00,4.950000e+00,7.326000e-01,3.924000e+00,6.704000e-01,4.950000e+00
8.000000e+01,6.406000e+01,8.242000e+01,1.123000e+02,3.097000e+01,3.879000e+01,3.052000e+01,2.728000e+01,2.597000e+01,2.242000e+01,1.702000e-01,1.555000e-01,1.698000e-01,1.484000e+00,5.701000e+00,1.484000e+00,5.701000e+00,1.079000e+00,5.444000e+00,1.377000e+00,4.108000e+00,6.283000e-01,4.262000e+00,1.237000e+00,5.444000e+00,9.415000e-01,3.611000e+00,1.470000e+00,5.444000e+00
8.100000e+01,6.406000e+01,8.242000e+01,1.123000e+02,3.097000e+01,3.879000e+01,3.052000e+01,2.728000e+01,2.597000e+01,2.242000e+01,1.702000e-01,1.555000e-01,1.698000e-01,1.491000e+00,5.934000e+00,1.491000e+00,5.934000e+00,8.264000e-01,5.305000e+00,1.075000e+00,3.926000e+00,7.638000e-01,3.704000e+00,1.495000e+00,5.305000e+00,1.283000e+00,3.427000e+00,7.985000e-01,5.305000e+00
8.200000e+01,6.406000e+01,8.242000e+01,1.123000e+02,3.097000e+01,3.879000e+01,3.052000e+01,2.728000e+01,2.597000e+01,2.242000e+01,1.702000e-01,1.555000e-01,1.698000e-01,1.428000e+00,5.845000e+00,1.428000e+00,5.845000e+00,1.053000e+00,5.516000e+00,1.062000e+00,4.489000e+00,1.127000e+00,4.491000e+00,1.196000e+00,5.516000e+00,9.575000e-01,3.767000e+00,1.117000e+00,5.516000e+00
8.300000e+01,6.406000e+01,8.242000e+01,1.123000e+02,3.097000e+01,3.879000e+01,3.052000e+01,2.728000e+01,2.597000e+01,2.242000e+01,1.702000e-01,1.555000e-01,1.698000e-01,1.496000e+00,5.967000e+00,1.496000e+00,5.967000e+00,1.358000e+00,4.948000e+00,9.638000e-01,4.409000e+00,1.456000e+00,3.689000e+00,1.223000e+00,4.948000e+00,1.059000e+00,3.530000e+00,9.958000e-01,4.948000e+00
8.400000e+01,6.406000e+01,8.242000e+01,1.123000e+02,3.097000e+01,3.879000e+01,3.052000e+01,2.728000e+01,2.597000e+01,2.242000e+01,1.702000e-01,1.555000e-01,1.698000e-01,1.452000e+00,6.119000e+00,1.452000e+00,6.119000e+00,1.452000e+00,5.071000e+00,1.431000e+00,3.933000e+00,9.092000e-01,4.008000e+00,7.231000e-01,5.071000e+00,6.471000e-01,3.604000e+00,1.491000e+00,5.071000e+00
8.500000e+01,6.406000e+01,8.242000e+01,1.123000e+02,3.097000e+01,3.879000e+01,3.052000e+01,2.728000e+01,2.597000e+01,2.242000e+01,1.702000e-01,1.555000e-01,1.698000e-01,1.584000e+00,6.190000e+00,1.584000e+00,6.190000e+00,9.580000e-01,5.619000e+00,6.365000e-01,4.434000e+00,1.285000e+00,4.054000e+00,1.412000e+00,5.619000e+00,9.906000e-01,3.577000e+00,1.018000e+00,5.619000e+00
8.600000e+01,6.406000e+01,8.242000e+01,1.123000e+02,3.097000e+01,3.879000e+01,3.052000e+01,2.728000e+01,2.597000e+01,2.242000e+01,1.702000e-01,1.555000e-01,1.698000e-01,1.420000e+00,6.079000e+00,1.420000e+00,6.079000e+00,5.340000e-01,5.281000e+00,1.176000e+00,4.285000e+00,1.144000e+00,3.786000e+00,1.382000e+00,5.281000e+00,9.261000e-01,3.805000e+00,6.526000e-01,5.281000e+00
8.700000e+01,6.406000e+01,8.242000e+01,1.123000e+02,3.097000e+01,3.879000e+01,3.052000e+01,2.728000e+01,2.597000e+01,2.242000e+01,1.702000e-01,1.555000e-01,1.698000e-01,1.559000e+00,5.971000e+00,1.559000e+00,5.971000e+00,1.309000e+00,5.340000e+00,7.144000e-01,3.754000e+00,5.069000e-01,4.057000e+00,1.282000e+00,5.340000e+00,9.252000e-01,3.860000e+00,1.142000e+00,5.340000e+00
8.800000e+01,6.406000e+01,8.242000e+01,1.123000e+02,3.097000e+01,3.879000e+01,3.052000e+01,2.728000e+01,2.597000e+01,2.242000e+01,1.702000e-01,1.555000e-01,1.698000e-01,1.560000e+00,6.144000e+00,1.560000e+00,6.144000e+00,1.206000e+00,5.156000e+00,1.312000e+00,4.080000e+00,6.669000e-01,3.881000e+00,1.493000e+00,5.156000e+00,1.015000e+00,3.648000e+00,8.443000e-01,5.156000e+00
8.900000e+01,6.406000e+01,8.242000e+01,1.123000e+02,3.097000e+01,3.879000e+01,3.052000e+01,2.728000e+01,2.597000e+01,2.242000e+01,1.702000e-01,1.555000e-01,1.698000e-01,1.592000e+00,5.785000e+00,1.592000e+00,5.785000e+00,7.076000e-01,5.297000e+00,1.277000e+00,4.066000e+00,8.378000e-01,4.422000e+00,1.495000e+00,5.297000e+00,1.282000e+00,3.378000e+00,1.188000e+00,5.297000e+00
9.000000e+01,6.406000e+01,8.242000e+01,1.123000e+02,3.097000e+01,3.879000e+01,3.052000e+01,2.728000e+01,2.597000e+01,2.242000e+01,1.702000e-01,1.555000e-01,1.698000e-01,1.561000e+00,6.094000e+00,1.561000e+00,6.094000e+00,1.067000e+00,4.980000e+00,1.280000e+00,3.993000e+00,1.359000e+00,4.414000e+00,1.190000e+00,4.980000e+00,8.308000e-01,3.643000e+00,1.373000e+00,4.980000e+00
9.100000e+01,6.406000e+01,8.242000e+01,1.123000e+02,3.097000e+01,3.879000e+01,3.052000e+01,2.728000e+01,2.597000e+01,2.242000e+01,1.702000e-01,1.555000e-01,1.698000e-01,1.500000e+00,6.210000e+00,1.500000e+00,6.210000e+00,1.160000e+00,5.328000e+00,7.886000e-01,3.920000e+00,1.211000e+00,3.719000e+00,1.117000e+00,5.328000e+00,8.805000e-01,3.950000e+00,1.160000e+00,5.328000e+00
9.200000e+01,6.406000e+01,8.242000e+01,1.123000e+02,3.097000e+01,3.879000e+01,3.052000e+01,2.728000e+01,2.597000e+01,2.242000e+01,1.702000e-01,1.555000e-01,1.698000e-01,1.502000e+00,5.788000e+00,1.502000e+00,5.788000e+00,1.149000e+00,5.154000e+00,1.086000e+00,4.602000e+00,6.505000e-01,4.065000e+00,7.752000e-01,5.154000e+00,1.329000e+00,4.016000e+00,8.442000e-01,5.154000e+00
9.300000e+01,6.406000e+01,8.242000e+01,1.123000e+02,3.097000e+01,3.879000e+01,3.052000e+01,2.728000e+01,2.597000e+01,2.242000e+01,1.702000e-01,1.555000e-01,1.698000e-01,1.495000e+00,5.712000e+00,1.495000e+00,5.712000e+00,1.202000e+00,5.317000e+00,1.079000e+00,3.845000e+00,1.368000e+00,4.262000e+00,7.722000e-01,5.317000e+00,7.224000e-01,3.333000e+00,1.455000e+00,5.317000e+00
9.400000e+01,6.406000e+01,8.242000e+01,1.123000e+02,3.097000e+01,3.879000e+01,3.052000e+01,2.728000e+01,2.597000e+01,2.242000e+01,1.702000e-01,1.555000e-01,1.698000e-01,1.573000e+00,5.735000e+00,1.573000e+00,5.735000e+00,1.120000e+00,4.741000e+00,1.090000e+00,4.587000e+00,5.435000e-01,3.989000e+00,7.846000e-01,4.741000e+00,1.125000e+00,4.076000e+00,1.470000e+00,4.741000e+00
9.500000e+01,6.406000e+01,8.242000e+01,1.123000e+02,3.097000e+01,3.879000e+01,3.052000e+01,2.728000e+01,2.597000e+01,2.242000e+01,1.702000e-01,1.555000e-01,1.698000e-01,1.549000e+00,5.988000e+00,1.549000e+00,5.988000e+00,7.838000e-01,5.582000e+00,1.459000e+00,4.232000e+00,8.455000e-01,4.006000e+00,8.038000e-01,5.582000e+00,5.515000e-01,3.852000e+00,1.491000e+00,5.582000e+00
9.600000e+01,6.406000e+01,8.242000e+01,1.123000e+02,3.097000e+01,3.879000e+01,3.052000e+01,2.728000e+01,2.597000e+01,2.242000e+01,1.702000e-01,1.555000e-01,1.698000e-01,1.581000e+00,5.928000e+00,1.581000e+00,5.928000e+00,8.812000e-01,5.531000e+00,1.384000e+00,4.658000e+00,6.927000e-01,4.245000e+00,8.993000e-01,5.531000e+00,1.016000e+00,3.726000e+00,8.385000e-01,5.531000e+00
9.700000e+01,6.406000e+01,8.242000e+01,1.123000e+02,3.097000e+01,3.879000e+01,3.052000e+01,2.728000e+01,2.597000e+01,2.242000e+01,1.702000e-01,1.555000e-01,1.698000e-01,1.599000e+00,5.920000e+00,1.599000e+00,5.920000e+00,9.007000e-01,5.137000e+00,7.443000e-01,3.785000e+00,7.582000e-01,3.693000e+00,5.940000e-01,5.137000e+00,8.971000e-01,3.709000e+00,6.099000e-01,5.137000e+00
9.800000e+01,6.406000e+01,8.242000e+01,1.123000e+02,3.097000e+01,3.879000e+01,3.052000e+01,2.728000e+01,2.597000e+01,2.242000e+01,1.702000e-01,1.555000e-01,1.698000e-01,1.561000e+00,6.234000e+00,1.561000e+00,6.234000e+00,1.466000e+00,5.421000e+00,1.162000e+00,4.145000e+00,6.498000e-01,4.000000e+00,9.949000e-01,5.421000e+00,9.778000e-01,3.890000e+00,1.039000e+00,5.421000e+00
9.900000e+01,6.406000e+01,8.242000e+01,1.123000e+02,3.097000e+01,3.879000e+01,3.052000e+01,2.728000e+01,2.597000e+01,2.242000e+01,1.702000e-01,1.555000e-01,1.698000e-01,1.514000e+00,6.020000e+00,1.514000e+00,6.020000e+00,8.641000e-01,4.655000e+00,5.591000e-01,4.490000e+00,9.658000e-01,4.102000e+00,5.554000e-01,4.655000e+00,1.315000e+00,3.862000e+00,9.655000e-01,4.655000e+00
1.000000e+02,6.406000e+01,8.242000e+01,1.123000e+02,3.097000e+01,3.879000e+01,3.052000e+01,2.728000e+01,2.597000e+01,2.242000e+01,1.702000e-01,1.555000e-01,1.698000e-01,1.494000e+00,6.276000e+00,1.494000e+00,6.276000e+00,9.319000e-01,5.581000e+00,1.099000e+00,3.990000e+00,5.302000e-01,4.318000e+00,9.316000e-01,5.581000e+00,1.424000e+00,3.375000e+00,1.500000e+00,5.581000e+00
1.010000e+02,6.406000e+01,8.242000e+01,1.123000e+02,3.097000e+01,3.879000e+01,3.052000e+01,2.728000e+01,2.597000e+01,2.242000e+01,1.702000e-01,1.555000e-01,1.698000e-01,1.486000e+00,6.124000e+00,1.486000e+00,6.124000e+00,7.891000e-01,5.123000e+00,5.454000e-01,4.093000e+00,6.876000e-01,4.380000e+00,9.954000e-01,5.123000e+00,6.047000e-01,3.927000e+00,6.631000e-01,5.123000e+00
1.020000e+02,6.406000e+01,8.242000e+01,1.123000e+02,3.097000e+01,3.879000e+01,3.052000e+01,2.728000e+01,2.597000e+01,2.242000e+01,1.702000e-01,1.555000e-01,1.698000e-01,1.509000e+00,6.147000e+00,1.509000e+00,6.147000e+00,7.992000e-01,5.084000e+00,5.206000e-01,4.146000e+00,5.875000e-01,4.348000e+00,1.114000e+00,5.084000e+00,6.609000e-01,3.904000e+00,7.306000e-01,5.084000e+00
1.030000e+02,6.406000e+01,8.242000e+01,1.123000e+02,3.097000e+01,3.879000e+01,3.052000e+01,2.728000e+01,2.597000e+01,2.242000e+01,1.702000e-01,1.555000e-01,1.698000e-01,1.494000e+00,6.178000e+00,1.494000e+00,6.178000e+00,8.614000e-01,5.040000e+00,5.722000e-01,4.217000e+00,6.266000e-01,4.450000e+00,1.106000e+00,5.040000e+00,6.412000e-01,3.925000e+00,6.218000e-01,5.040000e+00
1.040000e+02,6.406000e+01,8.242000e+01,1.123000e+02,3.097000e+01,3.879000e+01,3.052000e+01,2.728000e+01,2.597000e+01,2.242000e+01,1.702000e-01,1.555000e-01,1.698000e-01,1.509000e+00,6.108000e+00,1.509000e+00,6.108000e+00,8.807000e-01,5.068000e+00,5.295000e-01,4.136000e+00,7.024000e-01,4.402000e+00,1.044000e+00,5.068000e+00,7.096000e-01,3.887000e+00,7.145000e-01,5.068000e+00
1.050000e+02,6.406000e+01,8.242000e+01,1.123000e+02,3.097000e+01,3.879000e+01,3.052000e+01,2.728000e+01,2.597000e+01,2.242000e+01,1.702000e-01,1.555000e-01,1.698000e-01,1.496000e+00,6.120000e+00,1.496000e+00,6.120000e+00,9.035000e-01,5.111000e+00,5.450000e-01,4.157000e+00,6.955000e-01,4.354000e+00,8.937000e-01,5.111000e+00,7.092000e-01,3.953000e+00,6.180000e-01,5.111000e+00
1.060000e+02,6.406000e+01,8.242000e+01,1.123000e+02,3.097000e+01,3.879000e+01,3.052000e+01,2.728000e+01,2.597000e+01,2.242000e+01,1.702000e-01,1.555000e-01,1.698000e-01,1.517000e+00,6.107000e+00,1.517000e+00,6.107000e+00,8.512000e-01,5.048000e+00,5.562000e-01,4.127000e+00,6.765000e-01,4.450000e+00,9.823000e-01,5.048000e+00,6.369000e-01,3.875000e+00,6.094000e-01,5.048000e+00
1.070000e+02,6.406000e+01,8.242000e+01,1.123000e+02,3.097000e+01,3.879000e+01,3.052000e+01,2.728000e+01,2.597000e+01,2.242000e+01,1.702000e-01,1.555000e-01,1.698000e-01,1.487000e+00,6.131000e+00,1.487000e+00,6.131000e+00,8.240000e-01,5.072000e+00,6.228000e-01,4.111000e+00,6.393000e-01,4.384000e+00,1.167000e+00,5.072000e+00,6.690000e-01,3.912000e+00,8.570000e-01,5.072000e+00
1.080000e+02,6.406000e+01,8.242000e+01,1.123000e+02,3.097000e+01,3.879000e+01,3.052000e+01,2.728000e+01,2.597000e+01,2.242000e+01,1.702000e-01,1.555000e-01,1.698000e-01,1.520000e+00,6.138000e+00,1.520000e+00,6.138000e+00,8.821000e-01,5.124000e+00,5.301000e-01,4.140000e+00,6.014000e-01,4.419000e+00,1.017000e+00,5.124000e+00,5.956000e-01,3.932000e+00,6.110000e-01,5.124000e+00
1.090000e+02,6.406000e+01,8.242000e+01,1.123000e+02,3.097000e+01,3.879000e+01,3.052000e+01,2.728000e+01,2.597000e+01,2.242000e+01,1.702000e-01,1.555000e-01,1.698000e-01,1.530000e+00,6.162000e+00,1.530000e+00,6.162000e+00,8.061000e-01,5.081000e+00,5.355000e-01,4.179000e+00,6.054000e-01,4.439000e+00,9.533000e-01,5.081000e+00,6.611000e-01,3.967000e+00,7.057000e-01,5.081000e+00
1.100000e+02,6.406000e+01,8.242000e+01,1.123000e+02,3.097000e+01,3.879000e+01,3.052000e+01,2.728000e+01,2.597000e+01,2.242000e+01,1.702000e-01,1.555000e-01,1.698000e-01,1.497000e+00,6.172000e+00,1.497000e+00,6.172000e+00,8.343000e-01,5.099000e+00,5.906000e-01,4.171000e+00,5.757000e-01,4.430000e+00,9.728000e-01,5.099000e+00,6.229000e-01,3.916000e+00,6.326000e-01,5.099000e+00
1.110000e+02,6.406000e+01,8.242000e+01,1.123000e+02,3.097000e+01,3.879000e+01,3.052000e+01,2.728000e+01,2.597000e+01,2.242000e+01,1.702000e-01,1.555000e-01,1.698000e-01,1.497000e+00,6.155000e+00,1.497000e+00,6.155000e+00,7.372000e-01,5.065000e+00,6.075000e-01,4.266000e+00,5.913000e-01,4.429000e+00,1.043000e+00,5.065000e+00,6.247000e-01,3.900000e+00,6.020000e-01,5.065000e+00
1.120000e+02,6.406000e+01,8.242000e+01,1.123000e+02,3.097000e+01,3.879000e+01,3.052000e+01,2.728000e+01,2.597000e+01,2.242000e+01,1.702000e-01,1.555000e-01,1.698000e-01,1.494000e+00,6.122000e+00,1.494000e+00,6.122000e+00,8.293000e-01,5.021000e+00,6.167000e-01,4.168000e+00,6.665000e-01,4.372000e+00,9.373000e-01,5.021000e+00,7.088000e-01,3.895000e+00,6.074000e-01,5.021000e+00
1.130000e+02,6.406000e+01,8.242000e+01,1.123000e+02,3.097000e+01,3.879000e+01,3.052000e+01,2.728000e+01,2.597000e+01,2.242000e+01,1.702000e-01,1.555000e-01,1.698000e-01,1.507000e+00,6.068000e+00,1.507000e+00,6.068000e+00,8.061000e-01,5.064000e+00,5.250000e-01,4.167000e+00,6.782000e-01,4.360000e+00,9.368000e-01,5.064000e+00,5.546000e-01,3.923000e+00,6.764000e-01,5.064000e+00
1.140000e+02,6.406000e+01,8.242000e+01,1.123000e+02,3.097000e+01,3.879000e+01,3.052000e+01,2.728000e+01,2.597000e+01,2.242000e+01,1.702000e-01,1.555000e-01,1.698000e-01,1.477000e+00,6.149000e+00,1.477000e+00,6.149000e+00,8.297000e-01,5.049000e+00,5.493000e-01,4.144000e+00,7.747000e-01,4.482000e+00,1.014000e+00,5.049000e+00,6.233000e-01,3.874000e+00,5.598000e-01,5.049000e+00
1.150000e+02,6.406000e+01,8.242000e+01,1.123000e+02,3.097000e+01,3.879000e+01,3.052000e+01,2.728000e+01,2.597000e+01,2.242000e+01,1.702000e-01,1.555000e-01,1.698000e-01,1.520000e+00,6.117000e+00,1.520000e+00,6.117000e+00,7.702000e-01,5.079000e+00,5.766000e-01,4.139000e+00,7.482000e-01,4.466000e+00,9.564000e-01,5.079000e+00,6.457000e-01,3.896000e+00,6.042000e-01,5.079000e+00
1.160000e+02,6.406000e+01,8.242000e+01,1.123000e+02,3.097000e+01,3.879000e+01,3.052000e+01,2.728000e+01,2.597000e+01,2.242000e+01,1.702000e-01,1.555000e-01,1.698000e-01,1.488000e+00,6.102000e+00,1.488000e+00,6.102000e+00,8.328000e-01,5.097000e+00,6.266000e-01,4.160000e+00,6.741000e-01,4.391000e+00,9.642000e-01,5.097000e+00,6.519000e-01,3.929000e+00,6.430000e-01,5.097000e+00
1.170000e+02,6.406000e+01,8.242000e+01,1.123000e+02,3.097000e+01,3.879000e+01,3.052000e+01,2.728000e+01,2.597000e+01,2.242000e+01,1.702000e-01,1.555000e-01,1.698000e-01,1.490000e+00,6.105000e+00,1.490000e+00,6.105000e+00,7.903000e-01,5.068000e+00,5.812000e-01,4.113000e+00,6.050000e-01,4.442000e+00,9.890000e-01,5.068000e+00,7.169000e-01,3.917000e+00,5.937000e-01,5.068000e+00
1.180000e+02,6.406000e+01,8.242000e+01,1.123000e+02,3.097000e+01,3.879000e+01,3.052000e+01,2.728000e+01,2.597000e+01,2.242000e+01,1.702000e-01,1.555000e-01,1.698000e-01,1.506000e+00,6.171000e+00,1.506000e+00,6.171000e+00,7.889000e-01,5.062000e+00,5.347000e-01,4.129000e+00,6.184000e-01,4.422000e+00,9.010000e-01,5.062000e+00,6.197000e-01,3.927000e+00,6.455000e-01,5.062000e+00
1.190000e+02,6.406000e+01,8.242000e+01,1.123000e+02,3.097000e+01,3.879000e+01,3.052000e+01,2.728000e+01,2.597000e+01,2.242000e+01,1.702000e-01,1.555000e-01,1.698000e-01,1.495000e+00,6.134000e+00,1.495000e+00,6.134000e+00,8.165000e-01,5.088000e+00,6.027000e-01,4.222000e+00,6.595000e-01,4.448000e+00,9.947000e-01,5.088000e+00,6.474000e-01,3.897000e+00,6.478000e-01,5.088000e+00
1.200000e+02,6.406000e+01,8.242000e+01,1.123000e+02,3.097000e+01,3.879000e+01,3.052000e+01,2.728000e+01,2.597000e+01,2.242000e+01,1.702000e-01,1.555000e-01,1.698000e-01,1.529000e+00,6.126000e+00,1.529000e+00,6.126000e+00,6.932000e-01,5.095000e+00,5.087000e-01,4.181000e+00,6.672000e-01,4.409000e+00,8.984000e-01,5.095000e+00,5.662000e-01,3.881000e+00,6.206000e-01,5.095000e+00
1.210000e+02,6.406000e+01,8.242000e+01,1.123000e+02,3.097000e+01,3.879000e+01,3.052000e+01,2.728000e+01,2.597000e+01,2.242000e+01,1.702000e-01,1.555000e-01,1.698000e-01,1.539000e+00,6.197000e+00,1.539000e+00,6.197000e+00,9.206000e-01,5.088000e+00,6.271000e-01,4.132000e+00,5.803000e-01,4.420000e+00,9.750000e-01,5.088000e+00,6.782000e-01,3.896000e+00,6.049000e-01,5.088000e+00
1.220000e+02,6.406000e+01,8.242000e+01,1.123000e+02,3.097000e+01,3.879000e+01,3.052000e+01,2.728000e+01,2.597000e+01,2.242000e+01,1.702000e-01,1.555000e-01,1.698000e-01,1.502000e+00,6.125000e+00,1.502000e+00,6.125000e+00,8.840000e-01,5.105000e+00,5.618000e-01,4.173000e+00,6.108000e-01,4.426000e+00,9.685000e-01,5.105000e+00,5.606000e-01,3.899000e+00,6.158000e-01,5.105000e+00
1.230000e+02,6.406000e+01,8.242000e+01,1.123000e+02,3.097000e+01,3.879000e+01,3.052000e+01,2.728000e+01,2.597000e+01,2.242000e+01,1.702000e-01,1.555000e-01,1.698000e-01,1.496000e+00,6.044000e+00,1.496000e+00,6.044000e+00,8.081000e-01,5.065000e+00,5.347000e-01,4.215000e+00,5.552000e-01,4.377000e+00,9.109000e-01,5.065000e+00,6.394000e-01,3.863000e+00,5.516000e-01,5.065000e+00
1.240000e+02,6.406000e+01,8.242000e+01,1.123000e+02,3.097000e+01,3.879000e+01,3.052000e+01,2.728000e+01,2.597000e+01,2.242000e+01,1.702000e-01,1.555000e-01,1.698000e-01,1.518000e+00,6.103000e+00,1.518000e+00,6.103000e+00,8.691000e-01,5.053000e+00,6.489000e-01,4.147000e+00,6.251000e-01,4.245000e+00,9.102000e-01,5.053000e+00,6.937000e-01,3.841000e+00,6.273000e-01,5.053000e+00
1.250000e+02,6.406000e+01,8.242000e+01,1.123000e+02,3.097000e+01,3.879000e+01,3.052000e+01,2.728000e+01,2.597000e+01,2.242000e+01,1.702000e-01,1.555000e-01,1.698000e-01,1.525000e+00,6.086000e+00,1.525000e+00,6.086000e+00,8.892000e-01,5.026000e+00,5.381000e-01,4.145000e+00,6.447000e-01,4.441000e+00,9.937000e-01,5.026000e+00,6.534000e-01,3.935000e+00,7.424000e-01,5.026000e+00
1.260000e+02,6.406000e+01,8.242000e+01,1.123000e+02,3.097000e+01,3.879000e+01,3.052000e+01,2.728000e+01,2.597000e+01,2.242000e+01,1.702000e-01,1.555000e-01,1.698000e-01,1.512000e+00,6.070000e+00,1.512000e+00,6.070000e+00,8.572000e-01,5.065000e+00,5.701000e-01,4.122000e+00,6.320000e-01,4.428000e+00,9.414000e-01,5.065000e+00,6.551000e-01,3.893000e+00,6.215000e-01,5.065000e+00
1.270000e+02,6.406000e+01,8.242000e+01,1.123000e+02,3.097000e+01,3.879000e+01,3.052000e+01,2.728000e+01,2.597000e+01,2.242000e+01,1.702000e-01,1.555000e-01,1.698000e-01,1.518000e+00,6.115000e+00,1.518000e+00,6.115000e+00,8.062000e-01,5.047000e+00,6.072000e-01,4.162000e+00,8.436000e-01,4.258000e+00,9.194000e-01,5.047000e+00,8.712000e-01,3.879000e+00,5.621000e-01,5.047000e+00
1.280000e+02,6.406000e+01,8.242000e+01,1.123000e+02,3.097000e+01,3.879000e+01,3.052000e+01,2.728000e+01,2.597000e+01,2.242000e+01,1.702000e-01,1.555000e-01,1.698000e-01,1.511000e+00,6.109000e+00,1.511000e+00,6.109000e+00,8.079000e-01,5.017000e+00,6.183000e-01,4.149000e+00,6.042000e-01,4.453000e+00,9.173000e-01,5.017000e+00,6.567000e-01,3.920000e+00,6.465000e-01,5.017000e+00
1.290000e+02,6.406000e+01,8.242000e+01,1.123000e+02,3.097000e+01,3.879000e+01,3.052000e+01,2.728000e+01,2.597000e+01,2.242000e+01,1.702000e-01,1.555000e-01,1.698000e-01,1.495000e+00,6.122000e+00,1.495000e+00,6.122000e+00,8.453000e-01,5.010000e+00,5.494000e-01,4.132000e+00,5.625000e-01,4.419000e+00,9.897000e-01,5.010000e+00,6.283000e-01,3.928000e+00,7.155000e-01,5.010000e+00
1.300000e+02,6.406000e+01,8.242000e+01,1.123000e+02,3.097000e+01,3.879000e+01,3.052000e+01,2.728000e+01,2.597000e+01,2.242000e+01,1.702000e-01,1.555000e-01,1.698000e-01,1.509000e+00,6.122000e+00,1.509000e+00,6.122000e+00,7.995000e-01,5.129000e+00,5.414000e-01,4.179000e+00,6.089000e-01,4.448000e+00,7.861000e-01,5.129000e+00,6.881000e-01,3.890000e+00,6.878000e-01,5.129000e+00
1.310000e+02,6.406000e+01,8.242000e+01,1.123000e+02,3.097000e+01,3.879000e+01,3.052000e+01,2.728000e+01,2.597000e+01,2.242000e+01,1.702000e-01,1.555000e-01,1.698000e-01,1.519000e+00,6.111000e+00,1.519000e+00,6.111000e+00,7.494000e-01,5.052000e+00,5.568000e-01,4.234000e+00,6.184000e-01,4.406000e+00,9.652000e-01,5.052000e+00,7.565000e-01,3.887000e+00,6.214000e-01,5.052000e+00
1.320000e+02,6.406000e+01,8.242000e+01,1.123000e+02,3.097000e+01,3.879000e+01,3.052000e+01,2.728000e+01,2.597000e+01,2.242000e+01,1.702000e-01,1.555000e-01,1.698000e-01,1.498000e+00,6.117000e+00,1.498000e+00,6.117000e+00,9.171000e-01,5.112000e+00,6.233000e-01,4.205000e+00,8.578000e-01,4.450000e+00,1.014000e+00,5.112000e+00,7.750000e-01,3.882000e+00,5.944000e-01,5.112000e+00
1.330000e+02,6.406000e+01,8.242000e+01,1.123000e+02,3.097000e+01,3.879000e+01,3.052000e+01,2.728000e+01,2.597000e+01,2.242000e+01,1.702000e-01,1.555000e-01,1.698000e-01,1.499000e+00,6.090000e+00,1.499000e+00,6.090000e+00,9.415000e-01,5.094000e+00,5.902000e-01,4.226000e+00,6.541000e-01,4.421000e+00,8.531000e-01,5.094000e+00,5.823000e-01,3.889000e+00,6.463000e-01,5.094000e+00
1.340000e+02,6.406000e+01,8.242000e+01,1.123000e+02,3.097000e+01,3.879000e+01,3.052000e+01,2.728000e+01,2.597000e+01,2.242000e+01,1.702000e-01,1.555000e-01,1.698000e-01,1.539000e+00,6.134000e+00,1.539000e+00,6.134000e+00,7.765000e-01,5.070000e+00,5.880000e-01,4.107000e+00,5.816000e-01,4.420000e+00,8.257000e-01,5.070000e+00,7.339000e-01,3.872000e+00,5.794000e-01,5.070000e+00
1.350000e+02,6.406000e+01,8.242000e+01,1.123000e+02,3.097000e+01,3.879000e+01,3.052000e+01,2.728000e+01,2.597000e+01,2.242000e+01,1.702000e-01,1.555000e-01,1.698000e-01,1.537000e+00,6.166000e+00,1.537000e+00,6.166000e+00,8.260000e-01,5.017000e+00,5.529000e-01,4.195000e+00,6.789000e-01,4.291000e+00,8.084000e-01,5.017000e+00,7.225000e-01,3.820000e+00,7.523000e-01,5.017000e+00
1.360000e+02,6.406000e+01,8.242000e+01,1.123000e+02,3.097000e+01,3.879000e+01,3.052000e+01,2.728000e+01,2.597000e+01,2.242000e+01,1.702000e-01,1.555000e-01,1.698000e-01,1.520000e+00,6.137000e+00,1.520000e+00,6.137000e+00,9.013000e-01,5.011000e+00,5.629000e-01,4.067000e+00,8.943000e-01,4.442000e+00,1.021000e+00,5.011000e+00,6.786000e-01,3.871000e+00,6.343000e-01,5.011000e+00
1.370000e+02,6.406000e+01,8.242000e+01,1.123000e+02,3.097000e+01,3.879000e+01,3.052000e+01,2.728000e+01,2.597000e+01,2.242000e+01,1.702000e-01,1.555000e-01,1.698000e-01,1.518000e+00,6.044000e+00,1.518000e+00,6.044000e+00,8.493000e-01,4.965000e+00,6.151000e-01,4.201000e+00,6.716000e-01,4.389000e+00,8.631000e-01,4.965000e+00,7.225000e-01,3.816000e+00,7.002000e-01,4.965000e+00
1.380000e+02,6.406000e+01,8.242000e+01,1.123000e+02,3.097000e+01,3.879000e+01,3.052000e+01,2.728000e+01,2.597000e+01,2.242000e+01,1.702000e-01,1.555000e-01,1.698000e-01,1.533000e+00,6.046000e+00,1.533000e+00,6.046000e+00,7.240000e-01,4.971000e+00,5.639000e-01,4.130000e+00,6.428000e-01,4.309000e+00,8.095000e-01,4.971000e+00,5.854000e-01,3.896000e+00,5.775000e-01,4.971000e+00
1.390000e+02,6.406000e+01,8.242000e+01,1.123000e+02,3.097000e+01,3.879000e+01,3.052000e+01,2.728000e+01,2.597000e+01,2.242000e+01,1.702000e-01,1.555000e-01,1.698000e-01,1.514000e+00,6.098000e+00,1.514000e+00,6.098000e+00,7.884000e-01,4.989000e+00,5.742000e-01,4.231000e+00,7.392000e-01,4.477000e+00,1.007000e+00,4.989000e+00,6.638000e-01,3.804000e+00,6.375000e-01,4.989000e+00
1.400000e+02,6.406000e+01,8.242000e+01,1.123000e+02,3.097000e+01,3.879000e+01,3.052000e+01,2.728000e+01,2.597000e+01,2.242000e+01,1.702000e-01,1.555000e-01,1.698000e-01,1.522000e+00,6.079000e+00,1.522000e+00,6.079000e+00,7.781000e-01,5.048000e+00,5.527000e-01,4.215000e+00,6.206000e-01,4.455000e+00,8.274000e-01,5.048000e+00,6.421000e-01,3.867000e+00,6.482000e-01,5.048000e+00
1.410000e+02,6.406000e+01,8.242000e+01,1.123000e+02,3.097000e+01,3.879000e+01,3.052000e+01,2.728000e+01,2.597000e+01,2.242000e+01,1.702000e-01,1.555000e-01,1.698000e-01,1.532000e+00,6.110000e+00,1.532000e+00,6.110000e+00,8.218000e-01,4.989000e+00,5.376000e-01,4.167000e+00,6.685000e-01,4.441000e+00,8.831000e-01,4.989000e+00,8.095000e-01,3.846000e+00,5.997000e-01,4.989000e+00
1.420000e+02,6.406000e+01,8.242000e+01,1.123000e+02,3.097000e+01,3.879000e+01,3.052000e+01,2.728000e+01,2.597000e+01,2.242000e+01,1.702000e-01,1.555000e-01,1.698000e-01,1.532000e+00,6.154000e+00,1.532000e+00,6.154000e+00,8.502000e-01,5.071000e+00,5.397000e-01,4.123000e+00,6.911000e-01,4.416000e+00,8.073000e-01,5.071000e+00,6.765000e-01,3.847000e+00,6.121000e-01,5.071000e+00
1.430000e+02,6.406000e+01,8.242000e+01,1.123000e+02,3.097000e+01,3.879000e+01,3.052000e+01,2.728000e+01,2.597000e+01,2.242000e+01,1.702000e-01,1.555000e-01,1.698000e-01,1.529000e+00,5.989000e+00,1.529000e+00,5.989000e+00,7.965000e-01,5.057000e+00,5.148000e-01,4.172000e+00,9.581000e-01,4.416000e+00,8.984000e-01,5.057000e+00,7.761000e-01,3.867000e+00,5.992000e-01,5.057000e+00
1.440000e+02,6.406000e+01,8.242000e+01,1.123000e+02,3.097000e+01,3.879000e+01,3.052000e+01,2.728000e+01,2.597000e+01,2.242000e+01,1.702000e-01,1.555000e-01,1.698000e-01,1.516000e+00,6.145000e+00,1.516000e+00,6.145000e+00,7.764000e-01,5.019000e+00,5.550000e-01,4.138000e+00,7.556000e-01,4.496000e+00,9.109000e-01,5.019000e+00,6.615000e-01,3.802000e+00,5.477000e-01,5.019000e+00
1.450000e+02,6.406000e+01,8.242000e+01,1.123000e+02,3.097000e+01,3.879000e+01,3.052000e+01,2.728000e+01,2.597000e+01,2.242000e+01,1.702000e-01,1.555000e-01,1.698000e-01,1.512000e+00,6.105000e+00,1.512000e+00,6.105000e+00,7.273000e-01,4.992000e+00,5.645000e-01,4.166000e+00,8.377000e-01,4.451000e+00,9.236000e-01,4.992000e+00,7.466000e-01,3.861000e+00,7.313000e-01,4.992000e+00
1.460000e+02,6.406000e+01,8.242000e+01,1.123000e+02,3.097000e+01,3.879000e+01,3.052000e+01,2.728000e+01,2.597000e+01,2.242000e+01,1.702000e-01,1.555000e-01,1.698000e-01,1.526000e+00,6.168000e+00,1.526000e+00,6.168000e+00,7.530000e-01,5.030000e+00,5.591000e-01,4.149000e+00,6.003000e-01,4.422000e+00,8.207000e-01,5.030000e+00,5.595000e-01,3.900000e+00,6.728000e-01,5.030000e+00
1.470000e+02,6.406000e+01,8.242000e+01,1.123000e+02,3.097000e+01,3.879000e+01,3.052000e+01,2.728000e+01,2.597000e+01,2.242000e+01,1.702000e-01,1.555000e-01,1.698000e-01,1.525000e+00,6.049000e+00,1.525000e+00,6.049000e+00,7.637000e-01,5.040000e+00,6.517000e-01,4.150000e+00,5.599000e-01,4.409000e+00,8.455000e-01,5.040000e+00,8.740000e-01,3.871000e+00,6.222000e-01,5.040000e+00
1.480000e+02,6.406000e+01,8.242000e+01,1.123000e+02,3.097000e+01,3.879000e+01,3.052000e+01,2.728000e+01,2.597000e+01,2.242000e+01,1.702000e-01,1.555000e-01,1.698000e-01,1.533000e+00,6.090000e+00,1.533000e+00,6.090000e+00,7.841000e-01,5.038000e+00,5.530000e-01,4.114000e+00,5.736000e-01,4.495000e+00,8.828000e-01,5.038000e+00,7.443000e-01,3.869000e+00,6.665000e-01,5.038000e+00
1.490000e+02,6.406000e+01,8.242000e+01,1.123000e+02,3.097000e+01,3.879000e+01,3.052000e+01,2.728000e+01,2.597000e+01,2.242000e+01,1.702000e-01,1.555000e-01,1.698000e-01,1.529000e+00,6.050000e+00,1.529000e+00,6.050000e+00,8.416000e-01,5.017000e+00,5.341000e-01,4.210000e+00,6.281000e-01,4.463000e+00,8.950000e-01,5.017000e+00,6.611000e-01,3.879000e+00,5.512000e-01,5.017000e+00
1.500000e+02,6.406000e+01,8.242000e+01,1.123000e+02,3.097000e+01,3.879000e+01,3.052000e+01,2.728000e+01,2.597000e+01,2.242000e+01,1.702000e-01,1.555000e-01,1.698000e-01,1.542000e+00,6.182000e+00,1.542000e+00,6.182000e+00,7.924000e-01,5.069000e+00,5.629000e-01,4.129000e+00,6.091000e-01,4.412000e+00,8.169000e-01,5.069000e+00,6.025000e-01,3.904000e+00,7.094000e-01,5.069000e+00
1.510000e+02,6.406000e+01,8.242000e+01,1.123000e+02,3.097000e+01,3.879000e+01,3.052000e+01,2.728000e+01,2.597000e+01,2.242000e+01,1.702000e-01,1.555000e-01,1.698000e-01,1.514000e+00,6.076000e+00,1.514000e+00,6.076000e+00,7.807000e-01,5.044000e+00,5.468000e-01,4.196000e+00,5.819000e-01,4.450000e+00,8.373000e-01,5.044000e+00,6.290000e-01,3.842000e+00,6.436000e-01,5.044000e+00
1.520000e+02,6.406000e+01,8.242000e+01,1.123000e+02,3.097000e+01,3.879000e+01,3.052000e+01,2.728000e+01,2.597000e+01,2.242000e+01,1.702000e-01,1.555000e-01,1.698000e-01,1.533000e+00,6.033000e+00,1.533000e+00,6.033000e+00,8.226000e-01,5.022000e+00,5.551000e-01,4.187000e+00,7.218000e-01,4.453000e+00,7.723000e-01,5.022000e+00,8.031000e-01,3.777000e+00,6.593000e-01,5.022000e+00
1.530000e+02,6.406000e+01,8.242000e+01,1.123000e+02,3.097000e+01,3.879000e+01,3.052000e+01,2.728000e+01,2.597000e+01,2.242000e+01,1.702000e-01,1.555000e-01,1.698000e-01,1.513000e+00,6.130000e+00,1.513000e+00,6.130000e+00,7.190000e-01,4.991000e+00,5.543000e-01,4.178000e+00,6.955000e-01,4.464000e+00,9.125000e-01,4.991000e+00,7.864000e-01,3.851000e+00,5.605000e-01,4.991000e+00
1.540000e+02,6.406000e+01,8.242000e+01,1.123000e+02,3.097000e+01,3.879000e+01,3.052000e+01,2.728000e+01,2.597000e+01,2.242000e+01,1.702000e-01,1.555000e-01,1.698000e-01,1.527000e+00,6.102000e+00,1.527000e+00,6.102000e+00,6.544000e-01,5.073000e+00,5.165000e-01,4.200000e+00,6.856000e-01,4.490000e+00,8.223000e-01,5.073000e+00,6.844000e-01,3.865000e+00,5.877000e-01,5.073000e+00
1.550000e+02,6.406000e+01,8.242000e+01,1.123000e+02,3.097000e+01,3.879000e+01,3.052000e+01,2.728000e+01,2.597000e+01,2.242000e+01,1.702000e-01,1.555000e-01,1.698000e-01,1.544000e+00,6.105000e+00,1.544000e+00,6.105000e+00,7.777000e-01,4.998000e+00,5.911000e-01,4.185000e+00,5.656000e-01,4.461000e+00,7.892000e-01,4.998000e+00,6.631000e-01,3.869000e+00,5.904000e-01,4.998000e+00
1.560000e+02,6.406000e+01,8.242000e+01,1.123000e+02,3.097000e+01,3.879000e+01,3.052000e+01,2.728000e+01,2.597000e+01,2.242000e+01,1.702000e-01,1.555000e-01,1.698000e-01,1.524000e+00,6.119000e+00,1.524000e+00,6.119000e+00,7.421000e-01,5.012000e+00,5.591000e-01,4.118000e+00,6.199000e-01,4.461000e+00,7.911000e-01,5.012000e+00,7.943000e-01,3.859000e+00,5.571000e-01,5.012000e+00
1.570000e+02,6.406000e+01,8.242000e+01,1.123000e+02,3.097000e+01,3.879000e+01,3.052000e+01,2.728000e+01,2.597000e+01,2.242000e+01,1.702000e-01,1.555000e-01,1.698000e-01,1.525000e+00,6.107000e+00,1.525000e+00,6.107000e+00,8.540000e-01,5.045000e+00,5.493000e-01,4.204000e+00,6.438000e-01,4.504000e+00,8.966000e-01,5.045000e+00,6.248000e-01,3.831000e+00,6.447000e-01,5.045000e+00
1.580000e+02,6.406000e+01,8.242000e+01,1.123000e+02,3.097000e+01,3.879000e+01,3.052000e+01,2.728000e+01,2.597000e+01,2.242000e+01,1.702000e-01,1.555000e-01,1.698000e-01,1.524000e+00,6.075000e+00,1.524000e+00,6.075000e+00,8.275000e-01,5.032000e+00,5.655000e-01,4.202000e+00,6.689000e-01,4.486000e+00,8.880000e-01,5.032000e+00,6.765000e-01,3.851000e+00,6.227000e-01,5.032000e+00
1.590000e+02,6.406000e+01,8.242000e+01,1.123000e+02,3.097000e+01,3.879000e+01,3.052000e+01,2.728000e+01,2.597000e+01,2.242000e+01,1.702000e-01,1.555000e-01,1.698000e-01,1.543000e+00,6.136000e+00,1.543000e+00,6.136000e+00,7.760000e-01,5.064000e+00,5.638000e-01,4.154000e+00,5.806000e-01,4.461000e+00,9.393000e-01,5.064000e+00,7.349000e-01,3.844000e+00,6.593000e-01,5.064000e+00
1.600000e+02,6.406000e+01,8.242000e+01,1.123000e+02,3.097000e+01,3.879000e+01,3.052000e+01,2.728000e+01,2.597000e+01,2.242000e+01,1.702000e-01,1.555000e-01,1.698000e-01,1.507000e+00,6.107000e+00,1.507000e+00,6.107000e+00,7.677000e-01,5.004000e+00,5.515000e-01,4.125000e+00,5.893000e-01,4.380000e+00,7.428000e-01,5.004000e+00,6.641000e-01,3.794000e+00,6.821000e-01,5.004000e+00
1.610000e+02,6.406000e+01,8.242000e+01,1.123000e+02,3.097000e+01,3.879000e+01,3.052000e+01,2.728000e+01,2.597000e+01,2.242000e+01,1.702000e-01,1.555000e-01,1.698000e-01,1.517000e+00,6.110000e+00,1.517000e+00,6.110000e+00,7.511000e-01,5.000000e+00,5.925000e-01,4.174000e+00,6.252000e-01,4.430000e+00,8.923000e-01,5.000000e+00,7.880000e-01,3.811000e+00,6.404000e-01,5.000000e+00
1.620000e+02,6.406000e+01,8.242000e+01,1.123000e+02,3.097000e+01,3.879000e+01,3.052000e+01,2.728000e+01,2.597000e+01,2.242000e+01,1.702000e-01,1.555000e-01,1.698000e-01,1.541000e+00,6.103000e+00,1.541000e+00,6.103000e+00,9.481000e-01,5.022000e+00,6.686000e-01,4.209000e+00,6.051000e-01,4.475000e+00,8.473000e-01,5.022000e+00,6.923000e-01,3.837000e+00,6.657000e-01,5.022000e+00
1.630000e+02,6.406000e+01,8.242000e+01,1.123000e+02,3.097000e+01,3.879000e+01,3.052000e+01,2.728000e+01,2.597000e+01,2.242000e+01,1.702000e-01,1.555000e-01,1.698000e-01,1.522000e+00,6.080000e+00,1.522000e+00,6.080000e+00,8.143000e-01,5.069000e+00,6.044000e-01,4.201000e+00,6.675000e-01,4.436000e+00,7.711000e-01,5.069000e+00,7.163000e-01,3.851000e+00,6.399000e-01,5.069000e+00
1.640000e+02,6.406000e+01,8.242000e+01,1.123000e+02,3.097000e+01,3.879000e+01,3.052000e+01,2.728000e+01,2.597000e+01,2.242000e+01,1.702000e-01,1.555000e-01,1.698000e-01,1.525000e+00,6.105000e+00,1.525000e+00,6.105000e+00,8.085000e-01,5.019000e+00,5.320000e-01,4.210000e+00,6.555000e-01,4.445000e+00,7.672000e-01,5.019000e+00,7.022000e-01,3.838000e+00,5.897000e-01,5.019000e+00
1.650000e+02,6.406000e+01,8.242000e+01,1.123000e+02,3.097000e+01,3.879000e+01,3.052000e+01,2.728000e+01,2.597000e+01,2.242000e+01,1.702000e-01,1.555000e-01,1.698000e-01,1.530000e+00,6.040000e+00,1.530000e+00,6.040000e+00,7.840000e-01,5.018000e+00,5.276000e-01,4.193000e+00,6.450000e-01,4.420000e+00,8.285000e-01,5.018000e+00,7.918000e-01,3.814000e+00,5.897000e-01,5.018000e+00
1.660000e+02,6.406000e+01,8.242000e+01,1.123000e+02,3.097000e+01,3.879000e+01,3.052000e+01,2.728000e+01,2.597000e+01,2.242000e+01,1.702000e-01,1.555000e-01,1.698000e-01,1.516000e+00,6.029000e+00,1.516000e+00,6.029000e+00,7.911000e-01,5.043000e+00,6.221000e-01,4.205000e+00,7.429000e-01,4.449000e+00,1.029000e+00,5.043000e+00,7.884000e-01,3.825000e+00,6.500000e-01,5.043000e+00
1.670000e+02,6.406000e+01,8.242000e+01,1.123000e+02,3.097000e+01,3.879000e+01,3.052000e+01,2.728000e+01,2.597000e+01,2.242000e+01,1.702000e-01,1.555000e-01,1.698000e-01,1.527000e+00,6.124000e+00,1.527000e+00,6.124000e+00,7.877000e-01,5.041000e+00,6.320000e-01,4.188000e+00,5.721000e-01,4.498000e+00,8.861000e-01,5.041000e+00,9.279000e-01,3.815000e+00,7.674000e-01,5.041000e+00
1.680000e+02,6.406000e+01,8.242000e+01,1.123000e+02,3.097000e+01,3.879000e+01,3.052000e+01,2.728000e+01,2.597000e+01,2.242000e+01,1.702000e-01,1.555000e-01,1.698000e-01,1.526000e+00,6.064000e+00,1.526000e+00,6.064000e+00,8.221000e-01,5.084000e+00,5.817000e-01,4.159000e+00,6.095000e-01,4.476000e+00,7.399000e-01,5.084000e+00,7.847000e-01,3.839000e+00,5.724000e-01,5.084000e+00
1.690000e+02,6.406000e+01,8.242000e+01,1.123000e+02,3.097000e+01,3.879000e+01,3.052000e+01,2.728000e+01,2.597000e+01,2.242000e+01,1.702000e-01,1.555000e-01,1.698000e-01,1.512000e+00,6.119000e+00,1.512000e+00,6.119000e+00,8.166000e-01,5.034000e+00,5.277000e-01,4.209000e+00,6.260000e-01,4.461000e+00,7.715000e-01,5.034000e+00,7.428000e-01,3.903000e+00,6.828000e-01,5.034000e+00
1.700000e+02,6.406000e+01,8.242000e+01,1.123000e+02,3.097000e+01,3.879000e+01,3.052000e+01,2.728000e+01,2.597000e+01,2.242000e+01,1.702000e-01,1.555000e-01,1.698000e-01,1.515000e+00,6.109000e+00,1.515000e+00,6.109000e+00,7.537000e-01,4.971000e+00,5.559000e-01,4.199000e+00,6.367000e-01,4.446000e+00,8.598000e-01,4.971000e+00,8.677000e-01,3.859000e+00,6.540000e-01,4.971000e+00
1.710000e+02,6.406000e+01,8.242000e+01,1.123000e+02,3.097000e+01,3.879000e+01,3.052000e+01,2.728000e+01,2.597000e+01,2.242000e+01,1.702000e-01,1.555000e-01,1.698000e-01,1.533000e+00,6.067000e+00,1.533000e+00,6.067000e+00,7.180000e-01,5.023000e+00,5.880000e-01,4.226000e+00,6.724000e-01,4.422000e+00,7.446000e-01,5.023000e+00,8.108000e-01,3.872000e+00,6.111000e-01,5.023000e+00
1.720000e+02,6.406000e+01,8.242000e+01,1.123000e+02,3.097000e+01,3.879000e+01,3.052000e+01,2.728000e+01,2.597000e+01,2.242000e+01,1.702000e-01,1.555000e-01,1.698000e-01,1.516000e+00,6.041000e+00,1.516000e+00,6.041000e+00,7.842000e-01,5.056000e+00,5.255000e-01,4.115000e+00,7.042000e-01,4.466000e+00,8.065000e-01,5.056000e+00,8.709000e-01,3.819000e+00,6.043000e-01,5.056000e+00
1.730000e+02,6.406000e+01,8.242000e+01,1.123000e+02,3.097000e+01,3.879000e+01,3.052000e+01,2.728000e+01,2.597000e+01,2.242000e+01,1.702000e-01,1.555000e-01,1.698000e-01,1.544000e+00,6.046000e+00,1.544000e+00,6.046000e+00,8.359000e-01,5.030000e+00,5.210000e-01,4.298000e+00,6.603000e-01,4.467000e+00,8.154000e-01,5.030000e+00,7.070000e-01,3.860000e+00,6.073000e-01,5.030000e+00
1.740000e+02,6.406000e+01,8.242000e+01,1.123000e+02,3.097000e+01,3.879000e+01,3.052000e+01,2.728000e+01,2.597000e+01,2.242000e+01,1.702000e-01,1.555000e-01,1.698000e-01,1.530000e+00,6.012000e+00,1.530000e+00,6.012000e+00,8.401000e-01,4.999000e+00,5.572000e-01,4.119000e+00,5.954000e-01,4.488000e+00,7.869000e-01,4.999000e+00,7.273000e-01,3.802000e+00,6.770000e-01,4.999000e+00
1.750000e+02,6.406000e+01,8.242000e+01,1.123000e+02,3.097000e+01,3.879000e+01,3.052000e+01,2.728000e+01,2.597000e+01,2.242000e+01,1.702000e-01,1.555000e-01,1.698000e-01,1.522000e+00,6.064000e+00,1.522000e+00,6.064000e+00,7.548000e-01,5.013000e+00,6.064000e-01,4.163000e+00,7.489000e-01,4.450000e+00,7.785000e-01,5.013000e+00,6.943000e-01,3.867000e+00,6.116000e-01,5.013000e+00
1.760000e+02,6.406000e+01,8.242000e+01,1.123000e+02,3.097000e+01,3.879000e+01,3.052000e+01,2.728000e+01,2.597000e+01,2.242000e+01,1.702000e-01,1.555000e-01,1.698000e-01,1.532000e+00,6.056000e+00,1.532000e+00,6.056000e+00,1.009000e+00,5.036000e+00,6.603000e-01,4.260000e+00,6.260000e-01,4.511000e+00,9.364000e-01,5.036000e+00,7.837000e-01,3.820000e+00,5.812000e-01,5.036000e+00
1.770000e+02,6.406000e+01,8.242000e+01,1.123000e+02,3.097000e+01,3.879000e+01,3.052000e+01,2.728000e+01,2.597000e+01,2.242000e+01,1.702000e-01,1.555000e-01,1.698000e-01,1.545000e+00,6.056000e+00,1.545000e+00,6.056000e+00,8.292000e-01,5.015000e+00,6.370000e-01,4.143000e+00,6.596000e-01,4.440000e+00,7.813000e-01,5.015000e+00,1.068000e+00,3.876000e+00,6.403000e-01,5.015000e+00
1.780000e+02,6.406000e+01,8.242000e+01,1.123000e+02,3.097000e+01,3.879000e+01,3.052000e+01,2.728000e+01,2.597000e+01,2.242000e+01,1.702000e-01,1.555000e-01,1.698000e-01,1.521000e+00,6.040000e+00,1.521000e+00,6.040000e+00,8.895000e-01,5.007000e+00,5.421000e-01,4.151000e+00,6.702000e-01,4.418000e+00,8.893000e-01,5.007000e+00,9.050000e-01,3.764000e+00,5.774000e-01,5.007000e+00
1.790000e+02,6.406000e+01,8.242000e+01,1.123000e+02,3.097000e+01,3.879000e+01,3.052000e+01,2.728000e+01,2.597000e+01,2.242000e+01,1.702000e-01,1.555000e-01,1.698000e-01,1.518000e+00,6.001000e+00,1.518000e+00,6.001000e+00,7.978000e-01,4.993000e+00,5.391000e-01,4.246000e+00,6.980000e-01,4.358000e+00,8.422000e-01,4.993000e+00,7.170000e-01,3.762000e+00,5.512000e-01,4.993000e+00
1.800000e+02,6.406000e+01,8.242000e+01,1.123000e+02,3.097000e+01,3.879000e+01,3.052000e+01,2.728000e+01,2.597000e+01,2.242000e+01,1.702000e-01,1.555000e-01,1.698000e-01,1.510000e+00,6.025000e+00,1.510000e+00,6.025000e+00,8.036000e-01,5.016000e+00,5.477000e-01,4.161000e+00,7.904000e-01,4.489000e+00,8.708000e-01,5.016000e+00,9.028000e-01,3.796000e+00,6.045000e-01,5.016000e+00
1.810000e+02,6.406000e+01,8.242000e+01,1.123000e+02,3.097000e+01,3.879000e+01,3.052000e+01,2.728000e+01,2.597000e+01,2.242000e+01,1.702000e-01,1.555000e-01,1.698000e-01,1.519000e+00,6.010000e+00,1.519000e+00,6.010000e+00,7.980000e-01,5.050000e+00,5.418000e-01,4.195000e+00,7.645000e-01,4.507000e+00,7.445000e-01,5.050000e+00,9.060000e-01,3.804000e+00,5.554000e-01,5.050000e+00
1.820000e+02,6.406000e+01,8.242000e+01,1.123000e+02,3.097000e+01,3.879000e+01,3.052000e+01,2.728000e+01,2.597000e+01,2.242000e+01,1.702000e-01,1.555000e-01,1.698000e-01,1.502000e+00,5.989000e+00,1.502000e+00,5.989000e+00,8.703000e-01,5.052000e+00,6.812000e-01,4.217000e+00,8.896000e-01,4.475000e+00,8.011000e-01,5.052000e+00,9.765000e-01,3.821000e+00,6.183000e-01,5.052000e+00
1.830000e+02,6.406000e+01,8.242000e+01,1.123000e+02,3.097000e+01,3.879000e+01,3.052000e+01,2.728000e+01,2.597000e+01,2.242000e+01,1.702000e-01,1.555000e-01,1.698000e-01,1.538000e+00,6.056000e+00,1.538000e+00,6.056000e+00,6.986000e-01,5.004000e+00,5.534000e-01,4.197000e+00,5.484000e-01,4.444000e+00,8.614000e-01,5.004000e+00,9.699000e-01,3.802000e+00,5.878000e-01,5.004000e+00
1.840000e+02,6.406000e+01,8.242000e+01,1.123000e+02,3.097000e+01,3.879000e+01,3.052000e+01,2.728000e+01,2.597000e+01,2.242000e+01,1.702000e-01,1.555000e-01,1.698000e-01,1.522000e+00,6.149000e+00,1.522000e+00,6.149000e+00,7.565000e-01,5.022000e+00,5.572000e-01,4.173000e+00,7.909000e-01,4.517000e+00,7.470000e-01,5.022000e+00,8.131000e-01,3.781000e+00,5.844000e-01,5.022000e+00
1.850000e+02,6.406000e+01,8.242000e+01,1.123000e+02,3.097000e+01,3.879000e+01,3.052000e+01,2.728000e+01,2.597000e+01,2.242000e+01,1.702000e-01,1.555000e-01,1.698000e-01,1.531000e+00,6.091000e+00,1.531000e+00,6.091000e+00,8.712000e-01,5.003000e+00,5.271000e-01,4.246000e+00,6.787000e-01,4.417000e+00,7.425000e-01,5.003000e+00,6.771000e-01,3.792000e+00,7.532000e-01,5.003000e+00
1.860000e+02,6.406000e+01,8.242000e+01,1.123000e+02,3.097000e+01,3.879000e+01,3.052000e+01,2.728000e+01,2.597000e+01,2.242000e+01,1.702000e-01,1.555000e-01,1.698000e-01,1.536000e+00,6.113000e+00,1.536000e+00,6.113000e+00,8.151000e-01,5.084000e+00,5.893000e-01,4.272000e+00,7.378000e-01,4.477000e+00,7.253000e-01,5.084000e+00,8.878000e-01,3.790000e+00,8.246000e-01,5.084000e+00
1.870000e+02,6.406000e+01,8.242000e+01,1.123000e+02,3.097000e+01,3.879000e+01,3.052000e+01,2.728000e+01,2.597000e+01,2.242000e+01,1.702000e-01,1.555000e-01,1.698000e-01,1.529000e+00,6.107000e+00,1.529000e+00,6.107000e+00,8.271000e-01,5.010000e+00,5.268000e-01,4.196000e+00,6.427000e-01,4.458000e+00,8.210000e-01,5.010000e+00,7.283000e-01,3.866000e+00,6.871000e-01,5.010000e+00
1.880000e+02,6.406000e+01,8.242000e+01,1.123000e+02,3.097000e+01,3.879000e+01,3.052000e+01,2.728000e+01,2.597000e+01,2.242000e+01,1.702000e-01,1.555000e-01,1.698000e-01,1.506000e+00,6.024000e+00,1.506000e+00,6.024000e+00,8.086000e-01,5.103000e+00,5.547000e-01,4.239000e+00,7.701000e-01,4.473000e+00,7.416000e-01,5.103000e+00,9.003000e-01,3.793000e+00,5.923000e-01,5.103000e+00
1.890000e+02,6.406000e+01,8.242000e+01,1.123000e+02,3.097000e+01,3.879000e+01,3.052000e+01,2.728000e+01,2.597000e+01,2.242000e+01,1.702000e-01,1.555000e-01,1.698000e-01,1.531000e+00,6.011000e+00,1.531000e+00,6.011000e+00,6.787000e-01,5.056000e+00,5.479000e-01,4.188000e+00,7.394000e-01,4.443000e+00,7.308000e-01,5.056000e+00,1.057000e+00,3.775000e+00,5.380000e-01,5.056000e+00
1.900000e+02,6.406000e+01,8.242000e+01,1.123000e+02,3.097000e+01,3.879000e+01,3.052000e+01,2.728000e+01,2.597000e+01,2.242000e+01,1.702000e-01,1.555000e-01,1.698000e-01,1.514000e+00,6.015000e+00,1.514000e+00,6.015000e+00,7.904000e-01,5.046000e+00,6.411000e-01,4.183000e+00,7.946000e-01,4.483000e+00,8.605000e-01,5.046000e+00,7.127000e-01,3.838000e+00,6.318000e-01,5.046000e+00
1.910000e+02,6.406000e+01,8.242000e+01,1.123000e+02,3.097000e+01,3.879000e+01,3.052000e+01,2.728000e+01,2.597000e+01,2.242000e+01,1.702000e-01,1.555000e-01,1.698000e-01,1.541000e+00,6.023000e+00,1.541000e+00,6.023000e+00,8.614000e-01,5.073000e+00,5.364000e-01,4.299000e+00,5.634000e-01,4.475000e+00,7.933000e-01,5.073000e+00,7.840000e-01,3.863000e+00,6.787000e-01,5.073000e+00
1.920000e+02,6.406000e+01,8.242000e+01,1.123000e+02,3.097000e+01,3.879000e+01,3.052000e+01,2.728000e+01,2.597000e+01,2.242000e+01,1.702000e-01,1.555000e-01,1.698000e-01,1.532000e+00,6.067000e+00,1.532000e+00,6.067000e+00,7.999000e-01,5.052000e+00,5.661000e-01,4.284000e+00,8.757000e-01,4.458000e+00,8.018000e-01,5.052000e+00,7.723000e-01,3.816000e+00,6.978000e-01,5.052000e+00
1.930000e+02,6.406000e+01,8.242000e+01,1.123000e+02,3.097000e+01,3.879000e+01,3.052000e+01,2.728000e+01,2.597000e+01,2.242000e+01,1.702000e-01,1.555000e-01,1.698000e-01,1.538000e+00,6.079000e+00,1.538000e+00,6.079000e+00,9.953000e-01,5.007000e+00,5.616000e-01,4.212000e+00,8.154000e-01,4.348000e+00,6.784000e-01,5.007000e+00,7.508000e-01,3.852000e+00,6.779000e-01,5.007000e+00
1.940000e+02,6.406000e+01,8.242000e+01,1.123000e+02,3.097000e+01,3.879000e+01,3.052000e+01,2.728000e+01,2.597000e+01,2.242000e+01,1.702000e-01,1.555000e-01,1.698000e-01,1.520000e+00,5.986000e+00,1.520000e+00,5.986000e+00,6.673000e-01,5.076000e+00,5.394000e-01,4.188000e+00,7.480000e-01,4.397000e+00,9.033000e-01,5.076000e+00,9.049000e-01,3.842000e+00,6.649000e-01,5.076000e+00
1.950000e+02,6.406000e+01,8.242000e+01,1.123000e+02,3.097000e+01,3.879000e+01,3.052000e+01,2.728000e+01,2.597000e+01,2.242000e+01,1.702000e-01,1.555000e-01,1.698000e-01,1.521000e+00,6.016000e+00,1.521000e+00,6.016000e+00,7.245000e-01,5.032000e+00,7.088000e-01,4.280000e+00,6.089000e-01,4.487000e+00,8.244000e-01,5.032000e+00,7.547000e-01,3.790000e+00,7.412000e-01,5.032000e+00
1.960000e+02,6.406000e+01,8.242000e+01,1.123000e+02,3.097000e+01,3.879000e+01,3.052000e+01,2.728000e+01,2.597000e+01,2.242000e+01,1.702000e-01,1.555000e-01,1.698000e-01,1.556000e+00,6.040000e+00,1.556000e+00,6.040000e+00,7.690000e-01,5.035000e+00,6.103000e-01,4.323000e+00,5.955000e-01,4.507000e+00,9.230000e-01,5.035000e+00,9.923000e-01,3.828000e+00,7.732000e-01,5.035000e+00
1.970000e+02,6.406000e+01,8.242000e+01,1.123000e+02,3.097000e+01,3.879000e+01,3.052000e+01,2.728000e+01,2.597000e+01,2.242000e+01,1.702000e-01,1.555000e-01,1.698000e-01,1.529000e+00,5.921000e+00,1.529000e+00,5.921000e+00,7.873000e-01,5.056000e+00,5.256000e-01,4.148000e+00,5.790000e-01,4.468000e+00,6.901000e-01,5.056000e+00,9.904000e-01,3.817000e+00,6.345000e-01,5.056000e+00
1.980000e+02,6.406000e+01,8.242000e+01,1.123000e+02,3.097000e+01,3.879000e+01,3.052000e+01,2.728000e+01,2.597000e+01,2.242000e+01,1.702000e-01,1.555000e-01,1.698000e-01,1.524000e+00,6.037000e+00,1.524000e+00,6.037000e+00,6.598000e-01,5.076000e+00,6.571000e-01,4.327000e+00,7.306000e-01,4.476000e+00,6.622000e-01,5.076000e+00,9.098000e-01,3.801000e+00,6.036000e-01,5.076000e+00
1.990000e+02,6.406000e+01,8.242000e+01,1.123000e+02,3.097000e+01,3.879000e+01,3.052000e+01,2.728000e+01,2.597000e+01,2.242000e+01,1.702000e-01,1.555000e-01,1.698000e-01,1.554000e+00,6.043000e+00,1.554000e+00,6.043000e+00,8.463000e-01,5.084000e+00,5.681000e-01,4.092000e+00,6.286000e-01,4.467000e+00,7.905000e-01,5.084000e+00,1.010000e+00,3.839000e+00,6.369000e-01,5.084000e+00
2.000000e+02,6.406000e+01,8.242000e+01,1.123000e+02,3.097000e+01,3.879000e+01,3.052000e+01,2.728000e+01,2.597000e+01,2.242000e+01,1.702000e-01,1.555000e-01,1.698000e-01,1.511000e+00,6.045000e+00,1.511000e+00,6.045000e+00,8.005000e-01,4.977000e+00,5.404000e-01,4.256000e+00,7.225000e-01,4.359000e+00,8.317000e-01,4.977000e+00,7.751000e-01,3.822000e+00,7.155000e-01,4.977000e+00
2.010000e+02,6.406000e+01,8.242000e+01,1.123000e+02,3.097000e+01,3.879000e+01,3.052000e+01,2.728000e+01,2.597000e+01,2.242000e+01,1.702000e-01,1.555000e-01,1.698000e-01,1.527000e+00,6.083000e+00,1.527000e+00,6.083000e+00,8.329000e-01,5.077000e+00,6.127000e-01,4.236000e+00,7.102000e-01,4.417000e+00,9.687000e-01,5.077000e+00,1.034000e+00,3.857000e+00,6.074000e-01,5.077000e+00
