# Time-averaged data for fix boxsizepressurestretch
# TimeStep v_lx v_ly v_lz v_px v_py v_pz
0 33.9279 292.127 248.202 -115.978 71.8806 34.8257
1000 33.8967 292.384 248.452 348.099 -63.7852 -644.179
2000 33.9076 292.132 248.702 33.0726 -4.00393 -1460.23
3000 33.9179 291.973 248.952 -271.244 45.8655 -1902.75
4000 33.9042 292.015 249.202 125.288 -82.3206 -2428.01
5000 33.9034 291.802 249.452 129.184 51.8689 -2762.75
6000 33.9044 291.711 249.702 -31.1971 20.6906 -3464.82
7000 33.9022 291.496 249.952 -157.469 42.1986 -3947.01
8000 33.8985 291.546 250.202 76.8026 25.2117 -4468.84
9000 33.9001 291.549 250.452 139.716 -62.6733 -4799.65
10000 33.9102 291.217 250.702 -220.309 34.5893 -5320.09
11000 33.9078 291.087 250.952 -226.598 24.2098 -5831.79
12000 33.9034 290.996 251.202 -183.881 25.4768 -6310.77
13000 33.8964 290.822 251.452 210.224 64.5878 -6457.07
14000 33.9026 290.682 251.702 -111.193 60.506 -6715.87
15000 33.8921 290.97 251.952 165.563 -47.0509 -7261.98
16000 33.8944 290.64 252.202 160.303 27.3876 -7484.14
17000 33.9046 290.889 252.452 -28.9712 -100.26 -8059.62
18000 33.8881 290.481 252.702 28.2291 18.0074 -8023.5
19000 33.902 290.551 252.952 69.6807 11.9403 -8334.62
20000 33.8966 290.538 253.202 -16.9217 -81.7767 -8380.6
21000 33.8973 290.353 253.452 110.379 -23.459 -8667.89
22000 33.8888 290.158 253.702 43.6666 75.1472 -8729.42
23000 33.8898 290.237 253.952 59.7587 3.89388 -8663.62
24000 33.9009 290.152 254.202 -62.8842 172.067 -8289.91
25000 33.89 291.219 254.452 81.5359 1.66141 -4001.4
26000 33.8859 291.368 254.702 -31.632 14.6845 -1727.91
27000 33.8854 291.112 254.952 203.864 36.6002 -1499.96
28000 33.9041 291.39 255.202 -67.9533 -65.2289 -606.307
29000 33.9012 291.333 255.452 -52.2387 -27.1213 -307.815
30000 33.9019 291.249 255.702 -170.112 -56.9545 161.96
31000 33.9009 290.81 255.952 -103.942 44.3351 131.098
32000 33.901 290.748 256.202 -22.2493 -17.6389 251.039
33000 33.8783 290.569 256.452 287.979 15.6424 -157.523
34000 33.8964 290.371 256.702 167.24 15.7334 -412.047
35000 33.9056 290.204 256.952 91.5755 43.6233 -705.528
36000 33.903 290.203 257.202 81.1273 15.0985 -742.891
37000 33.9063 290.04 257.452 62.2506 50.4832 -970.525
38000 33.8998 290.251 257.702 227.314 -28.0759 -953.392
39000 33.9017 290.097 257.952 -32.1953 2.22022 -1185.73
40000 33.8952 290.256 258.202 211.922 -48.9656 -1034
41000 33.8956 290.297 258.452 78.7517 -14.5405 -1127.45
42000 33.9108 290.197 258.702 -91.6646 -35.4675 -1303.82
43000 33.907 290.13 258.952 -162.847 35.1083 -1149.89
44000 33.8987 289.992 259.202 -50.23 72.9604 -1379.99
45000 33.9027 290.043 259.452 -118.675 -11.0478 -1041.91
46000 33.9068 290.16 259.702 36.0299 22.0855 -323.104
47000 33.9157 290.227 259.952 -212.399 -6.77846 -390.643
48000 33.898 290.221 260.202 -62.6828 -38.2532 -650.322
49000 33.904 290.24 260.452 -85.0748 -54.8425 -570.185
50000 33.9129 290.16 260.702 -157.521 -21.8185 -728.588
51000 33.9039 290.186 260.952 21.9902 -47.7025 -709.218
52000 33.9007 290.103 261.202 105.288 -2.47131 -1065.71
53000 33.9028 290.074 261.452 -2.90308 11.9104 -1146.46
54000 33.9001 290.048 261.702 150.051 60.4164 -851.806
55000 33.8926 290.502 261.952 199.268 -76.379 -804.222
56000 33.8996 290.204 262.202 -94.3236 -47.5397 -956.664
57000 33.9115 290.131 262.452 -68.8787 6.82694 -916.258
58000 33.9024 290.028 262.702 -175.264 17.7682 -1283.3
59000 33.9121 290.16 262.952 -146.346 4.48153 -834.753
60000 33.9067 290.175 263.202 -359.184 25.8274 -843.29
61000 33.9155 290.18 263.452 -162.25 42.1308 -719.139
62000 33.9187 290.34 263.702 -210.882 -62.4548 -695.799
63000 33.9031 290.237 263.952 120.949 37.6629 -314.88
64000 33.8968 290.586 264.202 103.038 -57.6142 -358.909
65000 33.902 290.607 264.452 -35.7051 -71.3361 -199.521
66000 33.9168 290.258 264.702 -169.097 -9.82651 151.891
67000 33.9232 290.243 264.952 -143.4 41.1686 285.05
68000 33.8964 290.208 265.202 310.646 29.87 -124.503
69000 33.9214 290.384 265.452 -313.982 -66.3994 -177.329
70000 33.9176 290.278 265.702 -79.0178 22.5878 -8.70125
71000 33.9058 289.947 265.952 -11.319 64.0658 -314.148
72000 33.9096 290.094 266.202 -14.7645 -48.5778 -150.646
73000 33.9144 290.075 266.452 -130.968 -33.4222 -363.144
74000 33.9166 289.932 266.702 -1.25524 -26.8339 -226.992
75000 33.914 289.874 266.952 -130.234 18.5544 -868.143
76000 33.9241 289.601 267.202 -230.101 49.3208 -747.095
77000 33.8972 289.953 267.452 178.209 -37.3244 -680.452
78000 33.8991 289.863 267.702 223.765 -19.1277 -891.92
79000 33.9004 289.915 267.952 102.744 35.1676 -759.253
80000 33.9221 289.99 268.202 -96.5598 -46.9373 -535.54
81000 33.898 289.933 268.452 55.1703 -49.6641 -838.17
82000 33.9085 289.887 268.702 199.307 -9.28162 -623.663
83000 33.9094 289.757 268.952 19.0819 -3.03462 -626.195
84000 33.9142 289.664 269.202 -19.6873 80.7445 -459.997
85000 33.9072 289.881 269.452 -140.685 -2.05001 -529.688
86000 33.913 289.77 269.702 188.382 17.7476 -788.466
87000 33.9177 289.886 269.952 14.0309 38.0912 -330.22
88000 33.9072 289.882 270.202 149.266 -12.0563 -475.039
89000 33.9 289.639 270.452 155.19 3.88506 -663.995
90000 33.9078 289.786 270.702 177.811 6.48538 -605.319
91000 33.9088 289.704 270.952 24.7087 48.4468 -423.861
92000 33.9138 289.724 271.202 -161.172 17.0064 -616.259
93000 33.9179 289.519 271.452 -24.2479 38.2789 -921.114
94000 33.9172 289.666 271.702 -55.1613 -28.4728 -596.43
95000 33.9208 289.737 271.952 -46.6823 42.7217 -591.734
96000 33.9107 289.714 272.202 22.6402 47.9046 -466.801
97000 33.909 289.868 272.452 101.16 59.2096 -639.503
98000 33.9133 289.708 272.702 -119.207 44.2577 -792.47
99000 33.8984 289.964 272.952 231.969 -22.8411 -416.674
100000 33.9034 290.201 273.202 86.7362 -89.8676 -372.488
