0.000000000000000000e+00 0.000000000000000000e+00
1.000000000000000000e+01 9.732163646571923010e-04
2.000000000000000000e+01 1.946471659526105569e-03
3.000000000000000000e+01 2.919804814818460770e-03
4.000000000000000000e+01 3.893021179475653071e-03
5.000000000000000000e+01 4.866276474344566338e-03
6.000000000000000000e+01 5.839492839001758639e-03
7.000000000000000000e+01 6.812748133870449863e-03
8.000000000000000000e+01 7.786081289163027108e-03
9.000000000000000000e+01 8.759297653820219409e-03
1.000000000000000000e+02 9.732552948689132677e-03
1.100000000000000000e+02 1.070576931334632498e-02
1.200000000000000000e+02 1.167902460821501620e-02
1.300000000000000000e+02 1.265235776350759345e-02
1.400000000000000000e+02 1.362557412816478575e-02
1.500000000000000000e+02 1.459882942303369902e-02
1.600000000000000000e+02 1.557204578769089132e-02
1.700000000000000000e+02 1.654530108255958254e-02
1.800000000000000000e+02 1.751863423785215979e-02
1.900000000000000000e+02 1.849185060250935209e-02
2.000000000000000000e+02 1.946510589737826535e-02
2.100000000000000000e+02 2.043832226203523561e-02
2.200000000000000000e+02 2.141157755690414888e-02
2.300000000000000000e+02 2.238491071219672612e-02
2.400000000000000000e+02 2.335812707685391842e-02
2.500000000000000000e+02 2.433138237172260965e-02
2.600000000000000000e+02 2.530459873637980195e-02
2.700000000000000000e+02 2.627785403124871522e-02
2.800000000000000000e+02 2.725118718654129246e-02
2.900000000000000000e+02 2.822440355119848476e-02
3.000000000000000000e+02 2.919765884606717599e-02
3.100000000000000000e+02 3.017087521072436829e-02
3.200000000000000000e+02 3.114413050559328155e-02
3.300000000000000000e+02 3.211746366088585880e-02
3.400000000000000000e+02 3.309068002554305110e-02
3.500000000000000000e+02 3.406393532041174232e-02
3.600000000000000000e+02 3.503715168506893463e-02
3.700000000000000000e+02 3.601040697993784789e-02
3.800000000000000000e+02 3.698374013523042514e-02
3.900000000000000000e+02 3.795695649988739540e-02
4.000000000000000000e+02 3.893021179475630866e-02
4.100000000000000000e+02 3.990342815941350096e-02
4.200000000000000000e+02 4.087668345428241423e-02
4.300000000000000000e+02 4.185001660957476943e-02
4.400000000000000000e+02 4.282323297423196173e-02
4.500000000000000000e+02 4.379648826910087500e-02
4.600000000000000000e+02 4.476970463375806730e-02
4.700000000000000000e+02 4.574295992862698057e-02
4.800000000000000000e+02 4.671629308391933577e-02
4.900000000000000000e+02 4.768950944857652807e-02
5.000000000000000000e+02 4.866276474344544134e-02
5.100000000000000000e+02 4.963598110810263364e-02
5.200000000000000000e+02 5.060923640297154691e-02
5.300000000000000000e+02 5.158256955826390211e-02
5.400000000000000000e+02 5.255578592292109441e-02
5.500000000000000000e+02 5.352904121779000768e-02
5.600000000000000000e+02 5.450225758244719998e-02
5.700000000000000000e+02 5.547551287731589120e-02
5.800000000000000000e+02 5.644884603260846845e-02
5.900000000000000000e+02 5.742206239726566075e-02
6.000000000000000000e+02 5.839531769213457402e-02
6.100000000000000000e+02 5.936853405679176632e-02
6.200000000000000000e+02 6.034178935166045754e-02
6.300000000000000000e+02 6.131512250695303479e-02
6.400000000000000000e+02 6.228833887161022709e-02
6.500000000000000000e+02 6.326159416647914036e-02
6.600000000000000000e+02 6.423481053113611061e-02
6.700000000000000000e+02 6.520806582600502388e-02
6.800000000000000000e+02 6.618139898129760113e-02
6.900000000000000000e+02 6.715461534595479343e-02
7.000000000000000000e+02 6.812787064082370669e-02
7.100000000000000000e+02 6.910108700548067695e-02
7.200000000000000000e+02 7.007434230034959022e-02
7.300000000000000000e+02 7.104767545564216746e-02
7.400000000000000000e+02 7.202089182029935976e-02
7.500000000000000000e+02 7.299414711516805099e-02
7.600000000000000000e+02 7.396736347982524329e-02
7.700000000000000000e+02 7.494061877469415656e-02
7.800000000000000000e+02 7.591395192998673380e-02
7.900000000000000000e+02 7.688716829464392610e-02
8.000000000000000000e+02 7.786042358951261733e-02
8.100000000000000000e+02 7.883363995416980963e-02
8.200000000000000000e+02 7.980689524903872289e-02
8.300000000000000000e+02 8.078022840433130014e-02
8.400000000000000000e+02 8.175344476898827040e-02
8.500000000000000000e+02 8.272670006385718366e-02
8.600000000000000000e+02 8.369991642851437597e-02
8.700000000000000000e+02 8.467317172338328923e-02
8.800000000000000000e+02 8.564650487867586648e-02
8.900000000000000000e+02 8.661972124333283674e-02
9.000000000000000000e+02 8.759297653820175000e-02
9.100000000000000000e+02 8.856619290285894230e-02
9.200000000000000000e+02 8.953944819772785557e-02
9.300000000000000000e+02 9.051278135302021077e-02
9.400000000000000000e+02 9.148599771767740307e-02
9.500000000000000000e+02 9.245925301254631634e-02
9.600000000000000000e+02 9.343246937720350864e-02
9.700000000000000000e+02 9.440572467207242191e-02
9.800000000000000000e+02 9.537905782736477711e-02
9.900000000000000000e+02 9.635227419202196941e-02
1.000000000000000000e+03 9.732552948689088268e-02
