0.000000000000000000e+00 -3.576982100000000031e+01
1.000000000000000000e+01 -9.320168459999999868e+02
2.000000000000000000e+01 -1.347772095000000036e+03
3.000000000000000000e+01 -1.518783081000000038e+03
4.000000000000000000e+01 -2.414601317999999992e+03
5.000000000000000000e+01 -2.919423095999999987e+03
6.000000000000000000e+01 -3.246009520999999950e+03
7.000000000000000000e+01 -3.834002685999999812e+03
8.000000000000000000e+01 -4.162825195000000349e+03
9.000000000000000000e+01 -4.937633300999999847e+03
1.000000000000000000e+02 -5.336729003999999804e+03
1.100000000000000000e+02 -5.478215820000000349e+03
1.200000000000000000e+02 -5.466861327999999958e+03
1.300000000000000000e+02 -5.701547851999999693e+03
1.400000000000000000e+02 -5.797503418000000238e+03
1.500000000000000000e+02 -5.827890137000000323e+03
1.600000000000000000e+02 -5.176374512000000323e+03
1.700000000000000000e+02 -4.619481445000000349e+03
1.800000000000000000e+02 -3.890038817999999992e+03
1.900000000000000000e+02 -3.667409423999999944e+03
2.000000000000000000e+02 -3.836842529000000013e+03
2.100000000000000000e+02 -3.178757079999999860e+03
2.200000000000000000e+02 -3.171000488000000132e+03
2.300000000000000000e+02 -3.027832519999999931e+03
2.400000000000000000e+02 -2.975977782999999818e+03
2.500000000000000000e+02 -2.587843506000000161e+03
2.600000000000000000e+02 -3.464469481999999971e+03
2.700000000000000000e+02 -3.308750977000000148e+03
2.800000000000000000e+02 -3.486283691000000090e+03
2.900000000000000000e+02 -3.456796875000000000e+03
3.000000000000000000e+02 -1.869247681000000057e+03
3.100000000000000000e+02 -2.708095459000000119e+03
3.200000000000000000e+02 -2.526449707000000217e+03
3.300000000000000000e+02 -1.940369873000000098e+03
3.400000000000000000e+02 -2.636927001999999902e+03
3.500000000000000000e+02 -2.586422852000000148e+03
3.600000000000000000e+02 -2.099498047000000042e+03
3.700000000000000000e+02 -8.971156620000000430e+02
3.800000000000000000e+02 -1.764369263000000046e+03
3.900000000000000000e+02 -1.452288452000000007e+03
4.000000000000000000e+02 -1.780456055000000106e+03
4.100000000000000000e+02 -1.924099975999999970e+03
4.200000000000000000e+02 -1.656021117999999888e+03
4.300000000000000000e+02 -1.572365234000000100e+03
4.400000000000000000e+02 -1.725189331000000038e+03
4.500000000000000000e+02 -1.321200561999999991e+03
4.600000000000000000e+02 -1.288862914999999930e+03
4.700000000000000000e+02 -1.548300171000000091e+03
4.800000000000000000e+02 -1.846670654000000013e+03
4.900000000000000000e+02 -1.492533447000000024e+03
5.000000000000000000e+02 -1.697267090000000053e+03
5.100000000000000000e+02 -1.739331787000000077e+03
5.200000000000000000e+02 -1.589495728000000099e+03
5.300000000000000000e+02 -1.204083008000000063e+03
5.400000000000000000e+02 -1.035310058999999910e+03
5.500000000000000000e+02 -1.138737548999999944e+03
5.600000000000000000e+02 -1.697438842999999906e+03
5.700000000000000000e+02 -1.886564086999999972e+03
5.800000000000000000e+02 -1.914341063999999960e+03
5.900000000000000000e+02 -1.773686889999999948e+03
6.000000000000000000e+02 -1.712712279999999964e+03
6.100000000000000000e+02 -2.065155761999999868e+03
6.200000000000000000e+02 -2.289448974999999791e+03
6.300000000000000000e+02 -1.493105956999999989e+03
6.400000000000000000e+02 -1.660067383000000063e+03
6.500000000000000000e+02 -1.636810668999999962e+03
6.600000000000000000e+02 -1.063480835000000070e+03
6.700000000000000000e+02 -1.447561034999999947e+03
6.800000000000000000e+02 -1.336963745000000017e+03
6.900000000000000000e+02 -1.350827271000000110e+03
7.000000000000000000e+02 -1.378980591000000004e+03
7.100000000000000000e+02 -1.491128052000000025e+03
7.200000000000000000e+02 -9.962517090000000053e+02
7.300000000000000000e+02 -7.513186040000000503e+02
7.400000000000000000e+02 -8.418441159999999854e+02
7.500000000000000000e+02 -1.297736450000000104e+03
7.600000000000000000e+02 -1.314723144999999931e+03
7.700000000000000000e+02 -1.372577514999999948e+03
7.800000000000000000e+02 -1.648329711999999972e+03
7.900000000000000000e+02 -1.141033325000000104e+03
8.000000000000000000e+02 -7.579536130000000185e+02
8.100000000000000000e+02 -1.013102355999999986e+03
8.200000000000000000e+02 -1.118688599000000067e+03
8.300000000000000000e+02 -1.060249634000000015e+03
8.400000000000000000e+02 -1.162497558999999910e+03
8.500000000000000000e+02 -1.222317749000000049e+03
8.600000000000000000e+02 -1.114945678999999927e+03
8.700000000000000000e+02 -9.388919069999999465e+02
8.800000000000000000e+02 -1.077329467999999906e+03
8.900000000000000000e+02 -1.559018921000000091e+03
9.000000000000000000e+02 -1.068724854000000050e+03
9.100000000000000000e+02 -1.039859130999999934e+03
9.200000000000000000e+02 -7.676363529999999855e+02
9.300000000000000000e+02 -9.852473750000000337e+02
9.400000000000000000e+02 -1.060094970999999987e+03
9.500000000000000000e+02 -9.747646479999999656e+02
9.600000000000000000e+02 -1.597479857999999922e+03
9.700000000000000000e+02 -1.457645751999999902e+03
9.800000000000000000e+02 -1.201578978999999890e+03
9.900000000000000000e+02 -1.432432982999999922e+03
1.000000000000000000e+03 -1.117755736999999954e+03
