# step_count,bc_1,bc_2,bc_3,ac_1,ac_2,ac_3,ac_4,ac_5,ac_6,ic_1,ic_2,ic_3
1.000000e+00,7.074000e+01,9.101000e+01,1.240000e+02,2.598000e+01,3.254000e+01,2.560000e+01,2.289000e+01,2.179000e+01,1.881000e+01,2.132000e-01,1.948000e-01,2.128000e-01
2.000000e+00,6.758000e+01,8.695000e+01,1.185000e+02,2.948000e+01,3.692000e+01,2.905000e+01,2.597000e+01,2.472000e+01,2.134000e+01,5.998000e-01,5.482000e-01,5.985000e-01
3.000000e+00,6.236000e+01,8.023000e+01,1.093000e+02,2.645000e+01,3.313000e+01,2.606000e+01,2.330000e+01,2.218000e+01,1.915000e+01,3.523000e-01,3.220000e-01,3.516000e-01
4.000000e+00,7.887000e+01,1.015000e+02,1.383000e+02,2.590000e+01,3.244000e+01,2.552000e+01,2.282000e+01,2.172000e+01,1.875000e+01,3.075000e-01,2.810000e-01,3.069000e-01
5.000000e+00,6.953000e+01,8.946000e+01,1.219000e+02,3.318000e+01,4.155000e+01,3.270000e+01,2.923000e+01,2.782000e+01,2.402000e+01,3.820000e-01,3.491000e-01,3.812000e-01
6.000000e+00,6.946000e+01,8.937000e+01,1.218000e+02,3.251000e+01,4.072000e+01,3.204000e+01,2.864000e+01,2.726000e+01,2.354000e+01,3.743000e-01,3.421000e-01,3.735000e-01
7.000000e+00,7.584000e+01,9.758000e+01,1.330000e+02,2.610000e+01,3.269000e+01,2.572000e+01,2.299000e+01,2.189000e+01,1.890000e+01,3.770000e-01,3.445000e-01,3.762000e-01
8.000000e+00,7.053000e+01,9.074000e+01,1.236000e+02,3.284000e+01,4.113000e+01,3.236000e+01,2.893000e+01,2.754000e+01,2.378000e+01,3.872000e-01,3.539000e-01,3.864000e-01
9.000000e+00,6.060000e+01,7.797000e+01,1.062000e+02,3.456000e+01,4.328000e+01,3.406000e+01,3.044000e+01,2.898000e+01,2.502000e+01,6.987000e-01,6.385000e-01,6.972000e-01
1.000000e+01,7.990000e+01,1.028000e+02,1.401000e+02,3.169000e+01,3.969000e+01,3.123000e+01,2.792000e+01,2.658000e+01,2.294000e+01,4.313000e-01,3.942000e-01,4.304000e-01
1.100000e+01,7.921000e+01,1.019000e+02,1.389000e+02,3.049000e+01,3.819000e+01,3.004000e+01,2.686000e+01,2.557000e+01,2.207000e+01,4.644000e-01,4.244000e-01,4.634000e-01
1.200000e+01,6.960000e+01,8.955000e+01,1.220000e+02,3.168000e+01,3.968000e+01,3.122000e+01,2.791000e+01,2.657000e+01,2.294000e+01,2.264000e-01,2.069000e-01,2.259000e-01
1.300000e+01,6.799000e+01,8.748000e+01,1.192000e+02,3.104000e+01,3.887000e+01,3.059000e+01,2.734000e+01,2.603000e+01,2.247000e+01,1.648000e-01,1.506000e-01,1.645000e-01
1.400000e+01,7.799000e+01,1.003000e+02,1.367000e+02,3.444000e+01,4.313000e+01,3.394000e+01,3.034000e+01,2.888000e+01,2.493000e+01,6.173000e-01,5.642000e-01,6.160000e-01
1.500000e+01,7.199000e+01,9.262000e+01,1.262000e+02,3.490000e+01,4.371000e+01,3.439000e+01,3.074000e+01,2.927000e+01,2.527000e+01,5.190000e-01,4.743000e-01,5.179000e-01
1.600000e+01,7.211000e+01,9.278000e+01,1.264000e+02,2.941000e+01,3.683000e+01,2.898000e+01,2.591000e+01,2.466000e+01,2.129000e+01,6.827000e-01,6.239000e-01,6.813000e-01
1.700000e+01,7.800000e+01,1.004000e+02,1.367000e+02,2.566000e+01,3.214000e+01,2.529000e+01,2.260000e+01,2.152000e+01,1.858000e+01,1.808000e-01,1.652000e-01,1.804000e-01
1.800000e+01,6.325000e+01,8.138000e+01,1.109000e+02,3.001000e+01,3.758000e+01,2.957000e+01,2.644000e+01,2.517000e+01,2.173000e+01,5.518000e-01,5.043000e-01,5.506000e-01
1.900000e+01,6.839000e+01,8.799000e+01,1.199000e+02,2.606000e+01,3.264000e+01,2.568000e+01,2.296000e+01,2.185000e+01,1.887000e+01,7.212000e-01,6.591000e-01,7.197000e-01
2.000000e+01,7.486000e+01,9.631000e+01,1.312000e+02,3.323000e+01,4.162000e+01,3.274000e+01,2.927000e+01,2.787000e+01,2.406000e+01,5.294000e-01,4.838000e-01,5.283000e-01
2.100000e+01,7.508000e+01,9.660000e+01,1.316000e+02,2.674000e+01,3.349000e+01,2.635000e+01,2.356000e+01,2.242000e+01,1.936000e+01,7.360000e-01,6.726000e-01,7.345000e-01
2.200000e+01,7.481000e+01,9.625000e+01,1.311000e+02,3.089000e+01,3.869000e+01,3.044000e+01,2.721000e+01,2.590000e+01,2.236000e+01,7.442000e-01,6.801000e-01,7.426000e-01
2.300000e+01,7.042000e+01,9.060000e+01,1.235000e+02,2.533000e+01,3.172000e+01,2.496000e+01,2.231000e+01,2.124000e+01,1.834000e+01,2.262000e-01,2.067000e-01,2.257000e-01
2.400000e+01,7.997000e+01,1.029000e+02,1.402000e+02,3.483000e+01,4.362000e+01,3.432000e+01,3.068000e+01,2.921000e+01,2.522000e+01,3.486000e-01,3.186000e-01,3.479000e-01
2.500000e+01,7.594000e+01,9.770000e+01,1.331000e+02,2.883000e+01,3.611000e+01,2.841000e+01,2.540000e+01,2.418000e+01,2.087000e+01,5.538000e-01,5.061000e-01,5.526000e-01
2.600000e+01,7.395000e+01,9.514000e+01,1.296000e+02,2.542000e+01,3.184000e+01,2.505000e+01,2.239000e+01,2.132000e+01,1.840000e+01,7.188000e-01,6.569000e-01,7.173000e-01
2.700000e+01,7.255000e+01,9.334000e+01,1.272000e+02,2.966000e+01,3.715000e+01,2.923000e+01,2.613000e+01,2.487000e+01,2.147000e+01,5.149000e-01,4.706000e-01,5.138000e-01
2.800000e+01,6.126000e+01,7.882000e+01,1.074000e+02,3.362000e+01,4.211000e+01,3.313000e+01,2.962000e+01,2.819000e+01,2.434000e+01,2.485000e-01,2.271000e-01,2.480000e-01
2.900000e+01,7.254000e+01,9.333000e+01,1.272000e+02,3.480000e+01,4.358000e+01,3.429000e+01,3.066000e+01,2.918000e+01,2.520000e+01,4.880000e-01,4.460000e-01,4.870000e-01
3.000000e+01,6.325000e+01,8.138000e+01,1.109000e+02,2.906000e+01,3.639000e+01,2.864000e+01,2.560000e+01,2.437000e+01,2.104000e+01,1.504000e-01,1.375000e-01,1.501000e-01
3.100000e+01,6.441000e+01,8.287000e+01,1.129000e+02,3.405000e+01,4.264000e+01,3.355000e+01,2.999000e+01,2.855000e+01,2.465000e+01,3.635000e-01,3.322000e-01,3.627000e-01
3.200000e+01,7.845000e+01,1.009000e+02,1.375000e+02,2.603000e+01,3.260000e+01,2.565000e+01,2.293000e+01,2.183000e+01,1.885000e+01,5.774000e-01,5.277000e-01,5.762000e-01
