# Time-averaged data for fix boxsizepressurestretch
# TimeStep v_lx v_ly v_lz v_px v_py v_pz
0 105.934 103.972 51.9227 249.573 218.507 43.9139
1000 105.064 105.172 51.9134 -65.1182 -761.564 336.423
2000 103.971 106.372 51.9144 107.659 -1421.63 186.229
3000 103.3 107.572 51.8892 -193.666 -2313.45 583.48
4000 102.394 108.772 51.9253 -37.5927 -2894.54 -57.519
5000 101.496 109.972 51.9064 10.1918 -3648.43 302.779
6000 100.602 111.172 51.9206 -124.035 -4210.23 349.575
7000 99.6512 112.372 51.9371 95.3815 -4698.18 -567.042
8000 98.9035 113.572 51.9542 151.378 -5082.95 -422.8
9000 98.1947 114.772 51.9484 180.636 -5634.32 -170.294
10000 97.7276 115.972 51.9117 -141.07 -6260 593.078
11000 97.1845 117.172 51.9248 195.772 -5977.57 589.531
12000 96.4822 118.372 51.9619 114.122 -1997.44 -573.755
13000 94.1242 119.572 51.9241 53.9125 -736.12 206.825
14000 93.1151 120.772 51.9596 -32.8251 -1206.95 -452.16
15000 92.2467 121.972 51.9365 -113.294 -1807.84 237.736
16000 91.5442 123.172 51.9452 -189.716 -2600.61 -283.588
17000 90.6111 124.372 51.9289 149.741 -2504.55 100.989
18000 90.1477 125.572 51.9315 -77.4778 -3302.45 268.467
19000 90.0545 126.772 51.9172 48.8409 -2738.57 77.0441
20000 89.7897 127.972 51.9128 -41.179 -2983.27 351.576
21000 89.5913 129.172 51.9368 -151.425 -3016.65 -377.307
22000 88.0157 130.372 51.9189 -131.503 -2134.63 50.9415
23000 86.5354 131.572 51.9373 -14.3954 -2808.54 -116.9
24000 86.0148 132.772 51.9168 -170.923 -3407.07 162.272
25000 85.5364 133.972 51.9556 15.384 -2911.51 -1038.02
26000 85.4094 135.172 51.8942 -59.9644 -3701.02 537.512
27000 85.0495 136.372 51.93 58.7132 -3987.21 44.924
28000 85.1185 137.572 51.9007 -140.069 -3570.72 92.1857
29000 84.5017 138.772 51.9269 23.6564 -2107.26 -204.188
30000 82.5742 139.972 51.8901 -8.27072 -2410.32 561.376
31000 82.3212 141.172 51.9465 -16.5563 -3182.11 -393.226
32000 82.0451 142.372 51.9123 6.23104 -3510.6 -51.8292
33000 82.0703 143.572 51.9407 -86.7338 -3143.92 89.1151
34000 82.4526 144.772 51.902 71.7082 -1002 860.187
35000 82.3386 145.972 51.9017 53.8501 -1219.51 749.015
36000 82.7003 147.172 51.916 -23.8601 -289.726 92.9054
37000 81.8708 148.372 51.9331 1.28766 -711.022 -330.373
38000 81.6966 149.572 51.9341 17.3913 -892.008 238.246
39000 81.8648 150.772 51.9421 -156.382 -1071.19 -278.552
40000 81.9892 151.972 51.9348 -184.485 -891.109 -327.558
41000 82.5588 153.172 51.9446 -47.9015 -667.51 103.289
42000 82.6252 154.372 51.9281 189.224 77.4873 214.577
43000 82.7696 155.572 51.9304 211.466 -46.1626 508.256
44000 82.8445 156.772 51.9289 68.7503 264.358 419.605
45000 82.9163 157.972 51.9347 -121.912 -224.043 3.79115
46000 82.9045 159.172 51.9216 49.3687 -123.421 616.128
47000 82.8988 160.372 51.939 3.90805 -165.164 168.949
48000 82.9521 161.572 51.9328 0.480803 11.5521 105.668
49000 82.7892 162.772 51.9752 -55.1485 -205.046 -744.278
50000 82.8509 163.972 51.9268 83.0973 92.2264 90.89
51000 82.7486 165.172 51.9673 96.6482 -216.076 -412.431
52000 83.0121 166.372 51.9861 -97.6914 8.2098 -842.605
53000 82.7776 167.572 51.9225 83.744 -215.443 174.468
54000 82.9521 168.772 51.9348 -77.8875 -103.981 -210.419
55000 82.8043 169.972 51.9392 -73.7657 -348.252 -117.868
56000 83.0319 171.172 51.9295 -71.2251 116.049 79.5224
57000 83.0856 172.372 51.9312 -75.9061 51.7743 -135.654
58000 82.9376 173.572 51.9078 -119.412 -281.763 534.605
59000 83.0727 174.772 51.9719 -169.764 -22.1372 -380.726
60000 82.8831 175.972 51.9501 -29.3497 -110.768 -87.1806
61000 82.8769 177.172 51.9593 -15.6634 26.5214 -499.922
62000 82.7265 178.372 51.9279 97.961 -96.6502 291.593
63000 82.8313 179.572 51.9158 42.8675 -110.176 635.196
64000 82.7205 180.772 51.9471 50.3208 -9.99281 -152.418
65000 83.0393 181.972 51.9535 -38.2212 81.6445 -289.085
66000 82.9795 183.172 51.9581 -84.9971 -32.6829 -379.437
67000 82.9527 184.372 51.9271 16.1359 61.4741 174.565
68000 82.8569 185.572 51.9238 -49.7692 -201.739 387.266
69000 82.9302 186.772 51.9192 -48.75 52.5488 257.046
70000 82.9599 187.972 51.9708 31.9367 64.9762 -452.414
71000 83.0272 189.172 51.985 -161.543 -143.594 -609.64
72000 82.9428 190.372 51.9567 -28.6061 26.1986 -260.445
73000 82.9489 191.572 51.9445 -6.64988 25.0379 -120.044
74000 82.8748 192.772 51.9377 40.3555 -204.609 96.3292
75000 82.8791 193.972 51.9479 -25.4036 -56.2368 -222.043
76000 82.9047 195.172 51.9202 62.1219 25.8673 244.554
77000 83.0123 196.372 51.9613 -77.9187 -83.2964 -87.3972
78000 82.8666 197.572 51.9339 36.3892 -39.138 92.9831
79000 82.7444 198.772 51.9232 42.9202 -99.214 137.263
80000 82.913 199.972 51.9194 63.0823 174.817 321.21
81000 82.8875 201.172 51.9202 -51.1147 71.0374 36.3286
82000 82.8622 202.372 51.9369 43.1228 162.657 33.592
83000 82.8084 203.572 51.9483 133.668 0.304071 -156.457
84000 82.8881 204.772 51.9238 70.9413 62.6444 194.622
85000 82.8296 205.972 51.9363 9.80498 64.7627 207.661
86000 82.9959 207.172 51.9552 -94.3343 -121.357 -291.086
87000 82.9582 208.372 51.947 0.587277 -283.024 -191.899
88000 82.9482 209.572 51.9648 -39.5547 -192.502 -175.173
89000 82.8402 210.772 51.9475 33.2395 -13.5432 -216.269
90000 82.9821 211.972 51.9409 -90.8103 -168.813 9.91403
91000 83.0755 213.172 51.9358 -118.025 -45.6158 -129.67
92000 82.846 214.372 51.9463 0.874544 -39.7231 -15.6054
93000 83.0688 215.572 51.8979 -59.305 116.533 596.911
94000 82.7924 216.772 51.9573 85.3999 -11.7486 -103.012
95000 82.8561 217.972 51.9494 102.983 251.948 1.80878
96000 82.8931 219.172 51.9445 13.3594 -179.76 -21.5182
97000 83.1921 220.372 51.9327 -56.6354 -22.6619 9.263
98000 82.8049 221.572 51.9325 -0.249673 -295.766 22.4171
99000 82.8861 222.772 51.9501 24.8241 -109.468 -102.174
100000 83.0534 223.972 51.9463 -63.0437 81.8134 -232.395
