0.000000000000000000e+00 -9.113077499999999986e+01
1.000000000000000000e+01 -6.305575750000000426e+02
2.000000000000000000e+01 -7.501735356666666803e+02
3.000000000000000000e+01 -1.097185510750000049e+03
4.000000000000000000e+01 -1.625301254500000141e+03
5.000000000000000000e+01 -2.031540939500000150e+03
6.000000000000000000e+01 -2.459702331499999673e+03
7.000000000000000000e+01 -2.788333923250000225e+03
8.000000000000000000e+01 -3.051317626750000272e+03
9.000000000000000000e+01 -2.999792541249999886e+03
1.000000000000000000e+02 -2.985440002249999907e+03
1.100000000000000000e+02 -2.504233092999999826e+03
1.200000000000000000e+02 -2.056986297500000092e+03
1.300000000000000000e+02 -2.074133209249999709e+03
1.400000000000000000e+02 -2.179374359250000452e+03
1.500000000000000000e+02 -2.504585357750000185e+03
1.600000000000000000e+02 -2.870627380500000072e+03
1.700000000000000000e+02 -2.571737091250000049e+03
1.800000000000000000e+02 -2.393095184499999959e+03
1.900000000000000000e+02 -2.397243988249999802e+03
2.000000000000000000e+02 -2.541060089250000146e+03
2.100000000000000000e+02 -2.877924377499999991e+03
2.200000000000000000e+02 -3.053035217250000187e+03
2.300000000000000000e+02 -3.173659301749999941e+03
2.400000000000000000e+02 -2.825727600000000166e+03
2.500000000000000000e+02 -2.856730590749999919e+03
2.600000000000000000e+02 -2.987216918999999962e+03
2.700000000000000000e+02 -3.182167053250000208e+03
2.800000000000000000e+02 -3.746621887249999872e+03
2.900000000000000000e+02 -3.924740539500000068e+03
3.000000000000000000e+02 -4.043196410999999898e+03
3.100000000000000000e+02 -4.211423461750000570e+03
3.200000000000000000e+02 -4.315622436499999822e+03
3.300000000000000000e+02 -4.330716980000000149e+03
3.400000000000000000e+02 -4.314184692499999983e+03
3.500000000000000000e+02 -3.621266448999999739e+03
3.600000000000000000e+02 -2.914974212500000249e+03
3.700000000000000000e+02 -2.454173248250000142e+03
3.800000000000000000e+02 -1.966987060500000098e+03
3.900000000000000000e+02 -1.812028564500000130e+03
4.000000000000000000e+02 -1.598503387499999917e+03
4.100000000000000000e+02 -1.450515441750000036e+03
4.200000000000000000e+02 -1.268220001000000138e+03
4.300000000000000000e+02 -1.312759215999999924e+03
4.400000000000000000e+02 -1.509306640499999958e+03
4.500000000000000000e+02 -1.571178680500000155e+03
4.600000000000000000e+02 -1.750366455249999944e+03
4.700000000000000000e+02 -2.036906982749999770e+03
4.800000000000000000e+02 -2.147059479000000010e+03
4.900000000000000000e+02 -2.112115448249999645e+03
5.000000000000000000e+02 -2.086930358999999953e+03
5.100000000000000000e+02 -1.831921295250000185e+03
5.200000000000000000e+02 -1.680598571750000019e+03
5.300000000000000000e+02 -1.518318237250000038e+03
5.400000000000000000e+02 -1.259153167749999966e+03
5.500000000000000000e+02 -1.011670165999999881e+03
5.600000000000000000e+02 -7.207392122500000369e+02
5.700000000000000000e+02 -7.783848267499998883e+02
5.800000000000000000e+02 -8.338461304999999584e+02
5.900000000000000000e+02 -1.037131256249999979e+03
6.000000000000000000e+02 -1.171443099999999959e+03
6.100000000000000000e+02 -1.102339492750000090e+03
6.200000000000000000e+02 -1.171869094749999931e+03
6.300000000000000000e+02 -1.045902587750000066e+03
6.400000000000000000e+02 -1.036115234249999958e+03
6.500000000000000000e+02 -1.133406326250000120e+03
6.600000000000000000e+02 -9.997254637500000172e+02
6.700000000000000000e+02 -1.196629195999999865e+03
6.800000000000000000e+02 -1.277850356749999946e+03
6.900000000000000000e+02 -1.464118148499999961e+03
7.000000000000000000e+02 -1.722610473249999814e+03
7.100000000000000000e+02 -1.315796886249999943e+03
7.200000000000000000e+02 -1.116186031250000042e+03
7.300000000000000000e+02 -7.359927557500000148e+02
7.400000000000000000e+02 -3.943195074999999861e+02
7.500000000000000000e+02 -3.686135099999999625e+02
7.600000000000000000e+02 -3.757824857499999780e+02
7.700000000000000000e+02 -3.277361182500000041e+02
7.800000000000000000e+02 -1.958930929999999933e+02
7.900000000000000000e+02 -1.812888252499999737e+02
8.000000000000000000e+02 -2.564071267499999749e+02
8.100000000000000000e+02 -5.164080917500000396e+02
8.200000000000000000e+02 -7.542552369999999655e+02
8.300000000000000000e+02 -8.683768082499999537e+02
8.400000000000000000e+02 -7.612127152499999738e+02
8.500000000000000000e+02 -5.820210267499999190e+02
8.600000000000000000e+02 -5.407675477499999488e+02
8.700000000000000000e+02 -5.511467284999998810e+02
8.800000000000000000e+02 -4.784823227499999803e+02
8.900000000000000000e+02 -3.418969974999999977e+02
9.000000000000000000e+02 -1.354688939999999491e+02
9.100000000000000000e+02 -1.275681907499999426e+02
9.200000000000000000e+02 -1.964360114999999496e+02
9.300000000000000000e+02 -3.308242694999999571e+02
9.400000000000000000e+02 -3.567592144999999277e+02
9.500000000000000000e+02 -2.165700627499999484e+02
9.600000000000000000e+02 -2.125296267499999487e+02
9.700000000000000000e+02 -1.856515597499999330e+02
9.800000000000000000e+02 -1.921129189999999198e+02
9.900000000000000000e+02 -1.482670822499999304e+02
1.000000000000000000e+03 6.343658425000005252e+01
1.010000000000000000e+03 1.304868867500000533e+02
1.020000000000000000e+03 1.082945080000000644e+02
1.030000000000000000e+03 3.600348900000004448e+01
1.040000000000000000e+03 -1.155798809999999435e+02
1.050000000000000000e+03 -2.098458969999999226e+02
1.060000000000000000e+03 -1.965515969999999299e+02
1.070000000000000000e+03 -2.511196974999999156e+02
1.080000000000000000e+03 -1.848397302499999171e+02
1.090000000000000000e+03 -5.229483499999992802e+01
1.100000000000000000e+03 -1.725594749999993027e+01
1.110000000000000000e+03 -3.877501699999993434e+01
1.120000000000000000e+03 -1.546559937499999364e+02
1.130000000000000000e+03 -2.233887209999999186e+02
1.140000000000000000e+03 -3.151173972499998968e+02
1.150000000000000000e+03 -3.144874304999999595e+02
1.160000000000000000e+03 -3.028590964999999073e+02
1.170000000000000000e+03 -3.270676114999999413e+02
1.180000000000000000e+03 -4.086360854999999219e+02
1.190000000000000000e+03 -3.298117509999999584e+02
1.200000000000000000e+03 -3.471146684999999366e+02
