0.000000000000000000e+00 0.000000000000000000e+00
1.000000000000000000e+01 1.053479907504462076e-02
2.000000000000000000e+01 2.106949280209846620e-02
3.000000000000000000e+01 3.160439722513408434e-02
4.000000000000000000e+01 4.213909095218770773e-02
5.000000000000000000e+01 5.267399537522310382e-02
6.000000000000000000e+01 6.320879445026772459e-02
7.000000000000000000e+01 7.374348817732179207e-02
8.000000000000000000e+01 8.427839260035718816e-02
9.000000000000000000e+01 9.481308632741103359e-02
1.000000000000000000e+02 1.053479907504464297e-01
1.100000000000000000e+02 1.158827898254910505e-01
1.200000000000000000e+02 1.264174835525448959e-01
1.300000000000000000e+02 1.369523879755805140e-01
1.400000000000000000e+02 1.474870817026341374e-01
1.500000000000000000e+02 1.580219861256695335e-01
1.600000000000000000e+02 1.685567852007141543e-01
1.700000000000000000e+02 1.790914789277682218e-01
1.800000000000000000e+02 1.896263833508036178e-01
1.900000000000000000e+02 2.001610770778574633e-01
2.000000000000000000e+02 2.106959815008928594e-01
2.100000000000000000e+02 2.212307805759374801e-01
2.200000000000000000e+02 2.317654743029913256e-01
2.300000000000000000e+02 2.423003787260267217e-01
2.400000000000000000e+02 2.528350724530805671e-01
2.500000000000000000e+02 2.633699768761159632e-01
2.600000000000000000e+02 2.739047759511605840e-01
2.700000000000000000e+02 2.844394696782146514e-01
2.800000000000000000e+02 2.949743741012500475e-01
2.900000000000000000e+02 3.055090678283036709e-01
3.000000000000000000e+02 3.160439722513392891e-01
3.100000000000000000e+02 3.265787713263839098e-01
3.200000000000000000e+02 3.371134650534377553e-01
3.300000000000000000e+02 3.476483694764731514e-01
3.400000000000000000e+02 3.581830632035269968e-01
3.500000000000000000e+02 3.687179676265623929e-01
3.600000000000000000e+02 3.792527667016070136e-01
3.700000000000000000e+02 3.897874604286610811e-01
3.800000000000000000e+02 4.003223648516964772e-01
3.900000000000000000e+02 4.108570585787501006e-01
4.000000000000000000e+02 4.213919630017857187e-01
4.100000000000000000e+02 4.319267620768303395e-01
4.200000000000000000e+02 4.424614558038841849e-01
4.300000000000000000e+02 4.529963602269195810e-01
4.400000000000000000e+02 4.635310539539734265e-01
4.500000000000000000e+02 4.740659583770088226e-01
4.600000000000000000e+02 4.846006521040628900e-01
4.700000000000000000e+02 4.951354511791072888e-01
4.800000000000000000e+02 5.056703556021429069e-01
4.900000000000000000e+02 5.162050493291965303e-01
5.000000000000000000e+02 5.267399537522321484e-01
5.100000000000000000e+02 5.372746474792859939e-01
5.200000000000000000e+02 5.478094465543306146e-01
5.300000000000000000e+02 5.583443509773660107e-01
5.400000000000000000e+02 5.688790447044198562e-01
5.500000000000000000e+02 5.794139491274552523e-01
5.600000000000000000e+02 5.899486428545090977e-01
5.700000000000000000e+02 6.004834419295537185e-01
5.800000000000000000e+02 6.110183463525893366e-01
5.900000000000000000e+02 6.215530400796429600e-01
6.000000000000000000e+02 6.320879445026785781e-01
6.100000000000000000e+02 6.426226382297324236e-01
6.200000000000000000e+02 6.531574373047770443e-01
6.300000000000000000e+02 6.636923417278124404e-01
6.400000000000000000e+02 6.742270354548662858e-01
6.500000000000000000e+02 6.847619398779016819e-01
6.600000000000000000e+02 6.952967389529463027e-01
6.700000000000000000e+02 7.058315380279911455e-01
6.800000000000000000e+02 7.163662317550449909e-01
6.900000000000000000e+02 7.269010308300893897e-01
7.000000000000000000e+02 7.374359352531247858e-01
7.100000000000000000e+02 7.479707343281694065e-01
7.200000000000000000e+02 7.585055334032142493e-01
7.300000000000000000e+02 7.690402271302683168e-01
7.400000000000000000e+02 7.795750262053127155e-01
7.500000000000000000e+02 7.901099306283478896e-01
7.600000000000000000e+02 8.006447297033927324e-01
7.700000000000000000e+02 8.111795287784375752e-01
7.800000000000000000e+02 8.217142225054914206e-01
7.900000000000000000e+02 8.322490215805358194e-01
8.000000000000000000e+02 8.427839260035709934e-01
8.100000000000000000e+02 8.533187250786158362e-01
8.200000000000000000e+02 8.638535241536606790e-01
8.300000000000000000e+02 8.743882178807145245e-01
8.400000000000000000e+02 8.849230169557591452e-01
8.500000000000000000e+02 8.954579213787943193e-01
8.600000000000000000e+02 9.059927204538391621e-01
8.700000000000000000e+02 9.165273088329022322e-01
8.800000000000000000e+02 9.270622132559378503e-01
8.900000000000000000e+02 9.375970123309822490e-01
9.000000000000000000e+02 9.481319167540174231e-01
9.100000000000000000e+02 9.586667158290622659e-01
9.200000000000000000e+02 9.692013042081253360e-01
9.300000000000000000e+02 9.797362086311609541e-01
9.400000000000000000e+02 9.902710077062053529e-01
9.500000000000000000e+02 1.000805912129240749e+00
9.600000000000000000e+02 1.011340711204285370e+00
9.700000000000000000e+02 1.021875299583348440e+00
9.800000000000000000e+02 1.032410204006384280e+00
9.900000000000000000e+02 1.042945003081428457e+00
1.000000000000000000e+03 1.053479907504463853e+00
1.010000000000000000e+03 1.064014706579508918e+00
1.020000000000000000e+03 1.074549294958571988e+00
1.030000000000000000e+03 1.085084199381607384e+00
1.040000000000000000e+03 1.095618998456652005e+00
1.050000000000000000e+03 1.106153902879686957e+00
1.060000000000000000e+03 1.116688701954732021e+00
1.070000000000000000e+03 1.127223290333795092e+00
1.080000000000000000e+03 1.137758194756830488e+00
1.090000000000000000e+03 1.148292993831875108e+00
1.100000000000000000e+03 1.158827898254910505e+00
1.110000000000000000e+03 1.169362697329955125e+00
1.120000000000000000e+03 1.179897285709018195e+00
1.130000000000000000e+03 1.190432190132054036e+00
1.140000000000000000e+03 1.200966989207098212e+00
1.150000000000000000e+03 1.211501893630133608e+00
1.160000000000000000e+03 1.222036692705178229e+00
1.170000000000000000e+03 1.232571281084241299e+00
1.180000000000000000e+03 1.243106185507277139e+00
1.190000000000000000e+03 1.253640984582321316e+00
1.200000000000000000e+03 1.264175889005356712e+00
