# Time-averaged data for fix boxsizepressurestretch
# TimeStep v_lx v_ly v_lz v_px v_py v_pz
0 33.9036 292.069 413.58 125.886 56.6494 59.5679
1000 33.9106 291.989 414.08 -94.232 -0.549403 -1366.24
2000 33.905 291.743 414.58 -29.4136 29.2829 -2439.92
3000 33.9168 291.525 415.08 30.5609 -0.550681 -3122.31
4000 33.9088 291.401 415.58 18.9161 -10.296 -3541.25
5000 33.9109 291.076 416.08 37.7058 18.3352 -4926.27
6000 33.9033 291.1 416.58 84.9282 -30.4921 -5472.36
7000 33.9086 290.781 417.08 31.5155 38.6683 -5966.4
8000 33.8969 290.839 417.58 138.837 6.59893 -6574.79
9000 33.9045 290.8 418.08 10.7403 -31.0147 -7185.58
10000 33.9076 290.792 418.58 -40.5329 -64.4359 -7887.33
11000 33.9023 290.602 419.08 34.2814 -24.3176 -8247.48
12000 33.8998 290.474 419.58 50.8419 11.8776 -8650.31
13000 33.9028 290.43 420.08 17.1384 -2.74762 -9019.93
14000 33.8917 290.452 420.58 79.341 6.76484 -9310.21
15000 33.899 290.417 421.08 24.1322 4.27555 -9468.4
16000 33.8966 290.428 421.58 44.1351 31.0912 -9533.75
17000 33.9085 291.122 422.08 15.3129 30.6047 -5835.73
18000 33.9028 291.615 422.58 67.9358 4.59885 -1521.92
19000 33.9112 291.282 423.08 -109.094 35.8608 -962.416
20000 33.9114 291.257 423.58 -131.903 -0.518624 -1368.6
21000 33.9024 291.077 424.08 -83.3652 16.3215 -1727.66
22000 33.9024 290.833 424.58 -9.24287 26.0973 -2226.39
23000 33.9054 290.695 425.08 -19.1026 44.2133 -2469.51
24000 33.8987 290.696 425.58 36.6786 27.6706 -3001.8
25000 33.8998 290.739 426.08 -6.95629 -30.4575 -3031.17
26000 33.8852 290.49 426.58 55.7904 -6.24725 -3005.37
27000 33.8866 290.526 427.08 68.9067 -9.51538 -2827.86
28000 33.8837 290.515 427.58 129.648 24.8821 -1901.57
29000 33.8913 290.403 428.08 108.977 -4.45065 -1346.81
30000 33.8893 290.255 428.58 56.5576 2.46049 -1790.34
31000 33.89 290.235 429.08 36.4231 45.3002 -2166.03
32000 33.889 290.262 429.58 -45.398 3.49878 -2560.44
33000 33.8859 290.269 430.08 82.151 -1.5916 -3002.95
34000 33.8905 290.095 430.58 -101.657 39.3359 -3203.78
35000 33.8828 290.399 431.08 -85.5477 -48.2515 -3541.02
36000 33.8817 290.185 431.58 -43.7616 36.6203 -3758.46
37000 33.8777 290.237 432.08 128.257 10.197 -3486.19
38000 33.8788 290.144 432.58 23.0643 7.86409 -1946.76
39000 33.8737 290.05 433.08 40.9438 -2.41307 -1993.73
40000 33.8821 289.98 433.58 -85.2612 -28.7857 -1873.56
41000 33.8828 289.946 434.08 -69.6407 -11.8658 -2493.62
42000 33.8855 289.714 434.58 -87.9066 31.4809 -2614.06
43000 33.8869 289.864 435.08 -84.2915 -43.0197 -2877.5
44000 33.8799 289.792 435.58 -31.7647 -6.57228 -3109.26
45000 33.886 289.908 436.08 -55.44 -26.8364 -3022.71
46000 33.871 290.082 436.58 161.049 -17.1634 -2104.93
47000 33.8824 289.9 437.08 59.5827 61.9491 -1494.08
48000 33.8788 290.059 437.58 -19.2828 -26.7058 -1738.84
49000 33.8845 289.839 438.08 171.249 35.3092 -1976.26
50000 33.8784 290.027 438.58 56.7448 20.9104 -1844.24
51000 33.8875 290.045 439.08 3.7518 -16.5764 -1906.5
52000 33.8863 289.975 439.58 -7.2187 -41.9148 -2134.16
53000 33.8825 290.223 440.08 -40.1251 -34.7937 -1626.56
54000 33.898 290.088 440.58 -153.469 -4.64321 -1285
55000 33.8884 290.187 441.08 12.6808 -58.059 -877.698
56000 33.8853 290.17 441.58 15.0869 -0.392441 -962.291
57000 33.8847 289.93 442.08 41.8333 26.1516 -1226.38
58000 33.882 289.968 442.58 137.441 18.8267 -1332.41
59000 33.8871 290.025 443.08 -0.894833 -24.8835 -1581.09
60000 33.8786 290.056 443.58 173.348 -37.3551 -1810.08
61000 33.8834 290.03 444.08 52.4176 -5.72808 -1794.91
62000 33.892 289.903 444.58 -101.719 -8.08752 -2094.19
63000 33.8864 289.94 445.08 -58.2134 4.62815 -1927.16
64000 33.8763 290.072 445.58 81.5977 -7.47892 -1603.77
65000 33.8863 290.358 446.08 -40.9912 11.4067 -783.842
66000 33.8878 290.302 446.58 -75.4334 -36.8175 -768.203
67000 33.8859 290.314 447.08 11.8114 -39.353 -935.546
68000 33.8857 290.108 447.58 16.4561 50.4467 -853.4
69000 33.8836 290.187 448.08 -21.6521 20.2283 -1029.05
70000 33.8901 290.288 448.58 -36.1931 -20.1925 -1078.37
71000 33.8906 290.338 449.08 58.4857 -18.9444 -882.213
72000 33.884 290.225 449.58 115.234 2.88675 -613.691
73000 33.8787 290.176 450.08 117.275 -5.54478 -848.804
74000 33.892 290.063 450.58 -63.1632 28.9124 -1092.71
75000 33.8998 290.139 451.08 -174.758 -26.7966 -799.12
76000 33.892 290.084 451.58 -68.1213 -27.8584 -942.043
77000 33.8867 289.839 452.08 83.324 26.3896 -1081.53
78000 33.8999 289.865 452.58 -53.3265 43.766 -989.844
79000 33.8882 290.053 453.08 -23.5139 -17.9611 -785.154
80000 33.8875 290.304 453.58 -14.6132 -49.5997 -1151.64
81000 33.8934 290.144 454.08 -63.9788 -13.4244 -933.354
82000 33.8982 290.348 454.58 -62.6392 45.0851 -619.425
83000 33.892 290.167 455.08 121.569 -21.0976 -648.8
84000 33.897 290.406 455.58 -172.204 -27.1366 -730.025
85000 33.8943 290.152 456.08 -55.1951 5.99633 -728.739
86000 33.893 290.081 456.58 51.9352 4.56207 -917.638
87000 33.8899 290.033 457.08 -6.20933 24.9646 -1108.42
88000 33.8856 289.973 457.58 50.3178 44.8525 -956.497
89000 33.8961 290.214 458.08 55.1221 -2.11605 -863.31
90000 33.8871 290.446 458.58 135.641 -44.1481 -592.381
91000 33.8856 290.424 459.08 53.8867 -71.046 -411.9
92000 33.8951 290.05 459.58 83.9291 78.9943 -303.702
93000 33.8902 290.109 460.08 165.522 -3.12408 -414.411
94000 33.8868 290.17 460.58 109.698 16.1933 -421.905
95000 33.8994 289.959 461.08 -146.579 47.9108 -472.441
96000 33.897 290.192 461.58 -12.7055 -33.4075 -550.379
97000 33.9002 290.013 462.08 -9.61681 42.8122 -379.545
98000 33.8946 290.152 462.58 119.492 45.27 -504.331
99000 33.8915 290.007 463.08 49.2307 26.3275 -503.965
100000 33.9055 290.135 463.58 -142.717 -16.5591 -551.662
