0.000000000000000000e+00 0.000000000000000000e+00
1.000000000000000000e+01 1.184268497418150545e-03
2.000000000000000000e+01 2.368536994836301091e-03
3.000000000000000000e+01 3.552900235629152803e-03
4.000000000000000000e+01 4.737192418891034151e-03
5.000000000000000000e+01 5.921460916309184697e-03
6.000000000000000000e+01 7.105729413727335242e-03
7.000000000000000000e+01 8.289997911145485787e-03
8.000000000000000000e+01 9.474361151938337500e-03
9.000000000000000000e+01 1.065865333519999680e-02
1.000000000000000000e+02 1.184292183261814735e-02
1.100000000000000000e+02 1.302719033003629789e-02
1.200000000000000000e+02 1.421145882745467048e-02
1.300000000000000000e+02 1.539582206824752220e-02
1.400000000000000000e+02 1.658011425150918150e-02
1.500000000000000000e+02 1.776438274892733205e-02
1.600000000000000000e+02 1.894865124634548259e-02
1.700000000000000000e+02 2.013291974376363314e-02
1.800000000000000000e+02 2.131728298455670689e-02
1.900000000000000000e+02 2.250157516781836620e-02
2.000000000000000000e+02 2.368584366523651674e-02
2.100000000000000000e+02 2.487011216265466729e-02
2.200000000000000000e+02 2.605438066007281783e-02
2.300000000000000000e+02 2.723874390086566954e-02
2.400000000000000000e+02 2.842303608412755089e-02
2.500000000000000000e+02 2.960730458154570144e-02
2.600000000000000000e+02 3.079157307896385198e-02
2.700000000000000000e+02 3.197584157638200253e-02
2.800000000000000000e+02 3.316020481717485424e-02
2.900000000000000000e+02 3.434449700043651355e-02
3.000000000000000000e+02 3.552876549785466409e-02
3.100000000000000000e+02 3.671303399527281464e-02
3.200000000000000000e+02 3.789730249269096518e-02
3.300000000000000000e+02 3.908166573348403894e-02
3.400000000000000000e+02 4.026595791674569824e-02
3.500000000000000000e+02 4.145022641416384879e-02
3.600000000000000000e+02 4.263449491158199933e-02
3.700000000000000000e+02 4.381876340900014988e-02
3.800000000000000000e+02 4.500312664979300159e-02
3.900000000000000000e+02 4.618741883305488294e-02
4.000000000000000000e+02 4.737168733047303348e-02
4.100000000000000000e+02 4.855595582789118403e-02
4.200000000000000000e+02 4.974022432530933457e-02
4.300000000000000000e+02 5.092458756610218629e-02
4.400000000000000000e+02 5.210887974936406764e-02
4.500000000000000000e+02 5.329314824678221818e-02
4.600000000000000000e+02 5.447741674420036873e-02
4.700000000000000000e+02 5.566168524161851927e-02
4.800000000000000000e+02 5.684604848241137098e-02
4.900000000000000000e+02 5.803034066567303029e-02
5.000000000000000000e+02 5.921460916309118083e-02
5.100000000000000000e+02 6.039887766050933138e-02
5.200000000000000000e+02 6.158314615792748192e-02
5.300000000000000000e+02 6.276750939872055568e-02
5.400000000000000000e+02 6.395180158198221498e-02
5.500000000000000000e+02 6.513607007940036553e-02
5.600000000000000000e+02 6.632033857681851607e-02
5.700000000000000000e+02 6.750460707423666662e-02
5.800000000000000000e+02 6.868897031502951833e-02
5.900000000000000000e+02 6.987326249829139968e-02
6.000000000000000000e+02 7.105753099570955023e-02
6.100000000000000000e+02 7.224179949312770077e-02
6.200000000000000000e+02 7.342606799054585132e-02
6.300000000000000000e+02 7.461043123133870303e-02
6.400000000000000000e+02 7.579472341460058438e-02
6.500000000000000000e+02 7.697899191201873492e-02
6.600000000000000000e+02 7.816326040943688547e-02
6.700000000000000000e+02 7.934752890685503601e-02
6.800000000000000000e+02 8.053189214764788773e-02
6.900000000000000000e+02 8.171618433090954703e-02
7.000000000000000000e+02 8.290045282832769757e-02
7.100000000000000000e+02 8.408472132574584812e-02
7.200000000000000000e+02 8.526898982316399866e-02
7.300000000000000000e+02 8.645335306395707242e-02
7.400000000000000000e+02 8.763764524721873173e-02
7.500000000000000000e+02 8.882191374463688227e-02
7.600000000000000000e+02 9.000618224205503282e-02
7.700000000000000000e+02 9.119045073947318336e-02
7.800000000000000000e+02 9.237481398026603507e-02
7.900000000000000000e+02 9.355910616352791642e-02
8.000000000000000000e+02 9.474337466094606697e-02
8.100000000000000000e+02 9.592764315836421751e-02
8.200000000000000000e+02 9.711191165578236806e-02
8.300000000000000000e+02 9.829627489657521977e-02
8.400000000000000000e+02 9.948056707983710112e-02
8.500000000000000000e+02 1.006648355772552517e-01
8.600000000000000000e+02 1.018491040746734022e-01
8.700000000000000000e+02 1.030333725720915528e-01
8.800000000000000000e+02 1.042177358128844045e-01
8.900000000000000000e+02 1.054020279961460638e-01
9.000000000000000000e+02 1.065862964935642143e-01
9.100000000000000000e+02 1.077705649909823649e-01
9.200000000000000000e+02 1.089548334884005154e-01
9.300000000000000000e+02 1.101391967291935892e-01
9.400000000000000000e+02 1.113234889124552485e-01
9.500000000000000000e+02 1.125077574098733990e-01
9.600000000000000000e+02 1.136920259072915496e-01
9.700000000000000000e+02 1.148762944047097001e-01
9.800000000000000000e+02 1.160606576455025518e-01
9.900000000000000000e+02 1.172449498287644332e-01
1.000000000000000000e+03 1.184292183261825837e-01
