0.000000000000000000e+00 -8.325989500000000021e+01
1.000000000000000000e+01 -1.083239501999999902e+03
2.000000000000000000e+01 -2.105921631000000161e+03
3.000000000000000000e+01 -2.730721191000000090e+03
4.000000000000000000e+01 -3.764875000000000000e+03
5.000000000000000000e+01 -4.781442382999999609e+03
6.000000000000000000e+01 -5.291378418000000238e+03
7.000000000000000000e+01 -5.886971190999999635e+03
8.000000000000000000e+01 -6.995883789000000434e+03
9.000000000000000000e+01 -6.794611815999999635e+03
1.000000000000000000e+02 -7.169717773000000307e+03
1.100000000000000000e+02 -7.574201172000000042e+03
1.200000000000000000e+02 -7.808042480000000069e+03
1.300000000000000000e+02 -6.429386230000000069e+03
1.400000000000000000e+02 -5.303864746000000196e+03
1.500000000000000000e+02 -4.205905273000000307e+03
1.600000000000000000e+02 -4.373097168000000238e+03
1.700000000000000000e+02 -4.462230469000000085e+03
1.800000000000000000e+02 -4.664911621000000196e+03
1.900000000000000000e+02 -3.557375977000000148e+03
2.000000000000000000e+02 -3.402620360999999775e+03
2.100000000000000000e+02 -2.391474121000000196e+03
2.200000000000000000e+02 -2.835545897999999852e+03
2.300000000000000000e+02 -2.932943358999999873e+03
2.400000000000000000e+02 -3.366101807000000008e+03
2.500000000000000000e+02 -3.557071777000000111e+03
2.600000000000000000e+02 -4.321321777000000111e+03
2.700000000000000000e+02 -4.071685790999999881e+03
2.800000000000000000e+02 -3.383845702999999958e+03
2.900000000000000000e+02 -3.444499022999999852e+03
3.000000000000000000e+02 -2.279131592000000182e+03
3.100000000000000000e+02 -1.860330443999999943e+03
3.200000000000000000e+02 -2.384212645999999950e+03
3.300000000000000000e+02 -2.864431884999999966e+03
3.400000000000000000e+02 -3.226773438000000169e+03
3.500000000000000000e+02 -3.508569336000000021e+03
3.600000000000000000e+02 -3.741974854000000050e+03
3.700000000000000000e+02 -3.969065917999999783e+03
3.800000000000000000e+02 -4.196864257999999609e+03
3.900000000000000000e+02 -3.252990479000000050e+03
4.000000000000000000e+02 -1.872088257000000112e+03
4.100000000000000000e+02 -2.240051025000000209e+03
4.200000000000000000e+02 -2.641177490000000034e+03
4.300000000000000000e+02 -2.916474608999999873e+03
4.400000000000000000e+02 -3.124343261999999868e+03
4.500000000000000000e+02 -2.957927490000000034e+03
4.600000000000000000e+02 -3.245232422000000042e+03
4.700000000000000000e+02 -3.986466797000000042e+03
4.800000000000000000e+02 -3.598852782999999818e+03
4.900000000000000000e+02 -2.928599121000000196e+03
5.000000000000000000e+02 -2.472226074000000153e+03
5.100000000000000000e+02 -2.532143066000000090e+03
5.200000000000000000e+02 -2.956888672000000042e+03
5.300000000000000000e+02 -2.831796875000000000e+03
5.400000000000000000e+02 -2.808069092000000182e+03
5.500000000000000000e+02 -2.956665527000000111e+03
5.600000000000000000e+02 -3.503622314000000188e+03
5.700000000000000000e+02 -3.820588623000000098e+03
5.800000000000000000e+02 -3.108434569999999894e+03
5.900000000000000000e+02 -2.435665770999999950e+03
6.000000000000000000e+02 -2.380252441000000090e+03
6.100000000000000000e+02 -2.112791503999999804e+03
6.200000000000000000e+02 -1.976706908999999996e+03
6.300000000000000000e+02 -2.339742188000000169e+03
6.400000000000000000e+02 -2.287860595999999987e+03
6.500000000000000000e+02 -2.656112548999999944e+03
6.600000000000000000e+02 -2.451637451000000056e+03
6.700000000000000000e+02 -2.685114014000000225e+03
6.800000000000000000e+02 -2.337214599999999791e+03
6.900000000000000000e+02 -1.981228759999999966e+03
7.000000000000000000e+02 -2.127726317999999992e+03
7.100000000000000000e+02 -2.234571532999999818e+03
7.200000000000000000e+02 -2.416561279000000013e+03
7.300000000000000000e+02 -2.408101317999999992e+03
7.400000000000000000e+02 -2.018983275999999933e+03
7.500000000000000000e+02 -1.921700194999999894e+03
7.600000000000000000e+02 -1.999289794999999913e+03
7.700000000000000000e+02 -2.396936279000000013e+03
7.800000000000000000e+02 -2.476622558999999910e+03
7.900000000000000000e+02 -1.882914917000000059e+03
8.000000000000000000e+02 -2.000366577000000007e+03
8.100000000000000000e+02 -1.706354857999999922e+03
8.200000000000000000e+02 -2.041404784999999947e+03
8.300000000000000000e+02 -1.832201293999999962e+03
8.400000000000000000e+02 -1.561301024999999981e+03
8.500000000000000000e+02 -2.149229248000000098e+03
8.600000000000000000e+02 -2.243567383000000063e+03
8.700000000000000000e+02 -2.379954102000000148e+03
8.800000000000000000e+02 -2.665959961000000021e+03
8.900000000000000000e+02 -2.470758545000000140e+03
9.000000000000000000e+02 -2.123613769999999931e+03
9.100000000000000000e+02 -1.716609862999999905e+03
9.200000000000000000e+02 -1.485172606999999971e+03
9.300000000000000000e+02 -1.434794311999999991e+03
9.400000000000000000e+02 -1.261911499000000049e+03
9.500000000000000000e+02 -1.828983154000000013e+03
9.600000000000000000e+02 -1.846754394999999931e+03
9.700000000000000000e+02 -1.870087768999999980e+03
9.800000000000000000e+02 -2.095718261999999868e+03
9.900000000000000000e+02 -2.025912597999999889e+03
1.000000000000000000e+03 -1.776831908999999996e+03
