0.000000000000000000e+00 1.594378969999999924e+02
1.000000000000000000e+01 -2.965880858999999873e+03
2.000000000000000000e+01 -4.492001952999999958e+03
3.000000000000000000e+01 -5.538879394999999931e+03
4.000000000000000000e+01 -5.366260253999999804e+03
5.000000000000000000e+01 1.106038060000000058e+02
6.000000000000000000e+01 -8.265820310000000291e+02
7.000000000000000000e+01 -7.117232060000000047e+02
8.000000000000000000e+01 -1.382114559999999983e+02
9.000000000000000000e+01 -7.070741300000000251e+01
1.000000000000000000e+02 -1.577196659999999895e+02
1.100000000000000000e+02 -6.220952150000000529e+02
1.200000000000000000e+02 -3.863484799999999950e+02
1.300000000000000000e+02 -5.643594359999999597e+02
1.400000000000000000e+02 9.505870799999999576e+01
1.500000000000000000e+02 -7.866225400000000434e+01
1.600000000000000000e+02 -5.381176759999999604e+02
1.700000000000000000e+02 -3.460031500000000193e+01
1.800000000000000000e+02 -6.476036990000000060e+02
1.900000000000000000e+02 3.290815729999999917e+02
2.000000000000000000e+02 5.280957000000000079e+01
2.100000000000000000e+02 -4.467857359999999858e+02
2.200000000000000000e+02 3.825778199999999742e+02
2.300000000000000000e+02 4.188392329999999788e+02
2.400000000000000000e+02 1.930671690000000069e+02
2.500000000000000000e+02 -4.907811889999999835e+02
2.600000000000000000e+02 -8.993050399999999911e+01

