0.000000000000000000e+00 0.000000000000000000e+00
1.000000000000000000e+01 1.570576197289486053e-02
2.000000000000000000e+01 3.141152394578994311e-02
3.000000000000000000e+01 4.711728591868502569e-02
4.000000000000000000e+01 6.282304789157988623e-02
5.000000000000000000e+01 7.852880986447496880e-02
6.000000000000000000e+01 9.423457183736982934e-02
7.000000000000000000e+01 1.099403338102649119e-01
8.000000000000000000e+01 1.256460957831599945e-01
9.000000000000000000e+01 1.413518577560548550e-01
1.000000000000000000e+02 1.570576197289499376e-01
1.100000000000000000e+02 1.727633817018447981e-01
1.200000000000000000e+02 1.884691436747398807e-01
1.300000000000000000e+02 2.041749056476349633e-01
1.400000000000000000e+02 2.198806676205298238e-01
1.500000000000000000e+02 2.355864295934249064e-01
1.600000000000000000e+02 2.512921915663197669e-01
1.700000000000000000e+02 2.669979535392148495e-01
1.800000000000000000e+02 2.827037155121099321e-01
1.900000000000000000e+02 2.984094774850047926e-01
2.000000000000000000e+02 3.141152394578998752e-01
2.100000000000000000e+02 3.298211584884145342e-01
2.200000000000000000e+02 3.455267634036900404e-01
2.300000000000000000e+02 3.612325253765849009e-01
2.400000000000000000e+02 3.769382873494797614e-01
2.500000000000000000e+02 3.926440493223748440e-01
2.600000000000000000e+02 4.083499683528895030e-01
2.700000000000000000e+02 4.240555732681650092e-01
2.800000000000000000e+02 4.397613352410598697e-01
2.900000000000000000e+02 4.554670972139547303e-01
3.000000000000000000e+02 4.711728591868498128e-01
3.100000000000000000e+02 4.868787782173644718e-01
3.200000000000000000e+02 5.025843831326399780e-01
3.300000000000000000e+02 5.182901451055348385e-01
3.400000000000000000e+02 5.339959070784296991e-01
3.500000000000000000e+02 5.497016690513247816e-01
3.600000000000000000e+02 5.654075880818394406e-01
3.700000000000000000e+02 5.811131929971149468e-01
3.800000000000000000e+02 5.968189549700098073e-01
3.900000000000000000e+02 6.125247169429046679e-01
4.000000000000000000e+02 6.282304789157997504e-01
4.100000000000000000e+02 6.439363979463144094e-01
4.200000000000000000e+02 6.596420028615899156e-01
4.300000000000000000e+02 6.753477648344847761e-01
4.400000000000000000e+02 6.910535268073796367e-01
4.500000000000000000e+02 7.067592887802747192e-01
4.600000000000000000e+02 7.224650507531698018e-01
4.700000000000000000e+02 7.381708127260648844e-01
4.800000000000000000e+02 7.538765746989597449e-01
4.900000000000000000e+02 7.695823366718546055e-01
5.000000000000000000e+02 7.852880986447496880e-01
5.100000000000000000e+02 8.009938606176447706e-01
5.200000000000000000e+02 8.166996225905398532e-01
5.300000000000000000e+02 8.324053845634347137e-01
5.400000000000000000e+02 8.481111465363295743e-01
5.500000000000000000e+02 8.638169085092246569e-01
5.600000000000000000e+02 8.795226704821197394e-01
5.700000000000000000e+02 8.952284324550148220e-01
5.800000000000000000e+02 9.109341944279096825e-01
5.900000000000000000e+02 9.266399564008047651e-01
6.000000000000000000e+02 9.423457183736996257e-01
6.100000000000000000e+02 9.580514803465947082e-01
6.200000000000000000e+02 9.737572423194897908e-01
6.300000000000000000e+02 9.894630042923846514e-01
6.400000000000000000e+02 1.005168766265279512e+00
6.500000000000000000e+02 1.020874528238174594e+00
6.600000000000000000e+02 1.036580290211069677e+00
6.700000000000000000e+02 1.052286052183964760e+00
