0.000000000000000000e+00 -3.168345640000000003e+02
1.000000000000000000e+01 -6.542504730000000563e+02
2.000000000000000000e+01 -1.587286926499999936e+03
3.000000000000000000e+01 -2.430197021500000119e+03
4.000000000000000000e+01 -3.270098510499999975e+03
5.000000000000000000e+01 -4.125306152000000111e+03
6.000000000000000000e+01 -3.932707153000000289e+03
7.000000000000000000e+01 -2.129260803000000124e+03
8.000000000000000000e+01 -1.591570739500000172e+03
9.000000000000000000e+01 -2.743355835000000297e+03
1.000000000000000000e+02 -4.162798461999999745e+03
1.100000000000000000e+02 -5.297994384499999796e+03
1.200000000000000000e+02 -4.979738036999999167e+03
1.300000000000000000e+02 -4.828906982499999685e+03
1.400000000000000000e+02 -5.095586913999999524e+03
1.500000000000000000e+02 -5.329690918000000238e+03
1.600000000000000000e+02 -4.984452392500000315e+03
1.700000000000000000e+02 -3.544017577999999958e+03
1.800000000000000000e+02 -3.303892211999999745e+03
1.900000000000000000e+02 -3.808592040999999881e+03
2.000000000000000000e+02 -2.463710815500000081e+03
2.100000000000000000e+02 -1.831034180000000106e+03
2.200000000000000000e+02 -2.640066039999999703e+03
2.300000000000000000e+02 -2.404968322499999886e+03
2.400000000000000000e+02 -2.872757873499999732e+03
2.500000000000000000e+02 -2.762410094999999728e+03
2.600000000000000000e+02 -1.636152831999999762e+03
2.700000000000000000e+02 -1.132274963499999785e+03
2.800000000000000000e+02 -1.276325927499999580e+03
2.900000000000000000e+02 -2.458019897499999843e+03
3.000000000000000000e+02 -3.045470581499999753e+03
3.100000000000000000e+02 -3.212919922000000042e+03
3.200000000000000000e+02 -3.464017455999999584e+03
3.300000000000000000e+02 -2.656095276000000013e+03
3.400000000000000000e+02 -1.506834411499999760e+03
3.500000000000000000e+02 -1.039609252499999684e+03
3.600000000000000000e+02 -1.004062987999999677e+03
3.700000000000000000e+02 -1.396508971999999630e+03
3.800000000000000000e+02 -1.171776336499999616e+03
3.900000000000000000e+02 -8.737470089999997072e+02
4.000000000000000000e+02 -8.373529964999997901e+02
4.100000000000000000e+02 -6.453740234999997938e+02
4.200000000000000000e+02 -6.740224609999997938e+02
4.300000000000000000e+02 -4.787648009999998067e+02
4.400000000000000000e+02 -2.103309019999997815e+02
4.500000000000000000e+02 -5.471057124999997541e+02
4.600000000000000000e+02 -9.742991329999997561e+02
4.700000000000000000e+02 -3.222064969999997288e+02
4.800000000000000000e+02 1.049775390000002204e+02
4.900000000000000000e+02 -2.995946654999997918e+02
5.000000000000000000e+02 -4.050675199999997744e+02
5.100000000000000000e+02 -3.230195159999997827e+02
5.200000000000000000e+02 -1.251371489999997806e+02
5.300000000000000000e+02 2.695319450000022954e+01
5.400000000000000000e+02 1.142141305000002376e+02
5.500000000000000000e+02 7.830940500000238558e+00
5.600000000000000000e+02 -2.932094874999997955e+02
5.700000000000000000e+02 -6.834915149999977757e+01
5.800000000000000000e+02 1.827408000000247057e+00
5.900000000000000000e+02 -3.771243284999997627e+02
6.000000000000000000e+02 -5.313442839999997886e+02
6.100000000000000000e+02 -4.598434294999997292e+02
6.200000000000000000e+02 -4.130015259999997852e+02
6.300000000000000000e+02 -4.016647339999997826e+02
6.400000000000000000e+02 -6.497395349999976588e+01
6.500000000000000000e+02 -4.532603449999976419e+01
6.600000000000000000e+02 3.792607150000023353e+01
6.700000000000000000e+02 -3.066831949999976814e+01
