# Frame count, minimum, maximum and average direction angle, %d %.6f %.6f %.6f
1 1.893714 2.603702 2.281807
2 1.946068 2.553590 2.266431
3 1.922478 2.606637 2.246103
4 1.920788 2.489956 2.230316
5 1.787908 2.489955 2.216129
6 1.791767 2.526254 2.197506
7 1.727023 2.522562 2.178681
8 1.639036 2.508077 2.176013
9 1.487655 2.481845 2.159473
10 1.472865 2.447802 2.143776
11 1.563828 2.466852 2.128353
12 1.491379 2.445387 2.115776
13 1.553254 2.400784 2.098818
14 1.581396 2.420853 2.078963
15 1.485291 2.398353 2.063275
16 1.464438 2.371346 2.046196
17 1.449959 2.395583 2.028229
18 1.318242 2.420781 2.009145
19 1.197948 2.436958 1.983125
20 0.950977 2.523049 1.969978
21 0.926544 2.553590 1.968664
22 0.891492 2.808077 1.956691
23 0.890660 2.681125 1.944539
24 1.037088 2.686210 1.936050
25 1.090621 2.607885 1.929731
26 1.094330 2.976444 1.927597
27 0.110657 3.046138 1.904044
28 1.361455 2.620683 1.893301
29 1.379726 2.250645 1.880057
30 1.367751 2.248303 1.868530
31 1.291501 2.503830 1.848843
32 1.210776 2.351093 1.839011
33 1.301163 2.417451 1.830946
34 1.226061 2.404749 1.815949
35 1.169262 2.448713 1.806431
36 1.241345 2.396781 1.796110
37 1.113468 2.459453 1.788747
38 0.904238 2.450158 1.784327
39 1.064721 2.338384 1.811350
40 1.312025 2.520068 1.870288
41 1.208708 2.619837 1.908748
42 1.274912 2.578435 1.955015
43 1.300642 2.486125 1.953138
44 1.322360 2.435394 1.950914
45 1.239079 2.551614 1.947304
46 1.328349 2.636984 1.946524
47 1.329386 2.520140 1.947583
48 1.326693 2.595068 1.956101
49 1.394465 2.589009 1.948889
50 1.364055 2.528495 1.944248
51 1.296519 2.614304 1.952502
52 1.311326 2.569201 1.952885
53 1.308337 2.507484 1.946936
54 1.279340 2.644516 1.947898
55 1.336541 2.531461 1.948241
56 1.276663 2.517568 1.947931
57 1.340523 2.580769 1.949717
58 1.281643 2.643978 1.945202
59 1.237935 2.721536 1.950916
60 1.282001 2.624621 1.949140
61 1.192925 2.639066 1.945828
62 1.271768 2.625111 1.945732
63 1.363665 2.684264 1.941040
64 1.338692 2.581116 1.947719
65 1.356736 2.561589 1.947258
66 1.345080 2.580345 1.946436
67 1.271769 2.535592 1.944852
68 1.269019 2.567290 1.942199

