0.000000000000000000e+00 0.000000000000000000e+00
1.000000000000000000e+01 1.991401129921022140e-02
2.000000000000000000e+01 3.982802259841999870e-02
3.000000000000000000e+01 5.974203389762999805e-02
4.000000000000000000e+01 7.965604519684021945e-02
5.000000000000000000e+01 9.957005649604999675e-02
6.000000000000000000e+01 1.194840677952602181e-01
7.000000000000000000e+01 1.393980790944702175e-01
8.000000000000000000e+01 1.593120903936799948e-01
9.000000000000000000e+01 1.792261016928902162e-01
1.000000000000000000e+02 1.991401129921002155e-01
1.100000000000000000e+02 2.190541242913102149e-01
1.200000000000000000e+02 2.389681355905202143e-01
1.300000000000000000e+02 2.588821468897302136e-01
1.400000000000000000e+02 2.787961581889402130e-01
1.500000000000000000e+02 2.987101694881502123e-01
1.600000000000000000e+02 3.186241807873602117e-01
1.700000000000000000e+02 3.385381920865702110e-01
1.800000000000000000e+02 3.584522033857802104e-01
1.900000000000000000e+02 3.783662146849902097e-01
2.000000000000000000e+02 3.982802259842002091e-01
2.100000000000000000e+02 4.181942372834104305e-01
2.200000000000000000e+02 4.381082485826202078e-01
2.300000000000000000e+02 4.580222598818302071e-01
2.400000000000000000e+02 4.779362711810404285e-01
2.500000000000000000e+02 4.978502824802502058e-01

