0.000000000000000000e+00 -1.165605240000000009e+02
1.000000000000000000e+01 -7.609826659999999720e+03
2.000000000000000000e+01 -1.245261816399999952e+04
3.000000000000000000e+01 -8.186832519999999931e+03
4.000000000000000000e+01 -3.074474365000000034e+03
5.000000000000000000e+01 -4.969785644999999931e+03
6.000000000000000000e+01 -3.126367799999999875e+02
7.000000000000000000e+01 -3.029966797000000042e+03
8.000000000000000000e+01 -1.211073975000000019e+03
9.000000000000000000e+01 -1.317395629999999983e+03
1.000000000000000000e+02 -1.287495605000000069e+03
1.100000000000000000e+02 -7.569927979999999934e+02
1.200000000000000000e+02 -1.272606078999999909e+03
1.300000000000000000e+02 -7.538764650000000529e+02
1.400000000000000000e+02 9.197845459999999775e+02
1.500000000000000000e+02 -5.360119630000000370e+02
1.600000000000000000e+02 -1.635437500000000000e+03
1.700000000000000000e+02 6.349421389999999974e+02
1.800000000000000000e+02 -2.184793850000000077e+02
1.900000000000000000e+02 -1.559060670000000073e+02
2.000000000000000000e+02 -9.670635379999999941e+02
2.100000000000000000e+02 8.942851560000000291e+02
2.200000000000000000e+02 -9.394916379999999663e+02
2.300000000000000000e+02 -6.818154299999999921e+02
2.400000000000000000e+02 -2.080729980000000126e+02
2.500000000000000000e+02 1.608246310000000108e+02

