0.000000000000000000e+00 1.000000000000000000e+00
0.000000000000000000e+00 9.912999999999999590e-01
0.000000000000000000e+00 9.917899999999999494e-01
0.000000000000000000e+00 9.922600000000000309e-01
0.000000000000000000e+00 9.928000000000000158e-01
0.000000000000000000e+00 9.931999999999999718e-01
0.000000000000000000e+00 9.938299999999999912e-01
0.000000000000000000e+00 9.939599999999999547e-01
0.000000000000000000e+00 9.936099999999999932e-01
0.000000000000000000e+00 9.935899999999999732e-01
0.000000000000000000e+00 9.937200000000000477e-01
0.000000000000000000e+00 9.934899999999999842e-01
0.000000000000000000e+00 9.933800000000000407e-01
0.000000000000000000e+00 9.932999999999999607e-01
0.000000000000000000e+00 9.933800000000000407e-01
0.000000000000000000e+00 9.934199999999999697e-01
0.000000000000000000e+00 9.932600000000000318e-01
0.000000000000000000e+00 9.930200000000000138e-01
0.000000000000000000e+00 9.931799999999999518e-01
0.000000000000000000e+00 9.933499999999999552e-01
0.000000000000000000e+00 9.933199999999999807e-01
0.000000000000000000e+00 9.932900000000000063e-01
0.000000000000000000e+00 9.931299999999999573e-01
0.000000000000000000e+00 9.929900000000000393e-01
0.000000000000000000e+00 9.929900000000000393e-01
0.000000000000000000e+00 9.925899999999999723e-01
0.000000000000000000e+00 9.927500000000000213e-01
0.000000000000000000e+00 9.929700000000000193e-01
0.000000000000000000e+00 9.925500000000000433e-01
0.000000000000000000e+00 9.925699999999999523e-01
0.000000000000000000e+00 9.924600000000000088e-01
0.000000000000000000e+00 9.924899999999999833e-01
0.000000000000000000e+00 9.924399999999999888e-01
0.000000000000000000e+00 9.925699999999999523e-01
0.000000000000000000e+00 9.923499999999999543e-01
0.000000000000000000e+00 9.925599999999999978e-01
0.000000000000000000e+00 9.925399999999999778e-01
0.000000000000000000e+00 9.924899999999999833e-01
0.000000000000000000e+00 9.925500000000000433e-01
0.000000000000000000e+00 9.925000000000000488e-01
0.000000000000000000e+00 9.923300000000000454e-01
0.000000000000000000e+00 9.921200000000000019e-01
0.000000000000000000e+00 9.918500000000000094e-01
0.000000000000000000e+00 9.917399999999999549e-01
0.000000000000000000e+00 9.918599999999999639e-01
0.000000000000000000e+00 9.918700000000000294e-01
0.000000000000000000e+00 9.916599999999999859e-01
0.000000000000000000e+00 9.914399999999999880e-01
0.000000000000000000e+00 9.914199999999999680e-01
0.000000000000000000e+00 9.915899999999999714e-01
0.000000000000000000e+00 9.913199999999999790e-01
0.000000000000000000e+00 9.914199999999999680e-01
0.000000000000000000e+00 9.913499999999999535e-01
0.000000000000000000e+00 9.913800000000000390e-01
0.000000000000000000e+00 9.913300000000000445e-01
0.000000000000000000e+00 9.911900000000000155e-01
0.000000000000000000e+00 9.913800000000000390e-01
0.000000000000000000e+00 9.914500000000000535e-01
0.000000000000000000e+00 9.915100000000000025e-01
0.000000000000000000e+00 9.915100000000000025e-01
0.000000000000000000e+00 9.913800000000000390e-01
0.000000000000000000e+00 9.908500000000000085e-01
0.000000000000000000e+00 9.906800000000000050e-01
