0.000000000000000000e+00 1.000000000000000000e+00
0.000000000000000000e+00 9.942699999999999871e-01
0.000000000000000000e+00 9.943499999999999561e-01
0.000000000000000000e+00 9.945199999999999596e-01
0.000000000000000000e+00 9.946500000000000341e-01
0.000000000000000000e+00 9.948299999999999921e-01
0.000000000000000000e+00 9.949299999999999811e-01
0.000000000000000000e+00 9.949700000000000211e-01
0.000000000000000000e+00 9.949900000000000411e-01
0.000000000000000000e+00 9.949900000000000411e-01
0.000000000000000000e+00 9.949799999999999756e-01
0.000000000000000000e+00 9.950099999999999500e-01
0.000000000000000000e+00 9.950299999999999701e-01
0.000000000000000000e+00 9.948599999999999666e-01
0.000000000000000000e+00 9.949000000000000066e-01
0.000000000000000000e+00 9.949700000000000211e-01
0.000000000000000000e+00 9.951699999999999990e-01
0.000000000000000000e+00 9.950999999999999845e-01
0.000000000000000000e+00 9.951100000000000501e-01
0.000000000000000000e+00 9.951999999999999735e-01
0.000000000000000000e+00 9.951299999999999590e-01
0.000000000000000000e+00 9.950900000000000301e-01
0.000000000000000000e+00 9.950299999999999701e-01
0.000000000000000000e+00 9.950900000000000301e-01
0.000000000000000000e+00 9.950900000000000301e-01
0.000000000000000000e+00 9.948500000000000121e-01
0.000000000000000000e+00 9.949999999999999956e-01
0.000000000000000000e+00 9.950700000000000101e-01
0.000000000000000000e+00 9.949400000000000466e-01
0.000000000000000000e+00 9.948500000000000121e-01
0.000000000000000000e+00 9.948399999999999466e-01
0.000000000000000000e+00 9.947300000000000031e-01
0.000000000000000000e+00 9.947399999999999576e-01
0.000000000000000000e+00 9.948299999999999921e-01
0.000000000000000000e+00 9.947799999999999976e-01
0.000000000000000000e+00 9.949099999999999611e-01
0.000000000000000000e+00 9.947700000000000431e-01
0.000000000000000000e+00 9.948599999999999666e-01
0.000000000000000000e+00 9.949000000000000066e-01
0.000000000000000000e+00 9.949200000000000266e-01
0.000000000000000000e+00 9.946399999999999686e-01
0.000000000000000000e+00 9.945100000000000051e-01
0.000000000000000000e+00 9.945100000000000051e-01
0.000000000000000000e+00 9.945300000000000251e-01
0.000000000000000000e+00 9.944800000000000306e-01
0.000000000000000000e+00 9.945300000000000251e-01
0.000000000000000000e+00 9.943499999999999561e-01
0.000000000000000000e+00 9.943100000000000271e-01
0.000000000000000000e+00 9.942400000000000126e-01
0.000000000000000000e+00 9.942499999999999671e-01
0.000000000000000000e+00 9.942199999999999926e-01
0.000000000000000000e+00 9.939700000000000202e-01
0.000000000000000000e+00 9.942400000000000126e-01
0.000000000000000000e+00 9.943800000000000416e-01
0.000000000000000000e+00 9.941499999999999782e-01
0.000000000000000000e+00 9.942900000000000071e-01
0.000000000000000000e+00 9.941600000000000437e-01
0.000000000000000000e+00 9.942999999999999616e-01
0.000000000000000000e+00 9.942900000000000071e-01
0.000000000000000000e+00 9.942499999999999671e-01
0.000000000000000000e+00 9.941900000000000182e-01
0.000000000000000000e+00 9.939700000000000202e-01
0.000000000000000000e+00 9.940900000000000292e-01
