0.000000e+00 1.000000000000000000e+00
8.000000e+00 9.912999999999999590e-01
1.600000e+01 9.917899999999999494e-01
2.400000e+01 9.922600000000000309e-01
3.200000e+01 9.928000000000000158e-01
4.000000e+01 9.931999999999999718e-01
4.800000e+01 9.938299999999999912e-01
5.600000e+01 9.939599999999999547e-01
6.400000e+01 9.936099999999999932e-01
7.200000e+01 9.935899999999999732e-01
8.000000e+01 9.937200000000000477e-01
8.800000e+01 9.934899999999999842e-01
9.600000e+01 9.933800000000000407e-01
1.040000e+02 9.932999999999999607e-01
1.120000e+02 9.933800000000000407e-01
1.200000e+02 9.934199999999999697e-01
1.280000e+02 9.932600000000000318e-01
1.360000e+02 9.930200000000000138e-01
1.440000e+02 9.931799999999999518e-01
1.520000e+02 9.933499999999999552e-01
1.600000e+02 9.933199999999999807e-01
1.680000e+02 9.932900000000000063e-01
1.760000e+02 9.931299999999999573e-01
1.840000e+02 9.929900000000000393e-01
1.920000e+02 9.929900000000000393e-01
2.000000e+02 9.925899999999999723e-01
2.080000e+02 9.927500000000000213e-01
2.160000e+02 9.929700000000000193e-01
2.240000e+02 9.925500000000000433e-01
2.320000e+02 9.925699999999999523e-01
2.400000e+02 9.924600000000000088e-01
2.480000e+02 9.924899999999999833e-01
2.560000e+02 9.924399999999999888e-01
2.640000e+02 9.925699999999999523e-01
2.720000e+02 9.923499999999999543e-01
2.800000e+02 9.925599999999999978e-01
2.880000e+02 9.925399999999999778e-01
2.960000e+02 9.924899999999999833e-01
3.040000e+02 9.925500000000000433e-01
3.120000e+02 9.925000000000000488e-01
3.200000e+02 9.923300000000000454e-01
3.280000e+02 9.921200000000000019e-01
3.360000e+02 9.918500000000000094e-01
3.440000e+02 9.917399999999999549e-01
3.520000e+02 9.918599999999999639e-01
3.600000e+02 9.918700000000000294e-01
3.680000e+02 9.916599999999999859e-01
3.760000e+02 9.914399999999999880e-01
3.840000e+02 9.914199999999999680e-01
3.920000e+02 9.915899999999999714e-01
4.000000e+02 9.913199999999999790e-01
4.080000e+02 9.914199999999999680e-01
4.160000e+02 9.913499999999999535e-01
4.240000e+02 9.913800000000000390e-01
4.320000e+02 9.913300000000000445e-01
4.400000e+02 9.911900000000000155e-01
4.480000e+02 9.913800000000000390e-01
4.560000e+02 9.914500000000000535e-01
4.640000e+02 9.915100000000000025e-01
4.720000e+02 9.915100000000000025e-01
4.800000e+02 9.913800000000000390e-01
4.880000e+02 9.908500000000000085e-01
4.960000e+02 9.906800000000000050e-01
