0.000000e+00 1.000000000000000000e+00
8.000000e+00 9.979599999999999582e-01
1.600000e+01 9.982400000000000162e-01
2.400000e+01 9.986500000000000377e-01
3.200000e+01 9.990200000000000191e-01
4.000000e+01 9.993300000000000516e-01
4.800000e+01 9.997300000000000075e-01
5.600000e+01 9.998099999999999765e-01
6.400000e+01 9.996300000000000185e-01
7.200000e+01 9.996300000000000185e-01
8.000000e+01 9.996699999999999475e-01
8.800000e+01 9.995199999999999640e-01
9.600000e+01 9.994199999999999751e-01
1.040000e+02 9.993800000000000461e-01
1.120000e+02 9.993900000000000006e-01
1.200000e+02 9.993300000000000516e-01
1.280000e+02 9.992600000000000371e-01
1.360000e+02 9.991299999999999626e-01
1.440000e+02 9.991100000000000536e-01
1.520000e+02 9.991999999999999771e-01
1.600000e+02 9.991799999999999571e-01
1.680000e+02 9.991200000000000081e-01
1.760000e+02 9.990400000000000391e-01
1.840000e+02 9.989700000000000246e-01
1.920000e+02 9.989299999999999846e-01
2.000000e+02 9.989500000000000046e-01
2.080000e+02 9.990499999999999936e-01
2.160000e+02 9.990700000000000136e-01
2.240000e+02 9.989299999999999846e-01
2.320000e+02 9.988599999999999701e-01
2.400000e+02 9.987599999999999811e-01
2.480000e+02 9.988200000000000411e-01
2.560000e+02 9.988000000000000211e-01
2.640000e+02 9.987599999999999811e-01
2.720000e+02 9.987500000000000266e-01
2.800000e+02 9.987700000000000466e-01
2.880000e+02 9.988200000000000411e-01
2.960000e+02 9.987500000000000266e-01
3.040000e+02 9.987300000000000066e-01
3.120000e+02 9.986199999999999521e-01
3.200000e+02 9.986899999999999666e-01
3.280000e+02 9.985800000000000232e-01
3.360000e+02 9.983999999999999542e-01
3.440000e+02 9.983499999999999597e-01
3.520000e+02 9.982900000000000107e-01
3.600000e+02 9.981799999999999562e-01
3.680000e+02 9.980499999999999927e-01
3.760000e+02 9.979599999999999582e-01
3.840000e+02 9.979700000000000237e-01
3.920000e+02 9.979799999999999782e-01
4.000000e+02 9.979700000000000237e-01
4.080000e+02 9.979500000000000037e-01
4.160000e+02 9.979000000000000092e-01
4.240000e+02 9.978599999999999692e-01
4.320000e+02 9.978000000000000203e-01
4.400000e+02 9.976500000000000368e-01
4.480000e+02 9.977399999999999602e-01
4.560000e+02 9.976699999999999458e-01
4.640000e+02 9.977500000000000258e-01
4.720000e+02 9.977500000000000258e-01
4.800000e+02 9.976699999999999458e-01
4.880000e+02 9.974300000000000388e-01
4.960000e+02 9.971900000000000208e-01
