0.000000000000000000e+00 1.000000000000000000e+00
1.000000000000000021e-02 9.979479999999999462e-01
2.000000000000000042e-02 9.918059999999999654e-01
2.999999999999999889e-02 9.816209999999999658e-01
4.000000000000000083e-02 9.674660000000000482e-01
5.000000000000000278e-02 9.494470000000000409e-01
5.999999999999999778e-02 9.276959999999999651e-01
7.000000000000000666e-02 9.023729999999999807e-01
8.000000000000000167e-02 8.736610000000000209e-01
8.999999999999999667e-02 8.417719999999999647e-01
1.000000000000000056e-01 8.069359999999999866e-01
1.100000000000000006e-01 7.694039999999999768e-01
1.199999999999999956e-01 7.294469999999999565e-01
1.300000000000000044e-01 6.873489999999999878e-01
1.400000000000000133e-01 6.434100000000000374e-01
1.499999999999999944e-01 5.979379999999999695e-01
1.600000000000000033e-01 5.512500000000000178e-01
1.700000000000000122e-01 5.036690000000000333e-01
1.799999999999999933e-01 4.555190000000000072e-01
1.900000000000000022e-01 4.071270000000000167e-01
2.000000000000000111e-01 3.588129999999999931e-01
2.099999999999999922e-01 3.108949999999999769e-01
2.200000000000000011e-01 2.636800000000000255e-01
2.300000000000000100e-01 2.174659999999999926e-01
2.399999999999999911e-01 1.725379999999999969e-01
2.500000000000000000e-01 1.291660000000000030e-01
2.600000000000000089e-01 8.760199999999999931e-02
2.700000000000000178e-01 4.807800000000000268e-02
2.800000000000000266e-01 1.080599999999999963e-02
2.899999999999999800e-01 -2.402299999999999922e-02
2.999999999999999889e-01 -5.624500000000000333e-02
3.099999999999999978e-01 -8.571800000000000253e-02
3.200000000000000067e-01 -1.123259999999999953e-01
3.300000000000000155e-01 -1.359819999999999918e-01
3.400000000000000244e-01 -1.566210000000000102e-01
3.499999999999999778e-01 -1.742090000000000027e-01
3.599999999999999867e-01 -1.887340000000000129e-01
3.699999999999999956e-01 -2.002140000000000031e-01
3.800000000000000044e-01 -2.086909999999999876e-01
3.900000000000000133e-01 -2.142300000000000038e-01
4.000000000000000222e-01 -2.169210000000000027e-01
4.099999999999999756e-01 -2.168769999999999865e-01
4.199999999999999845e-01 -2.142280000000000018e-01
4.299999999999999933e-01 -2.091270000000000073e-01
4.400000000000000022e-01 -2.017430000000000057e-01
4.500000000000000111e-01 -1.922580000000000122e-01
4.600000000000000200e-01 -1.808720000000000050e-01
4.699999999999999734e-01 -1.677899999999999947e-01
4.799999999999999822e-01 -1.532320000000000071e-01
4.899999999999999911e-01 -1.374209999999999876e-01
5.000000000000000000e-01 -1.205839999999999967e-01
5.100000000000000089e-01 -1.029520000000000018e-01
5.200000000000000178e-01 -8.475599999999999801e-02
5.300000000000000266e-01 -6.622300000000000408e-02
5.400000000000000355e-01 -4.757600000000000023e-02
5.500000000000000444e-01 -2.903299999999999978e-02
5.600000000000000533e-01 -1.080000000000000057e-02
5.699999999999999512e-01 6.923000000000000334e-03
5.799999999999999600e-01 2.395100000000000007e-02
5.899999999999999689e-01 4.011200000000000182e-02
5.999999999999999778e-01 5.524899999999999950e-02
6.099999999999999867e-01 6.922100000000000475e-02
6.199999999999999956e-01 8.190400000000000458e-02
6.300000000000000044e-01 9.319199999999999706e-02
6.400000000000000133e-01 1.029989999999999933e-01
6.500000000000000222e-01 1.112550000000000067e-01
6.600000000000000311e-01 1.179120000000000029e-01
6.700000000000000400e-01 1.229409999999999947e-01
6.800000000000000488e-01 1.263319999999999999e-01
6.899999999999999467e-01 1.280910000000000104e-01
6.999999999999999556e-01 1.282469999999999999e-01
7.099999999999999645e-01 1.268410000000000093e-01
7.199999999999999734e-01 1.239350000000000035e-01
7.299999999999999822e-01 1.196040000000000020e-01
7.399999999999999911e-01 1.139379999999999976e-01
7.500000000000000000e-01 1.070399999999999963e-01
7.600000000000000089e-01 9.902299999999999991e-02
7.700000000000000178e-01 9.001099999999999379e-02
7.800000000000000266e-01 8.013599999999999890e-02
7.900000000000000355e-01 6.953800000000000259e-02
8.000000000000000444e-01 5.835900000000000115e-02
8.100000000000000533e-01 4.674699999999999689e-02
8.199999999999999512e-01 3.484999999999999903e-02
8.299999999999999600e-01 2.281499999999999848e-02
8.399999999999999689e-01 1.078999999999999924e-02
8.499999999999999778e-01 -1.082999999999999978e-03
8.599999999999999867e-01 -1.266800000000000044e-02
8.699999999999999956e-01 -2.383100000000000149e-02
8.800000000000000044e-01 -3.445200000000000345e-02
8.900000000000000133e-01 -4.441400000000000209e-02
9.000000000000000222e-01 -5.361400000000000193e-02
9.100000000000000311e-01 -6.195900000000000019e-02
9.200000000000000400e-01 -6.936900000000000011e-02
9.300000000000000488e-01 -7.577499999999999514e-02
9.399999999999999467e-01 -8.112099999999999866e-02
9.499999999999999556e-01 -8.536699999999999844e-02
9.599999999999999645e-01 -8.848499999999999421e-02
9.699999999999999734e-01 -9.046099999999999974e-02
9.799999999999999822e-01 -9.129400000000000015e-02
9.899999999999999911e-01 -9.099799999999999556e-02
1.000000000000000000e+00 -8.959899999999999809e-02
1.010000000000000009e+00 -8.713600000000000512e-02
1.020000000000000018e+00 -8.365999999999999825e-02
1.030000000000000027e+00 -7.923099999999999588e-02
1.040000000000000036e+00 -7.392100000000000060e-02
1.050000000000000044e+00 -6.781199999999999728e-02
1.060000000000000053e+00 -6.099099999999999661e-02
1.070000000000000062e+00 -5.355300000000000338e-02
1.080000000000000071e+00 -4.560100000000000264e-02
1.090000000000000080e+00 -3.723800000000000027e-02
1.100000000000000089e+00 -2.857300000000000118e-02
1.110000000000000098e+00 -1.971600000000000089e-02
1.120000000000000107e+00 -1.077600000000000086e-02
1.129999999999999893e+00 -1.863000000000000073e-03
1.139999999999999902e+00 6.916000000000000272e-03
1.149999999999999911e+00 1.545799999999999952e-02
1.159999999999999920e+00 2.366499999999999854e-02
1.169999999999999929e+00 3.144199999999999773e-02
1.179999999999999938e+00 3.870300000000000129e-02
1.189999999999999947e+00 4.537100000000000161e-02
1.199999999999999956e+00 5.137300000000000200e-02
1.209999999999999964e+00 5.664899999999999797e-02
1.219999999999999973e+00 6.114699999999999996e-02
1.229999999999999982e+00 6.482599999999999474e-02
1.239999999999999991e+00 6.765300000000000480e-02
1.250000000000000000e+00 6.960900000000000420e-02
1.260000000000000009e+00 7.068499999999999783e-02
1.270000000000000018e+00 7.087999999999999856e-02
1.280000000000000027e+00 7.020600000000000451e-02
1.290000000000000036e+00 6.868599999999999706e-02
1.300000000000000044e+00 6.635000000000000620e-02
1.310000000000000053e+00 6.323900000000000354e-02
1.320000000000000062e+00 5.940299999999999747e-02
1.330000000000000071e+00 5.489900000000000335e-02
1.340000000000000080e+00 4.979200000000000292e-02
1.350000000000000089e+00 4.415100000000000274e-02
1.360000000000000098e+00 3.805499999999999855e-02
1.370000000000000107e+00 3.158199999999999896e-02
1.379999999999999893e+00 2.481799999999999978e-02
1.389999999999999902e+00 1.784699999999999828e-02
1.399999999999999911e+00 1.075800000000000020e-02
1.409999999999999920e+00 3.638000000000000175e-03
1.419999999999999929e+00 -3.426999999999999925e-03
1.429999999999999938e+00 -1.034999999999999983e-02
1.439999999999999947e+00 -1.705100000000000018e-02
1.449999999999999956e+00 -2.345099999999999962e-02
1.459999999999999964e+00 -2.947699999999999973e-02
1.469999999999999973e+00 -3.506000000000000089e-02
1.479999999999999982e+00 -4.014000000000000207e-02
1.489999999999999991e+00 -4.465999999999999831e-02
1.500000000000000000e+00 -4.857399999999999912e-02
1.510000000000000009e+00 -5.184199999999999919e-02
1.520000000000000018e+00 -5.443400000000000322e-02
1.530000000000000027e+00 -5.632600000000000107e-02
1.540000000000000036e+00 -5.750399999999999956e-02
1.550000000000000044e+00 -5.796500000000000263e-02
1.560000000000000053e+00 -5.770999999999999741e-02
1.570000000000000062e+00 -5.675299999999999789e-02
1.580000000000000071e+00 -5.511400000000000327e-02
1.590000000000000080e+00 -5.282099999999999990e-02
1.600000000000000089e+00 -4.991099999999999703e-02
1.610000000000000098e+00 -4.642700000000000299e-02
1.620000000000000107e+00 -4.241700000000000331e-02
1.629999999999999893e+00 -3.793799999999999950e-02
1.639999999999999902e+00 -3.305000000000000299e-02
1.649999999999999911e+00 -2.781600000000000045e-02
1.659999999999999920e+00 -2.230599999999999944e-02
1.669999999999999929e+00 -1.658799999999999858e-02
1.679999999999999938e+00 -1.073499999999999975e-02
1.689999999999999947e+00 -4.820999999999999765e-03
1.699999999999999956e+00 1.082999999999999978e-03
1.709999999999999964e+00 6.904999999999999680e-03
1.719999999999999973e+00 1.257499999999999937e-02
1.729999999999999982e+00 1.802499999999999936e-02
1.739999999999999991e+00 2.319200000000000081e-02
1.750000000000000000e+00 2.801599999999999924e-02
1.760000000000000009e+00 3.244199999999999862e-02
1.770000000000000018e+00 3.642100000000000198e-02
1.780000000000000027e+00 3.991000000000000103e-02
1.790000000000000036e+00 4.287200000000000039e-02
1.800000000000000044e+00 4.527500000000000274e-02
1.810000000000000053e+00 4.709800000000000098e-02
1.820000000000000062e+00 4.832499999999999990e-02
1.830000000000000071e+00 4.894600000000000339e-02
1.840000000000000080e+00 4.896199999999999858e-02
1.850000000000000089e+00 4.837799999999999739e-02
1.860000000000000098e+00 4.720799999999999996e-02
1.870000000000000107e+00 4.547199999999999853e-02
1.879999999999999893e+00 4.319900000000000129e-02
1.889999999999999902e+00 4.041999999999999760e-02
1.899999999999999911e+00 3.717600000000000071e-02
1.909999999999999920e+00 3.351099999999999912e-02
1.919999999999999929e+00 2.947299999999999920e-02
1.929999999999999938e+00 2.511700000000000044e-02
1.939999999999999947e+00 2.049700000000000133e-02
1.949999999999999956e+00 1.567500000000000143e-02
1.959999999999999964e+00 1.070899999999999977e-02
1.969999999999999973e+00 5.662999999999999631e-03
1.979999999999999982e+00 5.980000000000000072e-04
1.989999999999999991e+00 -4.422999999999999848e-03
