0.000000000000000000e+00 0.000000000000000000e+00
8.787300000000000111e-01 3.209121999999999986e+01
1.757460000000000022e+00 1.079340999999999973e+01
2.636179999999999968e+00 5.329250000000000043e+00
3.514909999999999979e+00 3.577370000000000161e+00
4.393640000000000434e+00 1.474399999999999933e+00
5.272369999999999557e+00 2.186129999999999907e+00
6.151089999999999947e+00 1.974259999999999904e+00
7.029819999999999958e+00 1.850270000000000081e+00
7.908549999999999969e+00 2.069640000000000146e+00
8.787280000000000868e+00 2.580249999999999932e+00
9.666009999999999991e+00 4.999019999999999797e+00
1.054472999999999949e+01 1.283416300000000092e+02
1.142346000000000039e+01 1.005392999999999937e+01
1.230218999999999951e+01 1.808129999999999882e+01
1.318092000000000041e+01 6.577709999999999724e+00
1.405964999999999954e+01 1.095128000000000057e+01
1.493837000000000081e+01 7.533970000000000056e+00
1.581709999999999994e+01 2.271655000000000157e+01
1.669583000000000084e+01 1.133383000000000074e+01
1.757456000000000174e+01 4.443310000000000315e+00
1.845327999999999946e+01 2.169490000000000141e+00
1.933201000000000036e+01 2.687330000000000219e+00
2.021074000000000126e+01 4.408509999999999707e+00
2.108946999999999861e+01 7.586210000000000342e+00
2.196819999999999951e+01 1.174961000000000055e+01
2.284692000000000078e+01 3.979210000000000136e+00
2.372565000000000168e+01 3.289680000000000160e+00
2.460437999999999903e+01 7.976560000000000095e+00
2.548310999999999993e+01 8.387079999999999202e+00
2.636184000000000083e+01 2.928380000000000205e+00
2.724055999999999855e+01 2.225020000000000220e+00
2.811928999999999945e+01 2.214199999999999946e+00
2.899802000000000035e+01 2.063439999999999941e+00
2.987675000000000125e+01 4.024309999999999832e+00
3.075546999999999898e+01 2.107479999999999798e+00
3.163419999999999987e+01 2.042209999999999859e+00
3.251292999999999722e+01 3.275990000000000180e+00
3.339166000000000167e+01 2.620950000000000113e+00
3.427038999999999902e+01 2.134090000000000042e+00
3.514911000000000030e+01 2.708720000000000017e+00
3.602783999999999764e+01 1.923680000000000057e+00
3.690657000000000210e+01 1.816680000000000073e+00
3.778529999999999944e+01 2.608579999999999899e+00
3.866402999999999679e+01 1.383099999999999996e+00
3.954274999999999807e+01 1.563630000000000075e+00
4.042148000000000252e+01 1.735479999999999912e+00
4.130020999999999987e+01 1.300789999999999891e+00
4.217893999999999721e+01 1.587960000000000038e+00
4.305765999999999849e+01 1.408700000000000063e+00
4.393639000000000294e+01 1.492390000000000105e+00
4.481512000000000029e+01 1.135899999999999910e+00
4.569384999999999764e+01 9.930499999999999883e-01
4.657258000000000209e+01 1.036030000000000006e+00
4.745130000000000337e+01 9.836599999999999788e-01
4.833003000000000071e+01 1.113089999999999913e+00
4.920875999999999806e+01 1.081129999999999924e+00
5.008749000000000251e+01 1.104850000000000110e+00
5.096620999999999668e+01 8.609700000000000131e-01
5.184494000000000113e+01 7.388099999999999667e-01
5.272366999999999848e+01 8.937500000000000444e-01
5.360240000000000293e+01 9.213799999999999768e-01
5.448113000000000028e+01 8.817199999999999482e-01
5.535985000000000156e+01 7.512499999999999734e-01
5.623857999999999890e+01 6.962199999999999500e-01
5.711731000000000336e+01 6.314499999999999558e-01
5.799604000000000070e+01 6.624499999999999833e-01
5.887476999999999805e+01 5.717400000000000260e-01
