0.000000000000000000e+00 0.000000000000000000e+00
8.787300000000000111e-01 3.113083999999999918e+01
1.757460000000000022e+00 9.625809999999999533e+00
2.636179999999999968e+00 4.103570000000000384e+00
3.514909999999999979e+00 2.373390000000000111e+00
4.393640000000000434e+00 1.022999999999999909e+00
5.272369999999999557e+00 1.121099999999999985e+00
6.151089999999999947e+00 9.080399999999999583e-01
7.029819999999999958e+00 9.925399999999999778e-01
7.908549999999999969e+00 7.868899999999999784e-01
8.787280000000000868e+00 1.093239999999999990e+00
9.666009999999999991e+00 1.578200000000000047e+00
1.054472999999999949e+01 6.902999999999999581e+00
1.142346000000000039e+01 4.746780000000000221e+00
1.230218999999999951e+01 6.413110000000000355e+01
1.318092000000000041e+01 1.279231000000000051e+01
1.405964999999999954e+01 1.425863000000000014e+01
1.493837000000000081e+01 7.785040000000000404e+00
1.581709999999999994e+01 2.058252999999999844e+01
1.669583000000000084e+01 9.433379999999999654e+00
1.757456000000000174e+01 2.966380000000000017e+00
1.845327999999999946e+01 1.832279999999999909e+00
1.933201000000000036e+01 1.933899999999999952e+00
2.021074000000000126e+01 2.997160000000000046e+00
2.108946999999999861e+01 6.363360000000000127e+00
2.196819999999999951e+01 1.192080999999999946e+01
2.284692000000000078e+01 3.624800000000000022e+00
2.372565000000000168e+01 2.625579999999999803e+00
2.460437999999999903e+01 4.971129999999999605e+00
2.548310999999999993e+01 1.190447999999999951e+01
2.636184000000000083e+01 4.186200000000000365e+00
2.724055999999999855e+01 2.514079999999999870e+00
2.811928999999999945e+01 1.755370000000000097e+00
2.899802000000000035e+01 1.440590000000000037e+00
2.987675000000000125e+01 1.828880000000000061e+00
3.075546999999999898e+01 2.031229999999999869e+00
3.163419999999999987e+01 2.207310000000000105e+00
3.251292999999999722e+01 3.346950000000000092e+00
3.339166000000000167e+01 3.070570000000000022e+00
3.427038999999999902e+01 2.256540000000000212e+00
3.514911000000000030e+01 2.966619999999999813e+00
3.602783999999999764e+01 1.850389999999999979e+00
3.690657000000000210e+01 2.003620000000000179e+00
3.778529999999999944e+01 2.249530000000000030e+00
3.866402999999999679e+01 1.267859999999999987e+00
3.954274999999999807e+01 1.449829999999999952e+00
4.042148000000000252e+01 1.095960000000000045e+00
4.130020999999999987e+01 1.303970000000000073e+00
4.217893999999999721e+01 1.627629999999999910e+00
4.305765999999999849e+01 1.591809999999999947e+00
4.393639000000000294e+01 1.468620000000000037e+00
4.481512000000000029e+01 1.166830000000000034e+00
4.569384999999999764e+01 1.043600000000000083e+00
4.657258000000000209e+01 1.065029999999999921e+00
4.745130000000000337e+01 1.001400000000000068e+00
4.833003000000000071e+01 1.106579999999999897e+00
4.920875999999999806e+01 1.151340000000000030e+00
5.008749000000000251e+01 1.023090000000000055e+00
5.096620999999999668e+01 8.214799999999999880e-01
5.184494000000000113e+01 8.504000000000000448e-01
5.272366999999999848e+01 8.382300000000000306e-01
5.360240000000000293e+01 8.839799999999999880e-01
5.448113000000000028e+01 7.143000000000000460e-01
5.535985000000000156e+01 7.642499999999999849e-01
5.623857999999999890e+01 7.563800000000000523e-01
5.711731000000000336e+01 6.953700000000000436e-01
5.799604000000000070e+01 7.176000000000000156e-01
5.887476999999999805e+01 6.318000000000000282e-01
