0.000000000000000000e+00 0.000000000000000000e+00
8.787300000000000111e-01 3.152203000000000088e+01
1.757460000000000022e+00 9.907400000000000873e+00
2.636179999999999968e+00 4.631199999999999761e+00
3.514909999999999979e+00 2.668470000000000120e+00
4.393640000000000434e+00 1.137620000000000076e+00
5.272369999999999557e+00 1.442970000000000086e+00
6.151089999999999947e+00 1.103650000000000020e+00
7.029819999999999958e+00 1.084249999999999936e+00
7.908549999999999969e+00 9.241899999999999560e-01
8.787280000000000868e+00 1.139199999999999990e+00
9.666009999999999991e+00 1.600049999999999972e+00
1.054472999999999949e+01 2.653280000000000083e+00
1.142346000000000039e+01 3.935430000000000206e+00
1.230218999999999951e+01 6.501648000000000138e+01
1.318092000000000041e+01 1.301994000000000007e+01
1.405964999999999954e+01 1.449516999999999989e+01
1.493837000000000081e+01 7.980190000000000339e+00
1.581709999999999994e+01 2.063304000000000116e+01
1.669583000000000084e+01 9.407379999999999853e+00
1.757456000000000174e+01 2.924589999999999801e+00
1.845327999999999946e+01 1.792629999999999946e+00
1.933201000000000036e+01 1.789190000000000058e+00
2.021074000000000126e+01 2.833990000000000009e+00
2.108946999999999861e+01 6.668000000000000149e+00
2.196819999999999951e+01 1.325070000000000014e+01
2.284692000000000078e+01 2.968269999999999964e+00
2.372565000000000168e+01 2.471760000000000179e+00
2.460437999999999903e+01 4.772079999999999878e+00
2.548310999999999993e+01 1.214423999999999992e+01
2.636184000000000083e+01 4.403480000000000061e+00
2.724055999999999855e+01 2.613389999999999880e+00
2.811928999999999945e+01 1.771260000000000057e+00
2.899802000000000035e+01 1.484539999999999971e+00
2.987675000000000125e+01 1.822060000000000013e+00
3.075546999999999898e+01 2.184309999999999974e+00
3.163419999999999987e+01 2.092540000000000067e+00
3.251292999999999722e+01 2.614840000000000053e+00
3.339166000000000167e+01 3.129210000000000047e+00
3.427038999999999902e+01 2.265449999999999964e+00
3.514911000000000030e+01 3.134619999999999962e+00
3.602783999999999764e+01 1.766250000000000098e+00
3.690657000000000210e+01 2.103749999999999787e+00
3.778529999999999944e+01 2.308549999999999880e+00
3.866402999999999679e+01 1.260729999999999906e+00
3.954274999999999807e+01 1.416120000000000045e+00
4.042148000000000252e+01 1.071110000000000007e+00
4.130020999999999987e+01 1.253509999999999902e+00
4.217893999999999721e+01 1.729379999999999917e+00
4.305765999999999849e+01 1.856749999999999901e+00
4.393639000000000294e+01 1.397650000000000059e+00
4.481512000000000029e+01 1.079990000000000006e+00
4.569384999999999764e+01 1.034189999999999943e+00
4.657258000000000209e+01 1.021409999999999929e+00
4.745130000000000337e+01 9.761999999999999567e-01
4.833003000000000071e+01 1.066510000000000069e+00
4.920875999999999806e+01 1.165939999999999976e+00
5.008749000000000251e+01 1.070070000000000077e+00
5.096620999999999668e+01 8.289800000000000502e-01
5.184494000000000113e+01 8.597900000000000542e-01
5.272366999999999848e+01 8.433100000000000041e-01
5.360240000000000293e+01 8.385399999999999521e-01
5.448113000000000028e+01 7.038299999999999557e-01
5.535985000000000156e+01 8.196600000000000552e-01
5.623857999999999890e+01 7.938600000000000101e-01
5.711731000000000336e+01 6.973300000000000054e-01
5.799604000000000070e+01 6.668300000000000338e-01
5.887476999999999805e+01 6.270599999999999508e-01
