0.000000000000000000e+00 1.000000000000000000e+00
0.000000000000000000e+00 9.434399999999999453e-01
0.000000000000000000e+00 9.382300000000000084e-01
0.000000000000000000e+00 9.072599999999999554e-01
0.000000000000000000e+00 8.753499999999999615e-01
0.000000000000000000e+00 8.434399999999999675e-01
0.000000000000000000e+00 8.107699999999999907e-01
0.000000000000000000e+00 7.775499999999999634e-01
0.000000000000000000e+00 7.441299999999999581e-01
0.000000000000000000e+00 7.099499999999999700e-01
0.000000000000000000e+00 6.754499999999999948e-01
0.000000000000000000e+00 6.403999999999999693e-01
0.000000000000000000e+00 6.055399999999999672e-01
0.000000000000000000e+00 5.693799999999999972e-01
0.000000000000000000e+00 5.498300000000000409e-01
0.000000000000000000e+00 5.130500000000000060e-01
0.000000000000000000e+00 4.927199999999999913e-01
0.000000000000000000e+00 4.718999999999999861e-01
0.000000000000000000e+00 4.510299999999999865e-01
0.000000000000000000e+00 4.294399999999999884e-01
0.000000000000000000e+00 4.252799999999999914e-01
0.000000000000000000e+00 4.210999999999999743e-01
0.000000000000000000e+00 4.165300000000000114e-01
0.000000000000000000e+00 4.122999999999999998e-01
0.000000000000000000e+00 4.078100000000000058e-01
0.000000000000000000e+00 4.034400000000000208e-01
0.000000000000000000e+00 3.988099999999999978e-01
0.000000000000000000e+00 3.944099999999999828e-01
0.000000000000000000e+00 3.898900000000000143e-01
0.000000000000000000e+00 3.852400000000000269e-01
0.000000000000000000e+00 3.807400000000000229e-01
0.000000000000000000e+00 3.760100000000000109e-01
0.000000000000000000e+00 3.711800000000000099e-01
0.000000000000000000e+00 3.668899999999999939e-01
0.000000000000000000e+00 3.623600000000000154e-01
0.000000000000000000e+00 3.581500000000000239e-01
0.000000000000000000e+00 3.538799999999999724e-01
0.000000000000000000e+00 3.499800000000000133e-01
0.000000000000000000e+00 3.461199999999999832e-01
0.000000000000000000e+00 3.425699999999999856e-01
0.000000000000000000e+00 3.389400000000000190e-01
0.000000000000000000e+00 3.365699999999999803e-01
0.000000000000000000e+00 3.345299999999999940e-01
0.000000000000000000e+00 3.331799999999999762e-01
0.000000000000000000e+00 3.312999999999999834e-01
0.000000000000000000e+00 3.308900000000000174e-01
0.000000000000000000e+00 3.297800000000000176e-01
0.000000000000000000e+00 3.294099999999999806e-01
0.000000000000000000e+00 3.295699999999999741e-01
0.000000000000000000e+00 3.293200000000000016e-01
0.000000000000000000e+00 3.294099999999999806e-01
