0.000000e+00 1.000000000000000000e+00
1.440000e+01 9.434399999999999453e-01
2.880000e+01 9.382300000000000084e-01
4.320000e+01 9.072599999999999554e-01
5.760000e+01 8.753499999999999615e-01
7.200000e+01 8.434399999999999675e-01
8.640000e+01 8.107699999999999907e-01
1.008000e+02 7.775499999999999634e-01
1.152000e+02 7.441299999999999581e-01
1.296000e+02 7.099499999999999700e-01
1.440000e+02 6.754499999999999948e-01
1.584000e+02 6.403999999999999693e-01
1.728000e+02 6.055399999999999672e-01
1.872000e+02 5.693799999999999972e-01
2.016000e+02 5.498300000000000409e-01
2.160000e+02 5.130500000000000060e-01
2.304000e+02 4.927199999999999913e-01
2.448000e+02 4.718999999999999861e-01
2.592000e+02 4.510299999999999865e-01
2.736000e+02 4.294399999999999884e-01
2.880000e+02 4.252799999999999914e-01
3.024000e+02 4.210999999999999743e-01
3.168000e+02 4.165300000000000114e-01
3.312000e+02 4.122999999999999998e-01
3.456000e+02 4.078100000000000058e-01
3.600000e+02 4.034400000000000208e-01
3.744000e+02 3.988099999999999978e-01
3.888000e+02 3.944099999999999828e-01
4.032000e+02 3.898900000000000143e-01
4.176000e+02 3.852400000000000269e-01
4.320000e+02 3.807400000000000229e-01
4.464000e+02 3.760100000000000109e-01
4.608000e+02 3.711800000000000099e-01
4.752000e+02 3.668899999999999939e-01
4.896000e+02 3.623600000000000154e-01
5.040000e+02 3.581500000000000239e-01
5.184000e+02 3.538799999999999724e-01
5.328000e+02 3.499800000000000133e-01
5.472000e+02 3.461199999999999832e-01
5.616000e+02 3.425699999999999856e-01
5.760000e+02 3.389400000000000190e-01
5.904000e+02 3.365699999999999803e-01
6.048000e+02 3.345299999999999940e-01
6.192000e+02 3.331799999999999762e-01
6.336000e+02 3.312999999999999834e-01
6.480000e+02 3.308900000000000174e-01
6.624000e+02 3.297800000000000176e-01
6.768000e+02 3.294099999999999806e-01
6.912000e+02 3.295699999999999741e-01
7.056000e+02 3.293200000000000016e-01
7.200000e+02 3.294099999999999806e-01
