0.000000000000000000e+00 1.000000000000000000e+00
0.000000000000000000e+00 9.435499999999999998e-01
0.000000000000000000e+00 9.372300000000000075e-01
0.000000000000000000e+00 9.065100000000000380e-01
0.000000000000000000e+00 8.744300000000000406e-01
0.000000000000000000e+00 8.429900000000000171e-01
0.000000000000000000e+00 8.105299999999999727e-01
0.000000000000000000e+00 7.775100000000000344e-01
0.000000000000000000e+00 7.444699999999999651e-01
0.000000000000000000e+00 7.101699999999999680e-01
0.000000000000000000e+00 6.765099999999999447e-01
0.000000000000000000e+00 6.413999999999999702e-01
0.000000000000000000e+00 6.070400000000000240e-01
0.000000000000000000e+00 5.711600000000000010e-01
0.000000000000000000e+00 5.517600000000000282e-01
0.000000000000000000e+00 5.154400000000000093e-01
0.000000000000000000e+00 4.952900000000000080e-01
0.000000000000000000e+00 4.747199999999999753e-01
0.000000000000000000e+00 4.542100000000000026e-01
0.000000000000000000e+00 4.329200000000000270e-01
0.000000000000000000e+00 4.289100000000000135e-01
0.000000000000000000e+00 4.249999999999999889e-01
0.000000000000000000e+00 4.203999999999999959e-01
0.000000000000000000e+00 4.166799999999999948e-01
0.000000000000000000e+00 4.122100000000000208e-01
0.000000000000000000e+00 4.081500000000000128e-01
0.000000000000000000e+00 4.036399999999999988e-01
0.000000000000000000e+00 3.995500000000000163e-01
0.000000000000000000e+00 3.952800000000000202e-01
0.000000000000000000e+00 3.908499999999999752e-01
0.000000000000000000e+00 3.864699999999999802e-01
0.000000000000000000e+00 3.824699999999999767e-01
0.000000000000000000e+00 3.777200000000000002e-01
0.000000000000000000e+00 3.741999999999999771e-01
0.000000000000000000e+00 3.703199999999999825e-01
0.000000000000000000e+00 3.666900000000000159e-01
0.000000000000000000e+00 3.631699999999999928e-01
0.000000000000000000e+00 3.598000000000000087e-01
0.000000000000000000e+00 3.568700000000000205e-01
0.000000000000000000e+00 3.537899999999999934e-01
0.000000000000000000e+00 3.508100000000000107e-01
0.000000000000000000e+00 3.497899999999999898e-01
0.000000000000000000e+00 3.485400000000000165e-01
0.000000000000000000e+00 3.482700000000000240e-01
0.000000000000000000e+00 3.464900000000000202e-01
0.000000000000000000e+00 3.470500000000000251e-01
0.000000000000000000e+00 3.463999999999999857e-01
0.000000000000000000e+00 3.464300000000000157e-01
0.000000000000000000e+00 3.474400000000000266e-01
0.000000000000000000e+00 3.479300000000000170e-01
0.000000000000000000e+00 3.490199999999999969e-01
