0.000000e+00 1.000000000000000000e+00
1.440000e+01 9.642800000000000260e-01
2.880000e+01 9.613599999999999923e-01
4.320000e+01 9.423500000000000210e-01
5.760000e+01 9.229899999999999771e-01
7.200000e+01 9.032299999999999773e-01
8.640000e+01 8.831599999999999451e-01
1.008000e+02 8.627500000000000169e-01
1.152000e+02 8.421300000000000452e-01
1.296000e+02 8.212500000000000355e-01
1.440000e+02 7.998600000000000154e-01
1.584000e+02 7.786399999999999988e-01
1.728000e+02 7.570799999999999752e-01
1.872000e+02 7.351699999999999902e-01
2.016000e+02 7.228499999999999925e-01
2.160000e+02 7.002599999999999936e-01
2.304000e+02 6.874299999999999855e-01
2.448000e+02 6.743999999999999995e-01
2.592000e+02 6.613499999999999934e-01
2.736000e+02 6.477600000000000025e-01
2.880000e+02 6.450399999999999467e-01
3.024000e+02 6.420099999999999696e-01
3.168000e+02 6.391400000000000414e-01
3.312000e+02 6.360000000000000098e-01
3.456000e+02 6.329500000000000126e-01
3.600000e+02 6.297899999999999610e-01
3.744000e+02 6.266300000000000203e-01
3.888000e+02 6.236199999999999521e-01
4.032000e+02 6.204199999999999715e-01
4.176000e+02 6.172900000000000054e-01
4.320000e+02 6.141900000000000137e-01
4.464000e+02 6.106599999999999806e-01
4.608000e+02 6.075700000000000545e-01
4.752000e+02 6.043300000000000338e-01
4.896000e+02 6.010900000000000132e-01
5.040000e+02 5.982399999999999940e-01
5.184000e+02 5.951199999999999823e-01
5.328000e+02 5.922699999999999632e-01
5.472000e+02 5.893599999999999950e-01
5.616000e+02 5.868700000000000028e-01
5.760000e+02 5.841800000000000326e-01
5.904000e+02 5.820800000000000418e-01
6.048000e+02 5.804000000000000270e-01
6.192000e+02 5.788400000000000212e-01
6.336000e+02 5.775099999999999678e-01
6.480000e+02 5.765500000000000069e-01
6.624000e+02 5.756000000000000005e-01
6.768000e+02 5.747100000000000541e-01
6.912000e+02 5.742899999999999672e-01
7.056000e+02 5.735599999999999588e-01
7.200000e+02 5.729699999999999793e-01
