0.000000e+00 1.000000000000000000e+00
1.440000e+01 9.435499999999999998e-01
2.880000e+01 9.372300000000000075e-01
4.320000e+01 9.065100000000000380e-01
5.760000e+01 8.744300000000000406e-01
7.200000e+01 8.429900000000000171e-01
8.640000e+01 8.105299999999999727e-01
1.008000e+02 7.775100000000000344e-01
1.152000e+02 7.444699999999999651e-01
1.296000e+02 7.101699999999999680e-01
1.440000e+02 6.765099999999999447e-01
1.584000e+02 6.413999999999999702e-01
1.728000e+02 6.070400000000000240e-01
1.872000e+02 5.711600000000000010e-01
2.016000e+02 5.517600000000000282e-01
2.160000e+02 5.154400000000000093e-01
2.304000e+02 4.952900000000000080e-01
2.448000e+02 4.747199999999999753e-01
2.592000e+02 4.542100000000000026e-01
2.736000e+02 4.329200000000000270e-01
2.880000e+02 4.289100000000000135e-01
3.024000e+02 4.249999999999999889e-01
3.168000e+02 4.203999999999999959e-01
3.312000e+02 4.166799999999999948e-01
3.456000e+02 4.122100000000000208e-01
3.600000e+02 4.081500000000000128e-01
3.744000e+02 4.036399999999999988e-01
3.888000e+02 3.995500000000000163e-01
4.032000e+02 3.952800000000000202e-01
4.176000e+02 3.908499999999999752e-01
4.320000e+02 3.864699999999999802e-01
4.464000e+02 3.824699999999999767e-01
4.608000e+02 3.777200000000000002e-01
4.752000e+02 3.741999999999999771e-01
4.896000e+02 3.703199999999999825e-01
5.040000e+02 3.666900000000000159e-01
5.184000e+02 3.631699999999999928e-01
5.328000e+02 3.598000000000000087e-01
5.472000e+02 3.568700000000000205e-01
5.616000e+02 3.537899999999999934e-01
5.760000e+02 3.508100000000000107e-01
5.904000e+02 3.497899999999999898e-01
6.048000e+02 3.485400000000000165e-01
6.192000e+02 3.482700000000000240e-01
6.336000e+02 3.464900000000000202e-01
6.480000e+02 3.470500000000000251e-01
6.624000e+02 3.463999999999999857e-01
6.768000e+02 3.464300000000000157e-01
6.912000e+02 3.474400000000000266e-01
7.056000e+02 3.479300000000000170e-01
7.200000e+02 3.490199999999999969e-01
