0.000000000000000000e+00 0.000000000000000000e+00
8.787300000000000111e-01 1.100996399999999937e+02
1.757460000000000022e+00 6.931010999999999456e+01
2.636179999999999968e+00 1.221540000000000070e+01
3.514909999999999979e+00 6.366179999999999950e+00
4.393640000000000434e+00 2.265470000000000095e+00
5.272369999999999557e+00 1.336999999999999966e+00
6.151089999999999947e+00 1.215039999999999898e+00
7.029819999999999958e+00 1.397149999999999892e+00
7.908549999999999969e+00 1.524420000000000108e+00
8.787280000000000868e+00 2.073049999999999837e+00
9.666009999999999991e+00 2.507280000000000175e+00
1.054472999999999949e+01 3.160179999999999989e+00
1.142346000000000039e+01 5.041830000000000034e+00
1.230218999999999951e+01 8.355719999999999814e+00
1.318092000000000041e+01 1.170778999999999925e+01
1.405964999999999954e+01 1.837256999999999962e+01
1.493837000000000081e+01 1.659624000000000166e+01
1.581709999999999994e+01 1.310896999999999935e+01
1.669583000000000084e+01 5.671330000000000204e+00
1.757456000000000174e+01 6.256269999999999776e+00
1.845327999999999946e+01 4.398609999999999687e+00
1.933201000000000036e+01 4.738249999999999851e+00
2.021074000000000126e+01 4.640119999999999578e+00
2.108946999999999861e+01 6.619880000000000209e+00
2.196819999999999951e+01 4.379240000000000244e+00
2.284692000000000078e+01 4.551610000000000156e+00
2.372565000000000168e+01 4.551339999999999719e+00
2.460437999999999903e+01 5.747250000000000192e+00
2.548310999999999993e+01 3.381190000000000140e+00
2.636184000000000083e+01 4.233159999999999812e+00
2.724055999999999855e+01 2.585490000000000066e+00
2.811928999999999945e+01 2.862400000000000055e+00
2.899802000000000035e+01 3.454629999999999868e+00
2.987675000000000125e+01 2.976480000000000015e+00
3.075546999999999898e+01 3.078409999999999869e+00
3.163419999999999987e+01 3.327329999999999899e+00
3.251292999999999722e+01 2.864430000000000032e+00
3.339166000000000167e+01 2.379000000000000004e+00
3.427038999999999902e+01 2.204590000000000050e+00
3.514911000000000030e+01 1.994860000000000078e+00
3.602783999999999764e+01 1.701179999999999914e+00
3.690657000000000210e+01 1.827800000000000091e+00
3.778529999999999944e+01 1.509910000000000085e+00
3.866402999999999679e+01 1.395259999999999945e+00
3.954274999999999807e+01 1.517770000000000064e+00
4.042148000000000252e+01 1.525730000000000031e+00
4.130020999999999987e+01 1.464409999999999989e+00
4.217893999999999721e+01 1.426709999999999923e+00
4.305765999999999849e+01 1.432069999999999954e+00
4.393639000000000294e+01 1.372479999999999922e+00
4.481512000000000029e+01 1.225400000000000045e+00
4.569384999999999764e+01 1.137799999999999923e+00
4.657258000000000209e+01 1.099029999999999951e+00
4.745130000000000337e+01 1.066470000000000029e+00
4.833003000000000071e+01 1.019930000000000003e+00
4.920875999999999806e+01 9.552699999999999525e-01
5.008749000000000251e+01 8.626000000000000334e-01
5.096620999999999668e+01 8.590999999999999748e-01
5.184494000000000113e+01 8.129399999999999959e-01
5.272366999999999848e+01 8.005900000000000238e-01
5.360240000000000293e+01 7.866800000000000459e-01
5.448113000000000028e+01 7.784600000000000408e-01
5.535985000000000156e+01 7.707800000000000207e-01
5.623857999999999890e+01 7.459400000000000475e-01
5.711731000000000336e+01 7.476899999999999658e-01
5.799604000000000070e+01 6.882000000000000339e-01
5.887476999999999805e+01 6.651000000000000245e-01
