0.000000000000000000e+00 0.000000000000000000e+00
8.787300000000000111e-01 1.121776700000000062e+02
1.757460000000000022e+00 7.134332000000000562e+01
2.636179999999999968e+00 1.345163999999999938e+01
3.514909999999999979e+00 7.277899999999999814e+00
4.393640000000000434e+00 2.686269999999999936e+00
5.272369999999999557e+00 2.173020000000000174e+00
6.151089999999999947e+00 1.679410000000000069e+00
7.029819999999999958e+00 2.116470000000000073e+00
7.908549999999999969e+00 1.957589999999999941e+00
8.787280000000000868e+00 2.019010000000000193e+00
9.666009999999999991e+00 8.175209999999999866e+00
1.054472999999999949e+01 1.358493999999999957e+01
1.142346000000000039e+01 1.801050000000000040e+01
1.230218999999999951e+01 1.790223999999999904e+01
1.318092000000000041e+01 8.042220000000000368e+00
1.405964999999999954e+01 1.813596000000000075e+01
1.493837000000000081e+01 1.590723000000000020e+01
1.581709999999999994e+01 1.295387999999999984e+01
1.669583000000000084e+01 4.158890000000000420e+00
1.757456000000000174e+01 3.093459999999999877e+00
1.845327999999999946e+01 2.368259999999999810e+00
1.933201000000000036e+01 2.965559999999999974e+00
2.021074000000000126e+01 5.194700000000000095e+00
2.108946999999999861e+01 7.573540000000000383e+00
2.196819999999999951e+01 6.727710000000000079e+00
2.284692000000000078e+01 6.039670000000000094e+00
2.372565000000000168e+01 5.806689999999999685e+00
2.460437999999999903e+01 6.123249999999999638e+00
2.548310999999999993e+01 4.521209999999999951e+00
2.636184000000000083e+01 6.602859999999999729e+00
2.724055999999999855e+01 3.387610000000000010e+00
2.811928999999999945e+01 2.760299999999999976e+00
2.899802000000000035e+01 2.951900000000000190e+00
2.987675000000000125e+01 2.410699999999999843e+00
3.075546999999999898e+01 2.536999999999999922e+00
3.163419999999999987e+01 3.101649999999999796e+00
3.251292999999999722e+01 2.582910000000000039e+00
3.339166000000000167e+01 2.385709999999999997e+00
3.427038999999999902e+01 2.190570000000000128e+00
3.514911000000000030e+01 2.183930000000000149e+00
3.602783999999999764e+01 1.855609999999999982e+00
3.690657000000000210e+01 2.050149999999999917e+00
3.778529999999999944e+01 1.689910000000000023e+00
3.866402999999999679e+01 1.596200000000000063e+00
3.954274999999999807e+01 1.746450000000000058e+00
4.042148000000000252e+01 1.870870000000000033e+00
4.130020999999999987e+01 1.491980000000000084e+00
4.217893999999999721e+01 1.356849999999999890e+00
4.305765999999999849e+01 1.306650000000000089e+00
4.393639000000000294e+01 1.157629999999999937e+00
4.481512000000000029e+01 1.027209999999999956e+00
4.569384999999999764e+01 1.068869999999999987e+00
4.657258000000000209e+01 1.127729999999999899e+00
4.745130000000000337e+01 1.066990000000000105e+00
4.833003000000000071e+01 1.083190000000000097e+00
4.920875999999999806e+01 1.055539999999999923e+00
5.008749000000000251e+01 9.562399999999999789e-01
5.096620999999999668e+01 9.413099999999999801e-01
5.184494000000000113e+01 8.686500000000000332e-01
5.272366999999999848e+01 8.274599999999999733e-01
5.360240000000000293e+01 8.329199999999999937e-01
5.448113000000000028e+01 7.839399999999999702e-01
5.535985000000000156e+01 7.501299999999999635e-01
5.623857999999999890e+01 7.222300000000000386e-01
5.711731000000000336e+01 7.040199999999999791e-01
5.799604000000000070e+01 6.268299999999999983e-01
5.887476999999999805e+01 6.163199999999999790e-01
