0.000000000000000000e+00 0.000000000000000000e+00
8.787300000000000111e-01 1.097546499999999980e+02
1.757460000000000022e+00 6.826296000000000674e+01
2.636179999999999968e+00 1.129503000000000057e+01
3.514909999999999979e+00 6.134129999999999860e+00
4.393640000000000434e+00 2.094949999999999868e+00
5.272369999999999557e+00 1.307460000000000067e+00
6.151089999999999947e+00 1.129010000000000069e+00
7.029819999999999958e+00 1.503449999999999953e+00
7.908549999999999969e+00 1.726809999999999956e+00
8.787280000000000868e+00 2.540630000000000166e+00
9.666009999999999991e+00 3.601379999999999804e+00
1.054472999999999949e+01 3.419360000000000177e+00
1.142346000000000039e+01 4.737119999999999997e+00
1.230218999999999951e+01 8.212849999999999540e+00
1.318092000000000041e+01 1.147329000000000043e+01
1.405964999999999954e+01 1.779085999999999856e+01
1.493837000000000081e+01 1.534603000000000073e+01
1.581709999999999994e+01 1.256781999999999933e+01
1.669583000000000084e+01 6.081979999999999720e+00
1.757456000000000174e+01 5.832320000000000171e+00
1.845327999999999946e+01 4.488120000000000331e+00
1.933201000000000036e+01 4.926779999999999937e+00
2.021074000000000126e+01 5.195820000000000327e+00
2.108946999999999861e+01 7.169489999999999696e+00
2.196819999999999951e+01 4.554000000000000270e+00
2.284692000000000078e+01 4.675950000000000273e+00
2.372565000000000168e+01 4.862049999999999983e+00
2.460437999999999903e+01 5.566250000000000142e+00
2.548310999999999993e+01 3.338659999999999961e+00
2.636184000000000083e+01 4.054669999999999774e+00
2.724055999999999855e+01 2.807279999999999998e+00
2.811928999999999945e+01 2.896230000000000082e+00
2.899802000000000035e+01 3.091479999999999784e+00
2.987675000000000125e+01 2.789489999999999803e+00
3.075546999999999898e+01 2.876339999999999897e+00
3.163419999999999987e+01 3.187920000000000087e+00
3.251292999999999722e+01 2.795220000000000038e+00
3.339166000000000167e+01 2.490959999999999841e+00
3.427038999999999902e+01 2.191850000000000076e+00
3.514911000000000030e+01 1.987239999999999895e+00
3.602783999999999764e+01 1.814089999999999980e+00
3.690657000000000210e+01 1.862430000000000030e+00
3.778529999999999944e+01 1.585700000000000109e+00
3.866402999999999679e+01 1.540780000000000038e+00
3.954274999999999807e+01 1.588419999999999943e+00
4.042148000000000252e+01 1.565110000000000001e+00
4.130020999999999987e+01 1.422099999999999920e+00
4.217893999999999721e+01 1.327790000000000026e+00
4.305765999999999849e+01 1.373529999999999918e+00
4.393639000000000294e+01 1.324780000000000069e+00
4.481512000000000029e+01 1.177659999999999929e+00
4.569384999999999764e+01 1.109199999999999964e+00
4.657258000000000209e+01 1.064500000000000002e+00
4.745130000000000337e+01 1.048240000000000061e+00
4.833003000000000071e+01 1.041849999999999943e+00
4.920875999999999806e+01 9.907700000000000395e-01
5.008749000000000251e+01 8.980099999999999749e-01
5.096620999999999668e+01 8.668799999999999839e-01
5.184494000000000113e+01 8.395700000000000385e-01
5.272366999999999848e+01 8.181800000000000184e-01
5.360240000000000293e+01 7.941599999999999770e-01
5.448113000000000028e+01 7.733400000000000274e-01
5.535985000000000156e+01 7.834100000000000508e-01
5.623857999999999890e+01 7.337900000000000533e-01
5.711731000000000336e+01 7.099800000000000555e-01
5.799604000000000070e+01 6.633999999999999897e-01
5.887476999999999805e+01 6.505499999999999616e-01
