
 Bonds

1 1 1 4
2 1 4 7
3 1 7 10
4 1 10 13
5 1 13 16
6 1 16 19
7 1 19 22
8 1 22 25
9 1 25 28
10 1 28 31
11 1 31 34
12 1 34 37
13 1 37 40
14 1 40 43
15 1 43 46
16 1 46 49
17 1 49 52
18 1 52 55
19 1 55 58
20 2 1 2
21 2 4 5
22 2 7 8
23 2 10 11
24 2 13 14
25 2 16 17
26 2 19 20
27 2 22 23
28 2 25 26
29 2 28 29
30 2 31 32
31 2 34 35
32 2 37 38
33 2 40 41
34 2 43 44
35 2 46 47
36 2 49 50
37 2 52 53
38 2 55 56
39 2 58 59
40 3 1 3
41 3 4 6
42 3 7 9
43 3 10 12
44 3 13 15
45 3 16 18
46 3 19 21
47 3 22 24
48 3 25 27
49 3 28 30
50 3 31 33
51 3 34 36
52 3 37 39
53 3 40 42
54 3 43 45
55 3 46 48
56 3 49 51
57 3 52 54
58 3 55 57
59 3 58 60
60 1 61 64
61 1 64 67
62 1 67 70
63 1 70 73
64 1 73 76
65 1 76 79
66 1 79 82
67 1 82 85
68 1 85 88
69 1 88 91
70 1 91 94
71 1 94 97
72 1 97 100
73 1 100 103
74 1 103 106
75 1 106 109
76 1 109 112
77 1 112 115
78 1 115 118
79 2 61 62
80 2 64 65
81 2 67 68
82 2 70 71
83 2 73 74
84 2 76 77
85 2 79 80
86 2 82 83
87 2 85 86
88 2 88 89
89 2 91 92
90 2 94 95
91 2 97 98
92 2 100 101
93 2 103 104
94 2 106 107
95 2 109 110
96 2 112 113
97 2 115 116
98 2 118 119
99 3 61 63
100 3 64 66
101 3 67 69
102 3 70 72
103 3 73 75
104 3 76 78
105 3 79 81
106 3 82 84
107 3 85 87
108 3 88 90
109 3 91 93
110 3 94 96
111 3 97 99
112 3 100 102
113 3 103 105
114 3 106 108
115 3 109 111
116 3 112 114
117 3 115 117
118 3 118 120
119 1 121 124
120 1 124 127
121 1 127 130
122 1 130 133
123 1 133 136
124 1 136 139
125 1 139 142
126 1 142 145
127 1 145 148
128 1 148 151
129 1 151 154
130 1 154 157
131 1 157 160
132 1 160 163
133 1 163 166
134 1 166 169
135 1 169 172
136 1 172 175
137 1 175 178
138 2 121 122
139 2 124 125
140 2 127 128
141 2 130 131
142 2 133 134
143 2 136 137
144 2 139 140
145 2 142 143
146 2 145 146
147 2 148 149
148 2 151 152
149 2 154 155
150 2 157 158
151 2 160 161
152 2 163 164
153 2 166 167
154 2 169 170
155 2 172 173
156 2 175 176
157 2 178 179
158 3 121 123
159 3 124 126
160 3 127 129
161 3 130 132
162 3 133 135
163 3 136 138
164 3 139 141
165 3 142 144
166 3 145 147
167 3 148 150
168 3 151 153
169 3 154 156
170 3 157 159
171 3 160 162
172 3 163 165
173 3 166 168
174 3 169 171
175 3 172 174
176 3 175 177
177 3 178 180
178 1 181 184
179 1 184 187
180 1 187 190
181 1 190 193
182 1 193 196
183 1 196 199
184 1 199 202
185 1 202 205
186 1 205 208
187 1 208 211
188 1 211 214
189 1 214 217
190 1 217 220
191 1 220 223
192 1 223 226
193 1 226 229
194 1 229 232
195 1 232 235
196 1 235 238
197 2 181 182
198 2 184 185
199 2 187 188
200 2 190 191
201 2 193 194
202 2 196 197
203 2 199 200
204 2 202 203
205 2 205 206
206 2 208 209
207 2 211 212
208 2 214 215
209 2 217 218
210 2 220 221
211 2 223 224
212 2 226 227
213 2 229 230
214 2 232 233
215 2 235 236
216 2 238 239
217 3 181 183
218 3 184 186
219 3 187 189
220 3 190 192
221 3 193 195
222 3 196 198
223 3 199 201
224 3 202 204
225 3 205 207
226 3 208 210
227 3 211 213
228 3 214 216
229 3 217 219
230 3 220 222
231 3 223 225
232 3 226 228
233 3 229 231
234 3 232 234
235 3 235 237
236 3 238 240
237 1 241 244
238 1 244 247
239 1 247 250
240 1 250 253
241 1 253 256
242 1 256 259
243 1 259 262
244 1 262 265
245 1 265 268
246 1 268 271
247 1 271 274
248 1 274 277
249 1 277 280
250 1 280 283
251 1 283 286
252 1 286 289
253 1 289 292
254 1 292 295
255 1 295 298
256 2 241 242
257 2 244 245
258 2 247 248
259 2 250 251
260 2 253 254
261 2 256 257
262 2 259 260
263 2 262 263
264 2 265 266
265 2 268 269
266 2 271 272
267 2 274 275
268 2 277 278
269 2 280 281
270 2 283 284
271 2 286 287
272 2 289 290
273 2 292 293
274 2 295 296
275 2 298 299
276 3 241 243
277 3 244 246
278 3 247 249
279 3 250 252
280 3 253 255
281 3 256 258
282 3 259 261
283 3 262 264
284 3 265 267
285 3 268 270
286 3 271 273
287 3 274 276
288 3 277 279
289 3 280 282
290 3 283 285
291 3 286 288
292 3 289 291
293 3 292 294
294 3 295 297
295 3 298 300
296 1 301 304
297 1 304 307
298 1 307 310
299 1 310 313
300 1 313 316
301 1 316 319
302 1 319 322
303 1 322 325
304 1 325 328
305 1 328 331
306 1 331 334
307 1 334 337
308 1 337 340
309 1 340 343
310 1 343 346
311 1 346 349
312 1 349 352
313 1 352 355
314 1 355 358
315 2 301 302
316 2 304 305
317 2 307 308
318 2 310 311
319 2 313 314
320 2 316 317
321 2 319 320
322 2 322 323
323 2 325 326
324 2 328 329
325 2 331 332
326 2 334 335
327 2 337 338
328 2 340 341
329 2 343 344
330 2 346 347
331 2 349 350
332 2 352 353
333 2 355 356
334 2 358 359
335 3 301 303
336 3 304 306
337 3 307 309
338 3 310 312
339 3 313 315
340 3 316 318
341 3 319 321
342 3 322 324
343 3 325 327
344 3 328 330
345 3 331 333
346 3 334 336
347 3 337 339
348 3 340 342
349 3 343 345
350 3 346 348
351 3 349 351
352 3 352 354
353 3 355 357
354 3 358 360
355 1 361 364
356 1 364 367
357 1 367 370
358 1 370 373
359 1 373 376
360 1 376 379
361 1 379 382
362 1 382 385
363 1 385 388
364 1 388 391
365 1 391 394
366 1 394 397
367 1 397 400
368 1 400 403
369 1 403 406
370 1 406 409
371 1 409 412
372 1 412 415
373 1 415 418
374 2 361 362
375 2 364 365
376 2 367 368
377 2 370 371
378 2 373 374
379 2 376 377
380 2 379 380
381 2 382 383
382 2 385 386
383 2 388 389
384 2 391 392
385 2 394 395
386 2 397 398
387 2 400 401
388 2 403 404
389 2 406 407
390 2 409 410
391 2 412 413
392 2 415 416
393 2 418 419
394 3 361 363
395 3 364 366
396 3 367 369
397 3 370 372
398 3 373 375
399 3 376 378
400 3 379 381
401 3 382 384
402 3 385 387
403 3 388 390
404 3 391 393
405 3 394 396
406 3 397 399
407 3 400 402
408 3 403 405
409 3 406 408
410 3 409 411
411 3 412 414
412 3 415 417
413 3 418 420
414 1 421 424
415 1 424 427
416 1 427 430
417 1 430 433
418 1 433 436
419 1 436 439
420 1 439 442
421 1 442 445
422 1 445 448
423 1 448 451
424 1 451 454
425 1 454 457
426 1 457 460
427 1 460 463
428 1 463 466
429 1 466 469
430 1 469 472
431 1 472 475
432 1 475 478
433 2 421 422
434 2 424 425
435 2 427 428
436 2 430 431
437 2 433 434
438 2 436 437
439 2 439 440
440 2 442 443
441 2 445 446
442 2 448 449
443 2 451 452
444 2 454 455
445 2 457 458
446 2 460 461
447 2 463 464
448 2 466 467
449 2 469 470
450 2 472 473
451 2 475 476
452 2 478 479
453 3 421 423
454 3 424 426
455 3 427 429
456 3 430 432
457 3 433 435
458 3 436 438
459 3 439 441
460 3 442 444
461 3 445 447
462 3 448 450
463 3 451 453
464 3 454 456
465 3 457 459
466 3 460 462
467 3 463 465
468 3 466 468
469 3 469 471
470 3 472 474
471 3 475 477
472 3 478 480
473 1 481 484
474 1 484 487
475 1 487 490
476 1 490 493
477 1 493 496
478 1 496 499
479 1 499 502
480 1 502 505
481 1 505 508
482 1 508 511
483 1 511 514
484 1 514 517
485 1 517 520
486 1 520 523
487 1 523 526
488 1 526 529
489 1 529 532
490 1 532 535
491 1 535 538
492 2 481 482
493 2 484 485
494 2 487 488
495 2 490 491
496 2 493 494
497 2 496 497
498 2 499 500
499 2 502 503
500 2 505 506
501 2 508 509
502 2 511 512
503 2 514 515
504 2 517 518
505 2 520 521
506 2 523 524
507 2 526 527
508 2 529 530
509 2 532 533
510 2 535 536
511 2 538 539
512 3 481 483
513 3 484 486
514 3 487 489
515 3 490 492
516 3 493 495
517 3 496 498
518 3 499 501
519 3 502 504
520 3 505 507
521 3 508 510
522 3 511 513
523 3 514 516
524 3 517 519
525 3 520 522
526 3 523 525
527 3 526 528
528 3 529 531
529 3 532 534
530 3 535 537
531 3 538 540
532 1 541 544
533 1 544 547
534 1 547 550
535 1 550 553
536 1 553 556
537 1 556 559
538 1 559 562
539 1 562 565
540 1 565 568
541 1 568 571
542 1 571 574
543 1 574 577
544 1 577 580
545 1 580 583
546 1 583 586
547 1 586 589
548 1 589 592
549 1 592 595
550 1 595 598
551 2 541 542
552 2 544 545
553 2 547 548
554 2 550 551
555 2 553 554
556 2 556 557
557 2 559 560
558 2 562 563
559 2 565 566
560 2 568 569
561 2 571 572
562 2 574 575
563 2 577 578
564 2 580 581
565 2 583 584
566 2 586 587
567 2 589 590
568 2 592 593
569 2 595 596
570 2 598 599
571 3 541 543
572 3 544 546
573 3 547 549
574 3 550 552
575 3 553 555
576 3 556 558
577 3 559 561
578 3 562 564
579 3 565 567
580 3 568 570
581 3 571 573
582 3 574 576
583 3 577 579
584 3 580 582
585 3 583 585
586 3 586 588
587 3 589 591
588 3 592 594
589 3 595 597
590 3 598 600
591 1 601 604
592 1 604 607
593 1 607 610
594 1 610 613
595 1 613 616
596 1 616 619
597 1 619 622
598 1 622 625
599 1 625 628
600 1 628 631
601 1 631 634
602 1 634 637
603 1 637 640
604 1 640 643
605 1 643 646
606 1 646 649
607 1 649 652
608 1 652 655
609 1 655 658
610 2 601 602
611 2 604 605
612 2 607 608
613 2 610 611
614 2 613 614
615 2 616 617
616 2 619 620
617 2 622 623
618 2 625 626
619 2 628 629
620 2 631 632
621 2 634 635
622 2 637 638
623 2 640 641
624 2 643 644
625 2 646 647
626 2 649 650
627 2 652 653
628 2 655 656
629 2 658 659
630 3 601 603
631 3 604 606
632 3 607 609
633 3 610 612
634 3 613 615
635 3 616 618
636 3 619 621
637 3 622 624
638 3 625 627
639 3 628 630
640 3 631 633
641 3 634 636
642 3 637 639
643 3 640 642
644 3 643 645
645 3 646 648
646 3 649 651
647 3 652 654
648 3 655 657
649 3 658 660
650 1 661 664
651 1 664 667
652 1 667 670
653 1 670 673
654 1 673 676
655 1 676 679
656 1 679 682
657 1 682 685
658 1 685 688
659 1 688 691
660 1 691 694
661 1 694 697
662 1 697 700
663 1 700 703
664 1 703 706
665 1 706 709
666 1 709 712
667 1 712 715
668 1 715 718
669 2 661 662
670 2 664 665
671 2 667 668
672 2 670 671
673 2 673 674
674 2 676 677
675 2 679 680
676 2 682 683
677 2 685 686
678 2 688 689
679 2 691 692
680 2 694 695
681 2 697 698
682 2 700 701
683 2 703 704
684 2 706 707
685 2 709 710
686 2 712 713
687 2 715 716
688 2 718 719
689 3 661 663
690 3 664 666
691 3 667 669
692 3 670 672
693 3 673 675
694 3 676 678
695 3 679 681
696 3 682 684
697 3 685 687
698 3 688 690
699 3 691 693
700 3 694 696
701 3 697 699
702 3 700 702
703 3 703 705
704 3 706 708
705 3 709 711
706 3 712 714
707 3 715 717
708 3 718 720
709 1 721 724
710 1 724 727
711 1 727 730
712 1 730 733
713 1 733 736
714 1 736 739
715 1 739 742
716 1 742 745
717 1 745 748
718 1 748 751
719 1 751 754
720 1 754 757
721 1 757 760
722 1 760 763
723 1 763 766
724 1 766 769
725 1 769 772
726 1 772 775
727 1 775 778
728 2 721 722
729 2 724 725
730 2 727 728
731 2 730 731
732 2 733 734
733 2 736 737
734 2 739 740
735 2 742 743
736 2 745 746
737 2 748 749
738 2 751 752
739 2 754 755
740 2 757 758
741 2 760 761
742 2 763 764
743 2 766 767
744 2 769 770
745 2 772 773
746 2 775 776
747 2 778 779
748 3 721 723
749 3 724 726
750 3 727 729
751 3 730 732
752 3 733 735
753 3 736 738
754 3 739 741
755 3 742 744
756 3 745 747
757 3 748 750
758 3 751 753
759 3 754 756
760 3 757 759
761 3 760 762
762 3 763 765
763 3 766 768
764 3 769 771
765 3 772 774
766 3 775 777
767 3 778 780
768 1 781 784
769 1 784 787
770 1 787 790
771 1 790 793
772 1 793 796
773 1 796 799
774 1 799 802
775 1 802 805
776 1 805 808
777 1 808 811
778 1 811 814
779 1 814 817
780 1 817 820
781 1 820 823
782 1 823 826
783 1 826 829
784 1 829 832
785 1 832 835
786 1 835 838
787 2 781 782
788 2 784 785
789 2 787 788
790 2 790 791
791 2 793 794
792 2 796 797
793 2 799 800
794 2 802 803
795 2 805 806
796 2 808 809
797 2 811 812
798 2 814 815
799 2 817 818
800 2 820 821
801 2 823 824
802 2 826 827
803 2 829 830
804 2 832 833
805 2 835 836
806 2 838 839
807 3 781 783
808 3 784 786
809 3 787 789
810 3 790 792
811 3 793 795
812 3 796 798
813 3 799 801
814 3 802 804
815 3 805 807
816 3 808 810
817 3 811 813
818 3 814 816
819 3 817 819
820 3 820 822
821 3 823 825
822 3 826 828
823 3 829 831
824 3 832 834
825 3 835 837
826 3 838 840
827 1 841 844
828 1 844 847
829 1 847 850
830 1 850 853
831 1 853 856
832 1 856 859
833 1 859 862
834 1 862 865
835 1 865 868
836 1 868 871
837 1 871 874
838 1 874 877
839 1 877 880
840 1 880 883
841 1 883 886
842 1 886 889
843 1 889 892
844 1 892 895
845 1 895 898
846 2 841 842
847 2 844 845
848 2 847 848
849 2 850 851
850 2 853 854
851 2 856 857
852 2 859 860
853 2 862 863
854 2 865 866
855 2 868 869
856 2 871 872
857 2 874 875
858 2 877 878
859 2 880 881
860 2 883 884
861 2 886 887
862 2 889 890
863 2 892 893
864 2 895 896
865 2 898 899
866 3 841 843
867 3 844 846
868 3 847 849
869 3 850 852
870 3 853 855
871 3 856 858
872 3 859 861
873 3 862 864
874 3 865 867
875 3 868 870
876 3 871 873
877 3 874 876
878 3 877 879
879 3 880 882
880 3 883 885
881 3 886 888
882 3 889 891
883 3 892 894
884 3 895 897
885 3 898 900
886 1 901 904
887 1 904 907
888 1 907 910
889 1 910 913
890 1 913 916
891 1 916 919
892 1 919 922
893 1 922 925
894 1 925 928
895 1 928 931
896 1 931 934
897 1 934 937
898 1 937 940
899 1 940 943
900 1 943 946
901 1 946 949
902 1 949 952
903 1 952 955
904 1 955 958
905 2 901 902
906 2 904 905
907 2 907 908
908 2 910 911
909 2 913 914
910 2 916 917
911 2 919 920
912 2 922 923
913 2 925 926
914 2 928 929
915 2 931 932
916 2 934 935
917 2 937 938
918 2 940 941
919 2 943 944
920 2 946 947
921 2 949 950
922 2 952 953
923 2 955 956
924 2 958 959
925 3 901 903
926 3 904 906
927 3 907 909
928 3 910 912
929 3 913 915
930 3 916 918
931 3 919 921
932 3 922 924
933 3 925 927
934 3 928 930
935 3 931 933
936 3 934 936
937 3 937 939
938 3 940 942
939 3 943 945
940 3 946 948
941 3 949 951
942 3 952 954
943 3 955 957
944 3 958 960
945 1 961 964
946 1 964 967
947 1 967 970
948 1 970 973
949 1 973 976
950 1 976 979
951 1 979 982
952 1 982 985
953 1 985 988
954 1 988 991
955 1 991 994
956 1 994 997
957 1 997 1000
958 1 1000 1003
959 1 1003 1006
960 1 1006 1009
961 1 1009 1012
962 1 1012 1015
963 1 1015 1018
964 2 961 962
965 2 964 965
966 2 967 968
967 2 970 971
968 2 973 974
969 2 976 977
970 2 979 980
971 2 982 983
972 2 985 986
973 2 988 989
974 2 991 992
975 2 994 995
976 2 997 998
977 2 1000 1001
978 2 1003 1004
979 2 1006 1007
980 2 1009 1010
981 2 1012 1013
982 2 1015 1016
983 2 1018 1019
984 3 961 963
985 3 964 966
986 3 967 969
987 3 970 972
988 3 973 975
989 3 976 978
990 3 979 981
991 3 982 984
992 3 985 987
993 3 988 990
994 3 991 993
995 3 994 996
996 3 997 999
997 3 1000 1002
998 3 1003 1005
999 3 1006 1008
1000 3 1009 1011
1001 3 1012 1014
1002 3 1015 1017
1003 3 1018 1020
1004 1 1021 1024
1005 1 1024 1027
1006 1 1027 1030
1007 1 1030 1033
1008 1 1033 1036
1009 1 1036 1039
1010 1 1039 1042
1011 1 1042 1045
1012 1 1045 1048
1013 1 1048 1051
1014 1 1051 1054
1015 1 1054 1057
1016 1 1057 1060
1017 1 1060 1063
1018 1 1063 1066
1019 1 1066 1069
1020 1 1069 1072
1021 1 1072 1075
1022 1 1075 1078
1023 2 1021 1022
1024 2 1024 1025
1025 2 1027 1028
1026 2 1030 1031
1027 2 1033 1034
1028 2 1036 1037
1029 2 1039 1040
1030 2 1042 1043
1031 2 1045 1046
1032 2 1048 1049
1033 2 1051 1052
1034 2 1054 1055
1035 2 1057 1058
1036 2 1060 1061
1037 2 1063 1064
1038 2 1066 1067
1039 2 1069 1070
1040 2 1072 1073
1041 2 1075 1076
1042 2 1078 1079
1043 3 1021 1023
1044 3 1024 1026
1045 3 1027 1029
1046 3 1030 1032
1047 3 1033 1035
1048 3 1036 1038
1049 3 1039 1041
1050 3 1042 1044
1051 3 1045 1047
1052 3 1048 1050
1053 3 1051 1053
1054 3 1054 1056
1055 3 1057 1059
1056 3 1060 1062
1057 3 1063 1065
1058 3 1066 1068
1059 3 1069 1071
1060 3 1072 1074
1061 3 1075 1077
1062 3 1078 1080
1063 1 1081 1084
1064 1 1084 1087
1065 1 1087 1090
1066 1 1090 1093
1067 1 1093 1096
1068 1 1096 1099
1069 1 1099 1102
1070 1 1102 1105
1071 1 1105 1108
1072 1 1108 1111
1073 1 1111 1114
1074 1 1114 1117
1075 1 1117 1120
1076 1 1120 1123
1077 1 1123 1126
1078 1 1126 1129
1079 1 1129 1132
1080 1 1132 1135
1081 1 1135 1138
1082 2 1081 1082
1083 2 1084 1085
1084 2 1087 1088
1085 2 1090 1091
1086 2 1093 1094
1087 2 1096 1097
1088 2 1099 1100
1089 2 1102 1103
1090 2 1105 1106
1091 2 1108 1109
1092 2 1111 1112
1093 2 1114 1115
1094 2 1117 1118
1095 2 1120 1121
1096 2 1123 1124
1097 2 1126 1127
1098 2 1129 1130
1099 2 1132 1133
1100 2 1135 1136
1101 2 1138 1139
1102 3 1081 1083
1103 3 1084 1086
1104 3 1087 1089
1105 3 1090 1092
1106 3 1093 1095
1107 3 1096 1098
1108 3 1099 1101
1109 3 1102 1104
1110 3 1105 1107
1111 3 1108 1110
1112 3 1111 1113
1113 3 1114 1116
1114 3 1117 1119
1115 3 1120 1122
1116 3 1123 1125
1117 3 1126 1128
1118 3 1129 1131
1119 3 1132 1134
1120 3 1135 1137
1121 3 1138 1140
1122 1 1141 1144
1123 1 1144 1147
1124 1 1147 1150
1125 1 1150 1153
1126 1 1153 1156
1127 1 1156 1159
1128 1 1159 1162
1129 1 1162 1165
1130 1 1165 1168
1131 1 1168 1171
1132 1 1171 1174
1133 1 1174 1177
1134 1 1177 1180
1135 1 1180 1183
1136 1 1183 1186
1137 1 1186 1189
1138 1 1189 1192
1139 1 1192 1195
1140 1 1195 1198
1141 2 1141 1142
1142 2 1144 1145
1143 2 1147 1148
1144 2 1150 1151
1145 2 1153 1154
1146 2 1156 1157
1147 2 1159 1160
1148 2 1162 1163
1149 2 1165 1166
1150 2 1168 1169
1151 2 1171 1172
1152 2 1174 1175
1153 2 1177 1178
1154 2 1180 1181
1155 2 1183 1184
1156 2 1186 1187
1157 2 1189 1190
1158 2 1192 1193
1159 2 1195 1196
1160 2 1198 1199
1161 3 1141 1143
1162 3 1144 1146
1163 3 1147 1149
1164 3 1150 1152
1165 3 1153 1155
1166 3 1156 1158
1167 3 1159 1161
1168 3 1162 1164
1169 3 1165 1167
1170 3 1168 1170
1171 3 1171 1173
1172 3 1174 1176
1173 3 1177 1179
1174 3 1180 1182
1175 3 1183 1185
1176 3 1186 1188
1177 3 1189 1191
1178 3 1192 1194
1179 3 1195 1197
1180 3 1198 1200
1181 1 1201 1204
1182 1 1204 1207
1183 1 1207 1210
1184 1 1210 1213
1185 1 1213 1216
1186 1 1216 1219
1187 1 1219 1222
1188 1 1222 1225
1189 1 1225 1228
1190 1 1228 1231
1191 1 1231 1234
1192 1 1234 1237
1193 1 1237 1240
1194 1 1240 1243
1195 1 1243 1246
1196 1 1246 1249
1197 1 1249 1252
1198 1 1252 1255
1199 1 1255 1258
1200 2 1201 1202
1201 2 1204 1205
1202 2 1207 1208
1203 2 1210 1211
1204 2 1213 1214
1205 2 1216 1217
1206 2 1219 1220
1207 2 1222 1223
1208 2 1225 1226
1209 2 1228 1229
1210 2 1231 1232
1211 2 1234 1235
1212 2 1237 1238
1213 2 1240 1241
1214 2 1243 1244
1215 2 1246 1247
1216 2 1249 1250
1217 2 1252 1253
1218 2 1255 1256
1219 2 1258 1259
1220 3 1201 1203
1221 3 1204 1206
1222 3 1207 1209
1223 3 1210 1212
1224 3 1213 1215
1225 3 1216 1218
1226 3 1219 1221
1227 3 1222 1224
1228 3 1225 1227
1229 3 1228 1230
1230 3 1231 1233
1231 3 1234 1236
1232 3 1237 1239
1233 3 1240 1242
1234 3 1243 1245
1235 3 1246 1248
1236 3 1249 1251
1237 3 1252 1254
1238 3 1255 1257
1239 3 1258 1260
1240 1 1261 1264
1241 1 1264 1267
1242 1 1267 1270
1243 1 1270 1273
1244 1 1273 1276
1245 1 1276 1279
1246 1 1279 1282
1247 1 1282 1285
1248 1 1285 1288
1249 1 1288 1291
1250 1 1291 1294
1251 1 1294 1297
1252 1 1297 1300
1253 1 1300 1303
1254 1 1303 1306
1255 1 1306 1309
1256 1 1309 1312
1257 1 1312 1315
1258 1 1315 1318
1259 2 1261 1262
1260 2 1264 1265
1261 2 1267 1268
1262 2 1270 1271
1263 2 1273 1274
1264 2 1276 1277
1265 2 1279 1280
1266 2 1282 1283
1267 2 1285 1286
1268 2 1288 1289
1269 2 1291 1292
1270 2 1294 1295
1271 2 1297 1298
1272 2 1300 1301
1273 2 1303 1304
1274 2 1306 1307
1275 2 1309 1310
1276 2 1312 1313
1277 2 1315 1316
1278 2 1318 1319
1279 3 1261 1263
1280 3 1264 1266
1281 3 1267 1269
1282 3 1270 1272
1283 3 1273 1275
1284 3 1276 1278
1285 3 1279 1281
1286 3 1282 1284
1287 3 1285 1287
1288 3 1288 1290
1289 3 1291 1293
1290 3 1294 1296
1291 3 1297 1299
1292 3 1300 1302
1293 3 1303 1305
1294 3 1306 1308
1295 3 1309 1311
1296 3 1312 1314
1297 3 1315 1317
1298 3 1318 1320
1299 1 1321 1324
1300 1 1324 1327
1301 1 1327 1330
1302 1 1330 1333
1303 1 1333 1336
1304 1 1336 1339
1305 1 1339 1342
1306 1 1342 1345
1307 1 1345 1348
1308 1 1348 1351
1309 1 1351 1354
1310 1 1354 1357
1311 1 1357 1360
1312 1 1360 1363
1313 1 1363 1366
1314 1 1366 1369
1315 1 1369 1372
1316 1 1372 1375
1317 1 1375 1378
1318 2 1321 1322
1319 2 1324 1325
1320 2 1327 1328
1321 2 1330 1331
1322 2 1333 1334
1323 2 1336 1337
1324 2 1339 1340
1325 2 1342 1343
1326 2 1345 1346
1327 2 1348 1349
1328 2 1351 1352
1329 2 1354 1355
1330 2 1357 1358
1331 2 1360 1361
1332 2 1363 1364
1333 2 1366 1367
1334 2 1369 1370
1335 2 1372 1373
1336 2 1375 1376
1337 2 1378 1379
1338 3 1321 1323
1339 3 1324 1326
1340 3 1327 1329
1341 3 1330 1332
1342 3 1333 1335
1343 3 1336 1338
1344 3 1339 1341
1345 3 1342 1344
1346 3 1345 1347
1347 3 1348 1350
1348 3 1351 1353
1349 3 1354 1356
1350 3 1357 1359
1351 3 1360 1362
1352 3 1363 1365
1353 3 1366 1368
1354 3 1369 1371
1355 3 1372 1374
1356 3 1375 1377
1357 3 1378 1380
1358 1 1381 1384
1359 1 1384 1387
1360 1 1387 1390
1361 1 1390 1393
1362 1 1393 1396
1363 1 1396 1399
1364 1 1399 1402
1365 1 1402 1405
1366 1 1405 1408
1367 1 1408 1411
1368 1 1411 1414
1369 1 1414 1417
1370 1 1417 1420
1371 1 1420 1423
1372 1 1423 1426
1373 1 1426 1429
1374 1 1429 1432
1375 1 1432 1435
1376 1 1435 1438
1377 2 1381 1382
1378 2 1384 1385
1379 2 1387 1388
1380 2 1390 1391
1381 2 1393 1394
1382 2 1396 1397
1383 2 1399 1400
1384 2 1402 1403
1385 2 1405 1406
1386 2 1408 1409
1387 2 1411 1412
1388 2 1414 1415
1389 2 1417 1418
1390 2 1420 1421
1391 2 1423 1424
1392 2 1426 1427
1393 2 1429 1430
1394 2 1432 1433
1395 2 1435 1436
1396 2 1438 1439
1397 3 1381 1383
1398 3 1384 1386
1399 3 1387 1389
1400 3 1390 1392
1401 3 1393 1395
1402 3 1396 1398
1403 3 1399 1401
1404 3 1402 1404
1405 3 1405 1407
1406 3 1408 1410
1407 3 1411 1413
1408 3 1414 1416
1409 3 1417 1419
1410 3 1420 1422
1411 3 1423 1425
1412 3 1426 1428
1413 3 1429 1431
1414 3 1432 1434
1415 3 1435 1437
1416 3 1438 1440
1417 1 1441 1444
1418 1 1444 1447
1419 1 1447 1450
1420 1 1450 1453
1421 1 1453 1456
1422 1 1456 1459
1423 1 1459 1462
1424 1 1462 1465
1425 1 1465 1468
1426 1 1468 1471
1427 1 1471 1474
1428 1 1474 1477
1429 1 1477 1480
1430 1 1480 1483
1431 1 1483 1486
1432 1 1486 1489
1433 1 1489 1492
1434 1 1492 1495
1435 1 1495 1498
1436 2 1441 1442
1437 2 1444 1445
1438 2 1447 1448
1439 2 1450 1451
1440 2 1453 1454
1441 2 1456 1457
1442 2 1459 1460
1443 2 1462 1463
1444 2 1465 1466
1445 2 1468 1469
1446 2 1471 1472
1447 2 1474 1475
1448 2 1477 1478
1449 2 1480 1481
1450 2 1483 1484
1451 2 1486 1487
1452 2 1489 1490
1453 2 1492 1493
1454 2 1495 1496
1455 2 1498 1499
1456 3 1441 1443
1457 3 1444 1446
1458 3 1447 1449
1459 3 1450 1452
1460 3 1453 1455
1461 3 1456 1458
1462 3 1459 1461
1463 3 1462 1464
1464 3 1465 1467
1465 3 1468 1470
1466 3 1471 1473
1467 3 1474 1476
1468 3 1477 1479
1469 3 1480 1482
1470 3 1483 1485
1471 3 1486 1488
1472 3 1489 1491
1473 3 1492 1494
1474 3 1495 1497
1475 3 1498 1500

 Angles

1 1 1 4 7
2 1 4 7 10
3 1 7 10 13
4 1 10 13 16
5 1 13 16 19
6 1 16 19 22
7 1 19 22 25
8 1 22 25 28
9 1 25 28 31
10 1 28 31 34
11 1 31 34 37
12 1 34 37 40
13 1 37 40 43
14 1 40 43 46
15 1 43 46 49
16 1 46 49 52
17 1 49 52 55
18 1 52 55 58
19 2 2 1 4
20 2 8 7 10
21 2 14 13 16
22 2 20 19 22
23 2 26 25 28
24 2 32 31 34
25 2 38 37 40
26 2 44 43 46
27 2 50 49 52
28 2 56 55 58
29 3 3 1 4
30 3 9 7 10
31 3 15 13 16
32 3 21 19 22
33 3 27 25 28
34 3 33 31 34
35 3 39 37 40
36 3 45 43 46
37 3 51 49 52
38 3 57 55 58
39 4 5 4 1
40 4 11 10 7
41 4 17 16 13
42 4 23 22 19
43 4 29 28 25
44 4 35 34 31
45 4 41 40 37
46 4 47 46 43
47 4 53 52 49
48 4 59 58 55
49 5 6 4 1
50 5 12 10 7
51 5 18 16 13
52 5 24 22 19
53 5 30 28 25
54 5 36 34 31
55 5 42 40 37
56 5 48 46 43
57 5 54 52 49
58 5 60 58 55
59 6 2 1 3
60 6 5 4 6
61 6 8 7 9
62 6 11 10 12
63 6 14 13 15
64 6 17 16 18
65 6 20 19 21
66 6 23 22 24
67 6 26 25 27
68 6 29 28 30
69 6 32 31 33
70 6 35 34 36
71 6 38 37 39
72 6 41 40 42
73 6 44 43 45
74 6 47 46 48
75 6 50 49 51
76 6 53 52 54
77 6 56 55 57
78 6 59 58 60
79 1 61 64 67
80 1 64 67 70
81 1 67 70 73
82 1 70 73 76
83 1 73 76 79
84 1 76 79 82
85 1 79 82 85
86 1 82 85 88
87 1 85 88 91
88 1 88 91 94
89 1 91 94 97
90 1 94 97 100
91 1 97 100 103
92 1 100 103 106
93 1 103 106 109
94 1 106 109 112
95 1 109 112 115
96 1 112 115 118
97 2 62 61 64
98 2 68 67 70
99 2 74 73 76
100 2 80 79 82
101 2 86 85 88
102 2 92 91 94
103 2 98 97 100
104 2 104 103 106
105 2 110 109 112
106 2 116 115 118
107 3 63 61 64
108 3 69 67 70
109 3 75 73 76
110 3 81 79 82
111 3 87 85 88
112 3 93 91 94
113 3 99 97 100
114 3 105 103 106
115 3 111 109 112
116 3 117 115 118
117 4 65 64 61
118 4 71 70 67
119 4 77 76 73
120 4 83 82 79
121 4 89 88 85
122 4 95 94 91
123 4 101 100 97
124 4 107 106 103
125 4 113 112 109
126 4 119 118 115
127 5 66 64 61
128 5 72 70 67
129 5 78 76 73
130 5 84 82 79
131 5 90 88 85
132 5 96 94 91
133 5 102 100 97
134 5 108 106 103
135 5 114 112 109
136 5 120 118 115
137 6 62 61 63
138 6 65 64 66
139 6 68 67 69
140 6 71 70 72
141 6 74 73 75
142 6 77 76 78
143 6 80 79 81
144 6 83 82 84
145 6 86 85 87
146 6 89 88 90
147 6 92 91 93
148 6 95 94 96
149 6 98 97 99
150 6 101 100 102
151 6 104 103 105
152 6 107 106 108
153 6 110 109 111
154 6 113 112 114
155 6 116 115 117
156 6 119 118 120
157 1 121 124 127
158 1 124 127 130
159 1 127 130 133
160 1 130 133 136
161 1 133 136 139
162 1 136 139 142
163 1 139 142 145
164 1 142 145 148
165 1 145 148 151
166 1 148 151 154
167 1 151 154 157
168 1 154 157 160
169 1 157 160 163
170 1 160 163 166
171 1 163 166 169
172 1 166 169 172
173 1 169 172 175
174 1 172 175 178
175 2 122 121 124
176 2 128 127 130
177 2 134 133 136
178 2 140 139 142
179 2 146 145 148
180 2 152 151 154
181 2 158 157 160
182 2 164 163 166
183 2 170 169 172
184 2 176 175 178
185 3 123 121 124
186 3 129 127 130
187 3 135 133 136
188 3 141 139 142
189 3 147 145 148
190 3 153 151 154
191 3 159 157 160
192 3 165 163 166
193 3 171 169 172
194 3 177 175 178
195 4 125 124 121
196 4 131 130 127
197 4 137 136 133
198 4 143 142 139
199 4 149 148 145
200 4 155 154 151
201 4 161 160 157
202 4 167 166 163
203 4 173 172 169
204 4 179 178 175
205 5 126 124 121
206 5 132 130 127
207 5 138 136 133
208 5 144 142 139
209 5 150 148 145
210 5 156 154 151
211 5 162 160 157
212 5 168 166 163
213 5 174 172 169
214 5 180 178 175
215 6 122 121 123
216 6 125 124 126
217 6 128 127 129
218 6 131 130 132
219 6 134 133 135
220 6 137 136 138
221 6 140 139 141
222 6 143 142 144
223 6 146 145 147
224 6 149 148 150
225 6 152 151 153
226 6 155 154 156
227 6 158 157 159
228 6 161 160 162
229 6 164 163 165
230 6 167 166 168
231 6 170 169 171
232 6 173 172 174
233 6 176 175 177
234 6 179 178 180
235 1 181 184 187
236 1 184 187 190
237 1 187 190 193
238 1 190 193 196
239 1 193 196 199
240 1 196 199 202
241 1 199 202 205
242 1 202 205 208
243 1 205 208 211
244 1 208 211 214
245 1 211 214 217
246 1 214 217 220
247 1 217 220 223
248 1 220 223 226
249 1 223 226 229
250 1 226 229 232
251 1 229 232 235
252 1 232 235 238
253 2 182 181 184
254 2 188 187 190
255 2 194 193 196
256 2 200 199 202
257 2 206 205 208
258 2 212 211 214
259 2 218 217 220
260 2 224 223 226
261 2 230 229 232
262 2 236 235 238
263 3 183 181 184
264 3 189 187 190
265 3 195 193 196
266 3 201 199 202
267 3 207 205 208
268 3 213 211 214
269 3 219 217 220
270 3 225 223 226
271 3 231 229 232
272 3 237 235 238
273 4 185 184 181
274 4 191 190 187
275 4 197 196 193
276 4 203 202 199
277 4 209 208 205
278 4 215 214 211
279 4 221 220 217
280 4 227 226 223
281 4 233 232 229
282 4 239 238 235
283 5 186 184 181
284 5 192 190 187
285 5 198 196 193
286 5 204 202 199
287 5 210 208 205
288 5 216 214 211
289 5 222 220 217
290 5 228 226 223
291 5 234 232 229
292 5 240 238 235
293 6 182 181 183
294 6 185 184 186
295 6 188 187 189
296 6 191 190 192
297 6 194 193 195
298 6 197 196 198
299 6 200 199 201
300 6 203 202 204
301 6 206 205 207
302 6 209 208 210
303 6 212 211 213
304 6 215 214 216
305 6 218 217 219
306 6 221 220 222
307 6 224 223 225
308 6 227 226 228
309 6 230 229 231
310 6 233 232 234
311 6 236 235 237
312 6 239 238 240
313 1 241 244 247
314 1 244 247 250
315 1 247 250 253
316 1 250 253 256
317 1 253 256 259
318 1 256 259 262
319 1 259 262 265
320 1 262 265 268
321 1 265 268 271
322 1 268 271 274
323 1 271 274 277
324 1 274 277 280
325 1 277 280 283
326 1 280 283 286
327 1 283 286 289
328 1 286 289 292
329 1 289 292 295
330 1 292 295 298
331 2 242 241 244
332 2 248 247 250
333 2 254 253 256
334 2 260 259 262
335 2 266 265 268
336 2 272 271 274
337 2 278 277 280
338 2 284 283 286
339 2 290 289 292
340 2 296 295 298
341 3 243 241 244
342 3 249 247 250
343 3 255 253 256
344 3 261 259 262
345 3 267 265 268
346 3 273 271 274
347 3 279 277 280
348 3 285 283 286
349 3 291 289 292
350 3 297 295 298
351 4 245 244 241
352 4 251 250 247
353 4 257 256 253
354 4 263 262 259
355 4 269 268 265
356 4 275 274 271
357 4 281 280 277
358 4 287 286 283
359 4 293 292 289
360 4 299 298 295
361 5 246 244 241
362 5 252 250 247
363 5 258 256 253
364 5 264 262 259
365 5 270 268 265
366 5 276 274 271
367 5 282 280 277
368 5 288 286 283
369 5 294 292 289
370 5 300 298 295
371 6 242 241 243
372 6 245 244 246
373 6 248 247 249
374 6 251 250 252
375 6 254 253 255
376 6 257 256 258
377 6 260 259 261
378 6 263 262 264
379 6 266 265 267
380 6 269 268 270
381 6 272 271 273
382 6 275 274 276
383 6 278 277 279
384 6 281 280 282
385 6 284 283 285
386 6 287 286 288
387 6 290 289 291
388 6 293 292 294
389 6 296 295 297
390 6 299 298 300
391 1 301 304 307
392 1 304 307 310
393 1 307 310 313
394 1 310 313 316
395 1 313 316 319
396 1 316 319 322
397 1 319 322 325
398 1 322 325 328
399 1 325 328 331
400 1 328 331 334
401 1 331 334 337
402 1 334 337 340
403 1 337 340 343
404 1 340 343 346
405 1 343 346 349
406 1 346 349 352
407 1 349 352 355
408 1 352 355 358
409 2 302 301 304
410 2 308 307 310
411 2 314 313 316
412 2 320 319 322
413 2 326 325 328
414 2 332 331 334
415 2 338 337 340
416 2 344 343 346
417 2 350 349 352
418 2 356 355 358
419 3 303 301 304
420 3 309 307 310
421 3 315 313 316
422 3 321 319 322
423 3 327 325 328
424 3 333 331 334
425 3 339 337 340
426 3 345 343 346
427 3 351 349 352
428 3 357 355 358
429 4 305 304 301
430 4 311 310 307
431 4 317 316 313
432 4 323 322 319
433 4 329 328 325
434 4 335 334 331
435 4 341 340 337
436 4 347 346 343
437 4 353 352 349
438 4 359 358 355
439 5 306 304 301
440 5 312 310 307
441 5 318 316 313
442 5 324 322 319
443 5 330 328 325
444 5 336 334 331
445 5 342 340 337
446 5 348 346 343
447 5 354 352 349
448 5 360 358 355
449 6 302 301 303
450 6 305 304 306
451 6 308 307 309
452 6 311 310 312
453 6 314 313 315
454 6 317 316 318
455 6 320 319 321
456 6 323 322 324
457 6 326 325 327
458 6 329 328 330
459 6 332 331 333
460 6 335 334 336
461 6 338 337 339
462 6 341 340 342
463 6 344 343 345
464 6 347 346 348
465 6 350 349 351
466 6 353 352 354
467 6 356 355 357
468 6 359 358 360
469 1 361 364 367
470 1 364 367 370
471 1 367 370 373
472 1 370 373 376
473 1 373 376 379
474 1 376 379 382
475 1 379 382 385
476 1 382 385 388
477 1 385 388 391
478 1 388 391 394
479 1 391 394 397
480 1 394 397 400
481 1 397 400 403
482 1 400 403 406
483 1 403 406 409
484 1 406 409 412
485 1 409 412 415
486 1 412 415 418
487 2 362 361 364
488 2 368 367 370
489 2 374 373 376
490 2 380 379 382
491 2 386 385 388
492 2 392 391 394
493 2 398 397 400
494 2 404 403 406
495 2 410 409 412
496 2 416 415 418
497 3 363 361 364
498 3 369 367 370
499 3 375 373 376
500 3 381 379 382
501 3 387 385 388
502 3 393 391 394
503 3 399 397 400
504 3 405 403 406
505 3 411 409 412
506 3 417 415 418
507 4 365 364 361
508 4 371 370 367
509 4 377 376 373
510 4 383 382 379
511 4 389 388 385
512 4 395 394 391
513 4 401 400 397
514 4 407 406 403
515 4 413 412 409
516 4 419 418 415
517 5 366 364 361
518 5 372 370 367
519 5 378 376 373
520 5 384 382 379
521 5 390 388 385
522 5 396 394 391
523 5 402 400 397
524 5 408 406 403
525 5 414 412 409
526 5 420 418 415
527 6 362 361 363
528 6 365 364 366
529 6 368 367 369
530 6 371 370 372
531 6 374 373 375
532 6 377 376 378
533 6 380 379 381
534 6 383 382 384
535 6 386 385 387
536 6 389 388 390
537 6 392 391 393
538 6 395 394 396
539 6 398 397 399
540 6 401 400 402
541 6 404 403 405
542 6 407 406 408
543 6 410 409 411
544 6 413 412 414
545 6 416 415 417
546 6 419 418 420
547 1 421 424 427
548 1 424 427 430
549 1 427 430 433
550 1 430 433 436
551 1 433 436 439
552 1 436 439 442
553 1 439 442 445
554 1 442 445 448
555 1 445 448 451
556 1 448 451 454
557 1 451 454 457
558 1 454 457 460
559 1 457 460 463
560 1 460 463 466
561 1 463 466 469
562 1 466 469 472
563 1 469 472 475
564 1 472 475 478
565 2 422 421 424
566 2 428 427 430
567 2 434 433 436
568 2 440 439 442
569 2 446 445 448
570 2 452 451 454
571 2 458 457 460
572 2 464 463 466
573 2 470 469 472
574 2 476 475 478
575 3 423 421 424
576 3 429 427 430
577 3 435 433 436
578 3 441 439 442
579 3 447 445 448
580 3 453 451 454
581 3 459 457 460
582 3 465 463 466
583 3 471 469 472
584 3 477 475 478
585 4 425 424 421
586 4 431 430 427
587 4 437 436 433
588 4 443 442 439
589 4 449 448 445
590 4 455 454 451
591 4 461 460 457
592 4 467 466 463
593 4 473 472 469
594 4 479 478 475
595 5 426 424 421
596 5 432 430 427
597 5 438 436 433
598 5 444 442 439
599 5 450 448 445
600 5 456 454 451
601 5 462 460 457
602 5 468 466 463
603 5 474 472 469
604 5 480 478 475
605 6 422 421 423
606 6 425 424 426
607 6 428 427 429
608 6 431 430 432
609 6 434 433 435
610 6 437 436 438
611 6 440 439 441
612 6 443 442 444
613 6 446 445 447
614 6 449 448 450
615 6 452 451 453
616 6 455 454 456
617 6 458 457 459
618 6 461 460 462
619 6 464 463 465
620 6 467 466 468
621 6 470 469 471
622 6 473 472 474
623 6 476 475 477
624 6 479 478 480
625 1 481 484 487
626 1 484 487 490
627 1 487 490 493
628 1 490 493 496
629 1 493 496 499
630 1 496 499 502
631 1 499 502 505
632 1 502 505 508
633 1 505 508 511
634 1 508 511 514
635 1 511 514 517
636 1 514 517 520
637 1 517 520 523
638 1 520 523 526
639 1 523 526 529
640 1 526 529 532
641 1 529 532 535
642 1 532 535 538
643 2 482 481 484
644 2 488 487 490
645 2 494 493 496
646 2 500 499 502
647 2 506 505 508
648 2 512 511 514
649 2 518 517 520
650 2 524 523 526
651 2 530 529 532
652 2 536 535 538
653 3 483 481 484
654 3 489 487 490
655 3 495 493 496
656 3 501 499 502
657 3 507 505 508
658 3 513 511 514
659 3 519 517 520
660 3 525 523 526
661 3 531 529 532
662 3 537 535 538
663 4 485 484 481
664 4 491 490 487
665 4 497 496 493
666 4 503 502 499
667 4 509 508 505
668 4 515 514 511
669 4 521 520 517
670 4 527 526 523
671 4 533 532 529
672 4 539 538 535
673 5 486 484 481
674 5 492 490 487
675 5 498 496 493
676 5 504 502 499
677 5 510 508 505
678 5 516 514 511
679 5 522 520 517
680 5 528 526 523
681 5 534 532 529
682 5 540 538 535
683 6 482 481 483
684 6 485 484 486
685 6 488 487 489
686 6 491 490 492
687 6 494 493 495
688 6 497 496 498
689 6 500 499 501
690 6 503 502 504
691 6 506 505 507
692 6 509 508 510
693 6 512 511 513
694 6 515 514 516
695 6 518 517 519
696 6 521 520 522
697 6 524 523 525
698 6 527 526 528
699 6 530 529 531
700 6 533 532 534
701 6 536 535 537
702 6 539 538 540
703 1 541 544 547
704 1 544 547 550
705 1 547 550 553
706 1 550 553 556
707 1 553 556 559
708 1 556 559 562
709 1 559 562 565
710 1 562 565 568
711 1 565 568 571
712 1 568 571 574
713 1 571 574 577
714 1 574 577 580
715 1 577 580 583
716 1 580 583 586
717 1 583 586 589
718 1 586 589 592
719 1 589 592 595
720 1 592 595 598
721 2 542 541 544
722 2 548 547 550
723 2 554 553 556
724 2 560 559 562
725 2 566 565 568
726 2 572 571 574
727 2 578 577 580
728 2 584 583 586
729 2 590 589 592
730 2 596 595 598
731 3 543 541 544
732 3 549 547 550
733 3 555 553 556
734 3 561 559 562
735 3 567 565 568
736 3 573 571 574
737 3 579 577 580
738 3 585 583 586
739 3 591 589 592
740 3 597 595 598
741 4 545 544 541
742 4 551 550 547
743 4 557 556 553
744 4 563 562 559
745 4 569 568 565
746 4 575 574 571
747 4 581 580 577
748 4 587 586 583
749 4 593 592 589
750 4 599 598 595
751 5 546 544 541
752 5 552 550 547
753 5 558 556 553
754 5 564 562 559
755 5 570 568 565
756 5 576 574 571
757 5 582 580 577
758 5 588 586 583
759 5 594 592 589
760 5 600 598 595
761 6 542 541 543
762 6 545 544 546
763 6 548 547 549
764 6 551 550 552
765 6 554 553 555
766 6 557 556 558
767 6 560 559 561
768 6 563 562 564
769 6 566 565 567
770 6 569 568 570
771 6 572 571 573
772 6 575 574 576
773 6 578 577 579
774 6 581 580 582
775 6 584 583 585
776 6 587 586 588
777 6 590 589 591
778 6 593 592 594
779 6 596 595 597
780 6 599 598 600
781 1 601 604 607
782 1 604 607 610
783 1 607 610 613
784 1 610 613 616
785 1 613 616 619
786 1 616 619 622
787 1 619 622 625
788 1 622 625 628
789 1 625 628 631
790 1 628 631 634
791 1 631 634 637
792 1 634 637 640
793 1 637 640 643
794 1 640 643 646
795 1 643 646 649
796 1 646 649 652
797 1 649 652 655
798 1 652 655 658
799 2 602 601 604
800 2 608 607 610
801 2 614 613 616
802 2 620 619 622
803 2 626 625 628
804 2 632 631 634
805 2 638 637 640
806 2 644 643 646
807 2 650 649 652
808 2 656 655 658
809 3 603 601 604
810 3 609 607 610
811 3 615 613 616
812 3 621 619 622
813 3 627 625 628
814 3 633 631 634
815 3 639 637 640
816 3 645 643 646
817 3 651 649 652
818 3 657 655 658
819 4 605 604 601
820 4 611 610 607
821 4 617 616 613
822 4 623 622 619
823 4 629 628 625
824 4 635 634 631
825 4 641 640 637
826 4 647 646 643
827 4 653 652 649
828 4 659 658 655
829 5 606 604 601
830 5 612 610 607
831 5 618 616 613
832 5 624 622 619
833 5 630 628 625
834 5 636 634 631
835 5 642 640 637
836 5 648 646 643
837 5 654 652 649
838 5 660 658 655
839 6 602 601 603
840 6 605 604 606
841 6 608 607 609
842 6 611 610 612
843 6 614 613 615
844 6 617 616 618
845 6 620 619 621
846 6 623 622 624
847 6 626 625 627
848 6 629 628 630
849 6 632 631 633
850 6 635 634 636
851 6 638 637 639
852 6 641 640 642
853 6 644 643 645
854 6 647 646 648
855 6 650 649 651
856 6 653 652 654
857 6 656 655 657
858 6 659 658 660
859 1 661 664 667
860 1 664 667 670
861 1 667 670 673
862 1 670 673 676
863 1 673 676 679
864 1 676 679 682
865 1 679 682 685
866 1 682 685 688
867 1 685 688 691
868 1 688 691 694
869 1 691 694 697
870 1 694 697 700
871 1 697 700 703
872 1 700 703 706
873 1 703 706 709
874 1 706 709 712
875 1 709 712 715
876 1 712 715 718
877 2 662 661 664
878 2 668 667 670
879 2 674 673 676
880 2 680 679 682
881 2 686 685 688
882 2 692 691 694
883 2 698 697 700
884 2 704 703 706
885 2 710 709 712
886 2 716 715 718
887 3 663 661 664
888 3 669 667 670
889 3 675 673 676
890 3 681 679 682
891 3 687 685 688
892 3 693 691 694
893 3 699 697 700
894 3 705 703 706
895 3 711 709 712
896 3 717 715 718
897 4 665 664 661
898 4 671 670 667
899 4 677 676 673
900 4 683 682 679
901 4 689 688 685
902 4 695 694 691
903 4 701 700 697
904 4 707 706 703
905 4 713 712 709
906 4 719 718 715
907 5 666 664 661
908 5 672 670 667
909 5 678 676 673
910 5 684 682 679
911 5 690 688 685
912 5 696 694 691
913 5 702 700 697
914 5 708 706 703
915 5 714 712 709
916 5 720 718 715
917 6 662 661 663
918 6 665 664 666
919 6 668 667 669
920 6 671 670 672
921 6 674 673 675
922 6 677 676 678
923 6 680 679 681
924 6 683 682 684
925 6 686 685 687
926 6 689 688 690
927 6 692 691 693
928 6 695 694 696
929 6 698 697 699
930 6 701 700 702
931 6 704 703 705
932 6 707 706 708
933 6 710 709 711
934 6 713 712 714
935 6 716 715 717
936 6 719 718 720
937 1 721 724 727
938 1 724 727 730
939 1 727 730 733
940 1 730 733 736
941 1 733 736 739
942 1 736 739 742
943 1 739 742 745
944 1 742 745 748
945 1 745 748 751
946 1 748 751 754
947 1 751 754 757
948 1 754 757 760
949 1 757 760 763
950 1 760 763 766
951 1 763 766 769
952 1 766 769 772
953 1 769 772 775
954 1 772 775 778
955 2 722 721 724
956 2 728 727 730
957 2 734 733 736
958 2 740 739 742
959 2 746 745 748
960 2 752 751 754
961 2 758 757 760
962 2 764 763 766
963 2 770 769 772
964 2 776 775 778
965 3 723 721 724
966 3 729 727 730
967 3 735 733 736
968 3 741 739 742
969 3 747 745 748
970 3 753 751 754
971 3 759 757 760
972 3 765 763 766
973 3 771 769 772
974 3 777 775 778
975 4 725 724 721
976 4 731 730 727
977 4 737 736 733
978 4 743 742 739
979 4 749 748 745
980 4 755 754 751
981 4 761 760 757
982 4 767 766 763
983 4 773 772 769
984 4 779 778 775
985 5 726 724 721
986 5 732 730 727
987 5 738 736 733
988 5 744 742 739
989 5 750 748 745
990 5 756 754 751
991 5 762 760 757
992 5 768 766 763
993 5 774 772 769
994 5 780 778 775
995 6 722 721 723
996 6 725 724 726
997 6 728 727 729
998 6 731 730 732
999 6 734 733 735
1000 6 737 736 738
1001 6 740 739 741
1002 6 743 742 744
1003 6 746 745 747
1004 6 749 748 750
1005 6 752 751 753
1006 6 755 754 756
1007 6 758 757 759
1008 6 761 760 762
1009 6 764 763 765
1010 6 767 766 768
1011 6 770 769 771
1012 6 773 772 774
1013 6 776 775 777
1014 6 779 778 780
1015 1 781 784 787
1016 1 784 787 790
1017 1 787 790 793
1018 1 790 793 796
1019 1 793 796 799
1020 1 796 799 802
1021 1 799 802 805
1022 1 802 805 808
1023 1 805 808 811
1024 1 808 811 814
1025 1 811 814 817
1026 1 814 817 820
1027 1 817 820 823
1028 1 820 823 826
1029 1 823 826 829
1030 1 826 829 832
1031 1 829 832 835
1032 1 832 835 838
1033 2 782 781 784
1034 2 788 787 790
1035 2 794 793 796
1036 2 800 799 802
1037 2 806 805 808
1038 2 812 811 814
1039 2 818 817 820
1040 2 824 823 826
1041 2 830 829 832
1042 2 836 835 838
1043 3 783 781 784
1044 3 789 787 790
1045 3 795 793 796
1046 3 801 799 802
1047 3 807 805 808
1048 3 813 811 814
1049 3 819 817 820
1050 3 825 823 826
1051 3 831 829 832
1052 3 837 835 838
1053 4 785 784 781
1054 4 791 790 787
1055 4 797 796 793
1056 4 803 802 799
1057 4 809 808 805
1058 4 815 814 811
1059 4 821 820 817
1060 4 827 826 823
1061 4 833 832 829
1062 4 839 838 835
1063 5 786 784 781
1064 5 792 790 787
1065 5 798 796 793
1066 5 804 802 799
1067 5 810 808 805
1068 5 816 814 811
1069 5 822 820 817
1070 5 828 826 823
1071 5 834 832 829
1072 5 840 838 835
1073 6 782 781 783
1074 6 785 784 786
1075 6 788 787 789
1076 6 791 790 792
1077 6 794 793 795
1078 6 797 796 798
1079 6 800 799 801
1080 6 803 802 804
1081 6 806 805 807
1082 6 809 808 810
1083 6 812 811 813
1084 6 815 814 816
1085 6 818 817 819
1086 6 821 820 822
1087 6 824 823 825
1088 6 827 826 828
1089 6 830 829 831
1090 6 833 832 834
1091 6 836 835 837
1092 6 839 838 840
1093 1 841 844 847
1094 1 844 847 850
1095 1 847 850 853
1096 1 850 853 856
1097 1 853 856 859
1098 1 856 859 862
1099 1 859 862 865
1100 1 862 865 868
1101 1 865 868 871
1102 1 868 871 874
1103 1 871 874 877
1104 1 874 877 880
1105 1 877 880 883
1106 1 880 883 886
1107 1 883 886 889
1108 1 886 889 892
1109 1 889 892 895
1110 1 892 895 898
1111 2 842 841 844
1112 2 848 847 850
1113 2 854 853 856
1114 2 860 859 862
1115 2 866 865 868
1116 2 872 871 874
1117 2 878 877 880
1118 2 884 883 886
1119 2 890 889 892
1120 2 896 895 898
1121 3 843 841 844
1122 3 849 847 850
1123 3 855 853 856
1124 3 861 859 862
1125 3 867 865 868
1126 3 873 871 874
1127 3 879 877 880
1128 3 885 883 886
1129 3 891 889 892
1130 3 897 895 898
1131 4 845 844 841
1132 4 851 850 847
1133 4 857 856 853
1134 4 863 862 859
1135 4 869 868 865
1136 4 875 874 871
1137 4 881 880 877
1138 4 887 886 883
1139 4 893 892 889
1140 4 899 898 895
1141 5 846 844 841
1142 5 852 850 847
1143 5 858 856 853
1144 5 864 862 859
1145 5 870 868 865
1146 5 876 874 871
1147 5 882 880 877
1148 5 888 886 883
1149 5 894 892 889
1150 5 900 898 895
1151 6 842 841 843
1152 6 845 844 846
1153 6 848 847 849
1154 6 851 850 852
1155 6 854 853 855
1156 6 857 856 858
1157 6 860 859 861
1158 6 863 862 864
1159 6 866 865 867
1160 6 869 868 870
1161 6 872 871 873
1162 6 875 874 876
1163 6 878 877 879
1164 6 881 880 882
1165 6 884 883 885
1166 6 887 886 888
1167 6 890 889 891
1168 6 893 892 894
1169 6 896 895 897
1170 6 899 898 900
1171 1 901 904 907
1172 1 904 907 910
1173 1 907 910 913
1174 1 910 913 916
1175 1 913 916 919
1176 1 916 919 922
1177 1 919 922 925
1178 1 922 925 928
1179 1 925 928 931
1180 1 928 931 934
1181 1 931 934 937
1182 1 934 937 940
1183 1 937 940 943
1184 1 940 943 946
1185 1 943 946 949
1186 1 946 949 952
1187 1 949 952 955
1188 1 952 955 958
1189 2 902 901 904
1190 2 908 907 910
1191 2 914 913 916
1192 2 920 919 922
1193 2 926 925 928
1194 2 932 931 934
1195 2 938 937 940
1196 2 944 943 946
1197 2 950 949 952
1198 2 956 955 958
1199 3 903 901 904
1200 3 909 907 910
1201 3 915 913 916
1202 3 921 919 922
1203 3 927 925 928
1204 3 933 931 934
1205 3 939 937 940
1206 3 945 943 946
1207 3 951 949 952
1208 3 957 955 958
1209 4 905 904 901
1210 4 911 910 907
1211 4 917 916 913
1212 4 923 922 919
1213 4 929 928 925
1214 4 935 934 931
1215 4 941 940 937
1216 4 947 946 943
1217 4 953 952 949
1218 4 959 958 955
1219 5 906 904 901
1220 5 912 910 907
1221 5 918 916 913
1222 5 924 922 919
1223 5 930 928 925
1224 5 936 934 931
1225 5 942 940 937
1226 5 948 946 943
1227 5 954 952 949
1228 5 960 958 955
1229 6 902 901 903
1230 6 905 904 906
1231 6 908 907 909
1232 6 911 910 912
1233 6 914 913 915
1234 6 917 916 918
1235 6 920 919 921
1236 6 923 922 924
1237 6 926 925 927
1238 6 929 928 930
1239 6 932 931 933
1240 6 935 934 936
1241 6 938 937 939
1242 6 941 940 942
1243 6 944 943 945
1244 6 947 946 948
1245 6 950 949 951
1246 6 953 952 954
1247 6 956 955 957
1248 6 959 958 960
1249 1 961 964 967
1250 1 964 967 970
1251 1 967 970 973
1252 1 970 973 976
1253 1 973 976 979
1254 1 976 979 982
1255 1 979 982 985
1256 1 982 985 988
1257 1 985 988 991
1258 1 988 991 994
1259 1 991 994 997
1260 1 994 997 1000
1261 1 997 1000 1003
1262 1 1000 1003 1006
1263 1 1003 1006 1009
1264 1 1006 1009 1012
1265 1 1009 1012 1015
1266 1 1012 1015 1018
1267 2 962 961 964
1268 2 968 967 970
1269 2 974 973 976
1270 2 980 979 982
1271 2 986 985 988
1272 2 992 991 994
1273 2 998 997 1000
1274 2 1004 1003 1006
1275 2 1010 1009 1012
1276 2 1016 1015 1018
1277 3 963 961 964
1278 3 969 967 970
1279 3 975 973 976
1280 3 981 979 982
1281 3 987 985 988
1282 3 993 991 994
1283 3 999 997 1000
1284 3 1005 1003 1006
1285 3 1011 1009 1012
1286 3 1017 1015 1018
1287 4 965 964 961
1288 4 971 970 967
1289 4 977 976 973
1290 4 983 982 979
1291 4 989 988 985
1292 4 995 994 991
1293 4 1001 1000 997
1294 4 1007 1006 1003
1295 4 1013 1012 1009
1296 4 1019 1018 1015
1297 5 966 964 961
1298 5 972 970 967
1299 5 978 976 973
1300 5 984 982 979
1301 5 990 988 985
1302 5 996 994 991
1303 5 1002 1000 997
1304 5 1008 1006 1003
1305 5 1014 1012 1009
1306 5 1020 1018 1015
1307 6 962 961 963
1308 6 965 964 966
1309 6 968 967 969
1310 6 971 970 972
1311 6 974 973 975
1312 6 977 976 978
1313 6 980 979 981
1314 6 983 982 984
1315 6 986 985 987
1316 6 989 988 990
1317 6 992 991 993
1318 6 995 994 996
1319 6 998 997 999
1320 6 1001 1000 1002
1321 6 1004 1003 1005
1322 6 1007 1006 1008
1323 6 1010 1009 1011
1324 6 1013 1012 1014
1325 6 1016 1015 1017
1326 6 1019 1018 1020
1327 1 1021 1024 1027
1328 1 1024 1027 1030
1329 1 1027 1030 1033
1330 1 1030 1033 1036
1331 1 1033 1036 1039
1332 1 1036 1039 1042
1333 1 1039 1042 1045
1334 1 1042 1045 1048
1335 1 1045 1048 1051
1336 1 1048 1051 1054
1337 1 1051 1054 1057
1338 1 1054 1057 1060
1339 1 1057 1060 1063
1340 1 1060 1063 1066
1341 1 1063 1066 1069
1342 1 1066 1069 1072
1343 1 1069 1072 1075
1344 1 1072 1075 1078
1345 2 1022 1021 1024
1346 2 1028 1027 1030
1347 2 1034 1033 1036
1348 2 1040 1039 1042
1349 2 1046 1045 1048
1350 2 1052 1051 1054
1351 2 1058 1057 1060
1352 2 1064 1063 1066
1353 2 1070 1069 1072
1354 2 1076 1075 1078
1355 3 1023 1021 1024
1356 3 1029 1027 1030
1357 3 1035 1033 1036
1358 3 1041 1039 1042
1359 3 1047 1045 1048
1360 3 1053 1051 1054
1361 3 1059 1057 1060
1362 3 1065 1063 1066
1363 3 1071 1069 1072
1364 3 1077 1075 1078
1365 4 1025 1024 1021
1366 4 1031 1030 1027
1367 4 1037 1036 1033
1368 4 1043 1042 1039
1369 4 1049 1048 1045
1370 4 1055 1054 1051
1371 4 1061 1060 1057
1372 4 1067 1066 1063
1373 4 1073 1072 1069
1374 4 1079 1078 1075
1375 5 1026 1024 1021
1376 5 1032 1030 1027
1377 5 1038 1036 1033
1378 5 1044 1042 1039
1379 5 1050 1048 1045
1380 5 1056 1054 1051
1381 5 1062 1060 1057
1382 5 1068 1066 1063
1383 5 1074 1072 1069
1384 5 1080 1078 1075
1385 6 1022 1021 1023
1386 6 1025 1024 1026
1387 6 1028 1027 1029
1388 6 1031 1030 1032
1389 6 1034 1033 1035
1390 6 1037 1036 1038
1391 6 1040 1039 1041
1392 6 1043 1042 1044
1393 6 1046 1045 1047
1394 6 1049 1048 1050
1395 6 1052 1051 1053
1396 6 1055 1054 1056
1397 6 1058 1057 1059
1398 6 1061 1060 1062
1399 6 1064 1063 1065
1400 6 1067 1066 1068
1401 6 1070 1069 1071
1402 6 1073 1072 1074
1403 6 1076 1075 1077
1404 6 1079 1078 1080
1405 1 1081 1084 1087
1406 1 1084 1087 1090
1407 1 1087 1090 1093
1408 1 1090 1093 1096
1409 1 1093 1096 1099
1410 1 1096 1099 1102
1411 1 1099 1102 1105
1412 1 1102 1105 1108
1413 1 1105 1108 1111
1414 1 1108 1111 1114
1415 1 1111 1114 1117
1416 1 1114 1117 1120
1417 1 1117 1120 1123
1418 1 1120 1123 1126
1419 1 1123 1126 1129
1420 1 1126 1129 1132
1421 1 1129 1132 1135
1422 1 1132 1135 1138
1423 2 1082 1081 1084
1424 2 1088 1087 1090
1425 2 1094 1093 1096
1426 2 1100 1099 1102
1427 2 1106 1105 1108
1428 2 1112 1111 1114
1429 2 1118 1117 1120
1430 2 1124 1123 1126
1431 2 1130 1129 1132
1432 2 1136 1135 1138
1433 3 1083 1081 1084
1434 3 1089 1087 1090
1435 3 1095 1093 1096
1436 3 1101 1099 1102
1437 3 1107 1105 1108
1438 3 1113 1111 1114
1439 3 1119 1117 1120
1440 3 1125 1123 1126
1441 3 1131 1129 1132
1442 3 1137 1135 1138
1443 4 1085 1084 1081
1444 4 1091 1090 1087
1445 4 1097 1096 1093
1446 4 1103 1102 1099
1447 4 1109 1108 1105
1448 4 1115 1114 1111
1449 4 1121 1120 1117
1450 4 1127 1126 1123
1451 4 1133 1132 1129
1452 4 1139 1138 1135
1453 5 1086 1084 1081
1454 5 1092 1090 1087
1455 5 1098 1096 1093
1456 5 1104 1102 1099
1457 5 1110 1108 1105
1458 5 1116 1114 1111
1459 5 1122 1120 1117
1460 5 1128 1126 1123
1461 5 1134 1132 1129
1462 5 1140 1138 1135
1463 6 1082 1081 1083
1464 6 1085 1084 1086
1465 6 1088 1087 1089
1466 6 1091 1090 1092
1467 6 1094 1093 1095
1468 6 1097 1096 1098
1469 6 1100 1099 1101
1470 6 1103 1102 1104
1471 6 1106 1105 1107
1472 6 1109 1108 1110
1473 6 1112 1111 1113
1474 6 1115 1114 1116
1475 6 1118 1117 1119
1476 6 1121 1120 1122
1477 6 1124 1123 1125
1478 6 1127 1126 1128
1479 6 1130 1129 1131
1480 6 1133 1132 1134
1481 6 1136 1135 1137
1482 6 1139 1138 1140
1483 1 1141 1144 1147
1484 1 1144 1147 1150
1485 1 1147 1150 1153
1486 1 1150 1153 1156
1487 1 1153 1156 1159
1488 1 1156 1159 1162
1489 1 1159 1162 1165
1490 1 1162 1165 1168
1491 1 1165 1168 1171
1492 1 1168 1171 1174
1493 1 1171 1174 1177
1494 1 1174 1177 1180
1495 1 1177 1180 1183
1496 1 1180 1183 1186
1497 1 1183 1186 1189
1498 1 1186 1189 1192
1499 1 1189 1192 1195
1500 1 1192 1195 1198
1501 2 1142 1141 1144
1502 2 1148 1147 1150
1503 2 1154 1153 1156
1504 2 1160 1159 1162
1505 2 1166 1165 1168
1506 2 1172 1171 1174
1507 2 1178 1177 1180
1508 2 1184 1183 1186
1509 2 1190 1189 1192
1510 2 1196 1195 1198
1511 3 1143 1141 1144
1512 3 1149 1147 1150
1513 3 1155 1153 1156
1514 3 1161 1159 1162
1515 3 1167 1165 1168
1516 3 1173 1171 1174
1517 3 1179 1177 1180
1518 3 1185 1183 1186
1519 3 1191 1189 1192
1520 3 1197 1195 1198
1521 4 1145 1144 1141
1522 4 1151 1150 1147
1523 4 1157 1156 1153
1524 4 1163 1162 1159
1525 4 1169 1168 1165
1526 4 1175 1174 1171
1527 4 1181 1180 1177
1528 4 1187 1186 1183
1529 4 1193 1192 1189
1530 4 1199 1198 1195
1531 5 1146 1144 1141
1532 5 1152 1150 1147
1533 5 1158 1156 1153
1534 5 1164 1162 1159
1535 5 1170 1168 1165
1536 5 1176 1174 1171
1537 5 1182 1180 1177
1538 5 1188 1186 1183
1539 5 1194 1192 1189
1540 5 1200 1198 1195
1541 6 1142 1141 1143
1542 6 1145 1144 1146
1543 6 1148 1147 1149
1544 6 1151 1150 1152
1545 6 1154 1153 1155
1546 6 1157 1156 1158
1547 6 1160 1159 1161
1548 6 1163 1162 1164
1549 6 1166 1165 1167
1550 6 1169 1168 1170
1551 6 1172 1171 1173
1552 6 1175 1174 1176
1553 6 1178 1177 1179
1554 6 1181 1180 1182
1555 6 1184 1183 1185
1556 6 1187 1186 1188
1557 6 1190 1189 1191
1558 6 1193 1192 1194
1559 6 1196 1195 1197
1560 6 1199 1198 1200
1561 1 1201 1204 1207
1562 1 1204 1207 1210
1563 1 1207 1210 1213
1564 1 1210 1213 1216
1565 1 1213 1216 1219
1566 1 1216 1219 1222
1567 1 1219 1222 1225
1568 1 1222 1225 1228
1569 1 1225 1228 1231
1570 1 1228 1231 1234
1571 1 1231 1234 1237
1572 1 1234 1237 1240
1573 1 1237 1240 1243
1574 1 1240 1243 1246
1575 1 1243 1246 1249
1576 1 1246 1249 1252
1577 1 1249 1252 1255
1578 1 1252 1255 1258
1579 2 1202 1201 1204
1580 2 1208 1207 1210
1581 2 1214 1213 1216
1582 2 1220 1219 1222
1583 2 1226 1225 1228
1584 2 1232 1231 1234
1585 2 1238 1237 1240
1586 2 1244 1243 1246
1587 2 1250 1249 1252
1588 2 1256 1255 1258
1589 3 1203 1201 1204
1590 3 1209 1207 1210
1591 3 1215 1213 1216
1592 3 1221 1219 1222
1593 3 1227 1225 1228
1594 3 1233 1231 1234
1595 3 1239 1237 1240
1596 3 1245 1243 1246
1597 3 1251 1249 1252
1598 3 1257 1255 1258
1599 4 1205 1204 1201
1600 4 1211 1210 1207
1601 4 1217 1216 1213
1602 4 1223 1222 1219
1603 4 1229 1228 1225
1604 4 1235 1234 1231
1605 4 1241 1240 1237
1606 4 1247 1246 1243
1607 4 1253 1252 1249
1608 4 1259 1258 1255
1609 5 1206 1204 1201
1610 5 1212 1210 1207
1611 5 1218 1216 1213
1612 5 1224 1222 1219
1613 5 1230 1228 1225
1614 5 1236 1234 1231
1615 5 1242 1240 1237
1616 5 1248 1246 1243
1617 5 1254 1252 1249
1618 5 1260 1258 1255
1619 6 1202 1201 1203
1620 6 1205 1204 1206
1621 6 1208 1207 1209
1622 6 1211 1210 1212
1623 6 1214 1213 1215
1624 6 1217 1216 1218
1625 6 1220 1219 1221
1626 6 1223 1222 1224
1627 6 1226 1225 1227
1628 6 1229 1228 1230
1629 6 1232 1231 1233
1630 6 1235 1234 1236
1631 6 1238 1237 1239
1632 6 1241 1240 1242
1633 6 1244 1243 1245
1634 6 1247 1246 1248
1635 6 1250 1249 1251
1636 6 1253 1252 1254
1637 6 1256 1255 1257
1638 6 1259 1258 1260
1639 1 1261 1264 1267
1640 1 1264 1267 1270
1641 1 1267 1270 1273
1642 1 1270 1273 1276
1643 1 1273 1276 1279
1644 1 1276 1279 1282
1645 1 1279 1282 1285
1646 1 1282 1285 1288
1647 1 1285 1288 1291
1648 1 1288 1291 1294
1649 1 1291 1294 1297
1650 1 1294 1297 1300
1651 1 1297 1300 1303
1652 1 1300 1303 1306
1653 1 1303 1306 1309
1654 1 1306 1309 1312
1655 1 1309 1312 1315
1656 1 1312 1315 1318
1657 2 1262 1261 1264
1658 2 1268 1267 1270
1659 2 1274 1273 1276
1660 2 1280 1279 1282
1661 2 1286 1285 1288
1662 2 1292 1291 1294
1663 2 1298 1297 1300
1664 2 1304 1303 1306
1665 2 1310 1309 1312
1666 2 1316 1315 1318
1667 3 1263 1261 1264
1668 3 1269 1267 1270
1669 3 1275 1273 1276
1670 3 1281 1279 1282
1671 3 1287 1285 1288
1672 3 1293 1291 1294
1673 3 1299 1297 1300
1674 3 1305 1303 1306
1675 3 1311 1309 1312
1676 3 1317 1315 1318
1677 4 1265 1264 1261
1678 4 1271 1270 1267
1679 4 1277 1276 1273
1680 4 1283 1282 1279
1681 4 1289 1288 1285
1682 4 1295 1294 1291
1683 4 1301 1300 1297
1684 4 1307 1306 1303
1685 4 1313 1312 1309
1686 4 1319 1318 1315
1687 5 1266 1264 1261
1688 5 1272 1270 1267
1689 5 1278 1276 1273
1690 5 1284 1282 1279
1691 5 1290 1288 1285
1692 5 1296 1294 1291
1693 5 1302 1300 1297
1694 5 1308 1306 1303
1695 5 1314 1312 1309
1696 5 1320 1318 1315
1697 6 1262 1261 1263
1698 6 1265 1264 1266
1699 6 1268 1267 1269
1700 6 1271 1270 1272
1701 6 1274 1273 1275
1702 6 1277 1276 1278
1703 6 1280 1279 1281
1704 6 1283 1282 1284
1705 6 1286 1285 1287
1706 6 1289 1288 1290
1707 6 1292 1291 1293
1708 6 1295 1294 1296
1709 6 1298 1297 1299
1710 6 1301 1300 1302
1711 6 1304 1303 1305
1712 6 1307 1306 1308
1713 6 1310 1309 1311
1714 6 1313 1312 1314
1715 6 1316 1315 1317
1716 6 1319 1318 1320
1717 1 1321 1324 1327
1718 1 1324 1327 1330
1719 1 1327 1330 1333
1720 1 1330 1333 1336
1721 1 1333 1336 1339
1722 1 1336 1339 1342
1723 1 1339 1342 1345
1724 1 1342 1345 1348
1725 1 1345 1348 1351
1726 1 1348 1351 1354
1727 1 1351 1354 1357
1728 1 1354 1357 1360
1729 1 1357 1360 1363
1730 1 1360 1363 1366
1731 1 1363 1366 1369
1732 1 1366 1369 1372
1733 1 1369 1372 1375
1734 1 1372 1375 1378
1735 2 1322 1321 1324
1736 2 1328 1327 1330
1737 2 1334 1333 1336
1738 2 1340 1339 1342
1739 2 1346 1345 1348
1740 2 1352 1351 1354
1741 2 1358 1357 1360
1742 2 1364 1363 1366
1743 2 1370 1369 1372
1744 2 1376 1375 1378
1745 3 1323 1321 1324
1746 3 1329 1327 1330
1747 3 1335 1333 1336
1748 3 1341 1339 1342
1749 3 1347 1345 1348
1750 3 1353 1351 1354
1751 3 1359 1357 1360
1752 3 1365 1363 1366
1753 3 1371 1369 1372
1754 3 1377 1375 1378
1755 4 1325 1324 1321
1756 4 1331 1330 1327
1757 4 1337 1336 1333
1758 4 1343 1342 1339
1759 4 1349 1348 1345
1760 4 1355 1354 1351
1761 4 1361 1360 1357
1762 4 1367 1366 1363
1763 4 1373 1372 1369
1764 4 1379 1378 1375
1765 5 1326 1324 1321
1766 5 1332 1330 1327
1767 5 1338 1336 1333
1768 5 1344 1342 1339
1769 5 1350 1348 1345
1770 5 1356 1354 1351
1771 5 1362 1360 1357
1772 5 1368 1366 1363
1773 5 1374 1372 1369
1774 5 1380 1378 1375
1775 6 1322 1321 1323
1776 6 1325 1324 1326
1777 6 1328 1327 1329
1778 6 1331 1330 1332
1779 6 1334 1333 1335
1780 6 1337 1336 1338
1781 6 1340 1339 1341
1782 6 1343 1342 1344
1783 6 1346 1345 1347
1784 6 1349 1348 1350
1785 6 1352 1351 1353
1786 6 1355 1354 1356
1787 6 1358 1357 1359
1788 6 1361 1360 1362
1789 6 1364 1363 1365
1790 6 1367 1366 1368
1791 6 1370 1369 1371
1792 6 1373 1372 1374
1793 6 1376 1375 1377
1794 6 1379 1378 1380
1795 1 1381 1384 1387
1796 1 1384 1387 1390
1797 1 1387 1390 1393
1798 1 1390 1393 1396
1799 1 1393 1396 1399
1800 1 1396 1399 1402
1801 1 1399 1402 1405
1802 1 1402 1405 1408
1803 1 1405 1408 1411
1804 1 1408 1411 1414
1805 1 1411 1414 1417
1806 1 1414 1417 1420
1807 1 1417 1420 1423
1808 1 1420 1423 1426
1809 1 1423 1426 1429
1810 1 1426 1429 1432
1811 1 1429 1432 1435
1812 1 1432 1435 1438
1813 2 1382 1381 1384
1814 2 1388 1387 1390
1815 2 1394 1393 1396
1816 2 1400 1399 1402
1817 2 1406 1405 1408
1818 2 1412 1411 1414
1819 2 1418 1417 1420
1820 2 1424 1423 1426
1821 2 1430 1429 1432
1822 2 1436 1435 1438
1823 3 1383 1381 1384
1824 3 1389 1387 1390
1825 3 1395 1393 1396
1826 3 1401 1399 1402
1827 3 1407 1405 1408
1828 3 1413 1411 1414
1829 3 1419 1417 1420
1830 3 1425 1423 1426
1831 3 1431 1429 1432
1832 3 1437 1435 1438
1833 4 1385 1384 1381
1834 4 1391 1390 1387
1835 4 1397 1396 1393
1836 4 1403 1402 1399
1837 4 1409 1408 1405
1838 4 1415 1414 1411
1839 4 1421 1420 1417
1840 4 1427 1426 1423
1841 4 1433 1432 1429
1842 4 1439 1438 1435
1843 5 1386 1384 1381
1844 5 1392 1390 1387
1845 5 1398 1396 1393
1846 5 1404 1402 1399
1847 5 1410 1408 1405
1848 5 1416 1414 1411
1849 5 1422 1420 1417
1850 5 1428 1426 1423
1851 5 1434 1432 1429
1852 5 1440 1438 1435
1853 6 1382 1381 1383
1854 6 1385 1384 1386
1855 6 1388 1387 1389
1856 6 1391 1390 1392
1857 6 1394 1393 1395
1858 6 1397 1396 1398
1859 6 1400 1399 1401
1860 6 1403 1402 1404
1861 6 1406 1405 1407
1862 6 1409 1408 1410
1863 6 1412 1411 1413
1864 6 1415 1414 1416
1865 6 1418 1417 1419
1866 6 1421 1420 1422
1867 6 1424 1423 1425
1868 6 1427 1426 1428
1869 6 1430 1429 1431
1870 6 1433 1432 1434
1871 6 1436 1435 1437
1872 6 1439 1438 1440
1873 1 1441 1444 1447
1874 1 1444 1447 1450
1875 1 1447 1450 1453
1876 1 1450 1453 1456
1877 1 1453 1456 1459
1878 1 1456 1459 1462
1879 1 1459 1462 1465
1880 1 1462 1465 1468
1881 1 1465 1468 1471
1882 1 1468 1471 1474
1883 1 1471 1474 1477
1884 1 1474 1477 1480
1885 1 1477 1480 1483
1886 1 1480 1483 1486
1887 1 1483 1486 1489
1888 1 1486 1489 1492
1889 1 1489 1492 1495
1890 1 1492 1495 1498
1891 2 1442 1441 1444
1892 2 1448 1447 1450
1893 2 1454 1453 1456
1894 2 1460 1459 1462
1895 2 1466 1465 1468
1896 2 1472 1471 1474
1897 2 1478 1477 1480
1898 2 1484 1483 1486
1899 2 1490 1489 1492
1900 2 1496 1495 1498
1901 3 1443 1441 1444
1902 3 1449 1447 1450
1903 3 1455 1453 1456
1904 3 1461 1459 1462
1905 3 1467 1465 1468
1906 3 1473 1471 1474
1907 3 1479 1477 1480
1908 3 1485 1483 1486
1909 3 1491 1489 1492
1910 3 1497 1495 1498
1911 4 1445 1444 1441
1912 4 1451 1450 1447
1913 4 1457 1456 1453
1914 4 1463 1462 1459
1915 4 1469 1468 1465
1916 4 1475 1474 1471
1917 4 1481 1480 1477
1918 4 1487 1486 1483
1919 4 1493 1492 1489
1920 4 1499 1498 1495
1921 5 1446 1444 1441
1922 5 1452 1450 1447
1923 5 1458 1456 1453
1924 5 1464 1462 1459
1925 5 1470 1468 1465
1926 5 1476 1474 1471
1927 5 1482 1480 1477
1928 5 1488 1486 1483
1929 5 1494 1492 1489
1930 5 1500 1498 1495
1931 6 1442 1441 1443
1932 6 1445 1444 1446
1933 6 1448 1447 1449
1934 6 1451 1450 1452
1935 6 1454 1453 1455
1936 6 1457 1456 1458
1937 6 1460 1459 1461
1938 6 1463 1462 1464
1939 6 1466 1465 1467
1940 6 1469 1468 1470
1941 6 1472 1471 1473
1942 6 1475 1474 1476
1943 6 1478 1477 1479
1944 6 1481 1480 1482
1945 6 1484 1483 1485
1946 6 1487 1486 1488
1947 6 1490 1489 1491
1948 6 1493 1492 1494
1949 6 1496 1495 1497
1950 6 1499 1498 1500

 Impropers

1 1 1 4 7 10
2 1 4 7 10 13
3 1 7 10 13 16
4 1 10 13 16 19
5 1 13 16 19 22
6 1 16 19 22 25
7 1 19 22 25 28
8 1 22 25 28 31
9 1 25 28 31 34
10 1 28 31 34 37
11 1 31 34 37 40
12 1 34 37 40 43
13 1 37 40 43 46
14 1 40 43 46 49
15 1 43 46 49 52
16 1 46 49 52 55
17 1 49 52 55 58
18 2 2 1 4 6
19 2 5 4 7 9
20 2 8 7 10 12
21 2 11 10 13 15
22 2 14 13 16 18
23 2 17 16 19 21
24 2 20 19 22 24
25 2 23 22 25 27
26 2 26 25 28 30
27 2 29 28 31 33
28 2 32 31 34 36
29 2 35 34 37 39
30 2 38 37 40 42
31 2 41 40 43 45
32 2 44 43 46 48
33 2 47 46 49 51
34 2 50 49 52 54
35 2 53 52 55 57
36 2 56 55 58 60
37 3 3 1 4 5
38 3 6 4 7 8
39 3 9 7 10 11
40 3 12 10 13 14
41 3 15 13 16 17
42 3 18 16 19 20
43 3 21 19 22 23
44 3 24 22 25 26
45 3 27 25 28 29
46 3 30 28 31 32
47 3 33 31 34 35
48 3 36 34 37 38
49 3 39 37 40 41
50 3 42 40 43 44
51 3 45 43 46 47
52 3 48 46 49 50
53 3 51 49 52 53
54 3 54 52 55 56
55 3 57 55 58 59
56 1 61 64 67 70
57 1 64 67 70 73
58 1 67 70 73 76
59 1 70 73 76 79
60 1 73 76 79 82
61 1 76 79 82 85
62 1 79 82 85 88
63 1 82 85 88 91
64 1 85 88 91 94
65 1 88 91 94 97
66 1 91 94 97 100
67 1 94 97 100 103
68 1 97 100 103 106
69 1 100 103 106 109
70 1 103 106 109 112
71 1 106 109 112 115
72 1 109 112 115 118
73 2 62 61 64 66
74 2 65 64 67 69
75 2 68 67 70 72
76 2 71 70 73 75
77 2 74 73 76 78
78 2 77 76 79 81
79 2 80 79 82 84
80 2 83 82 85 87
81 2 86 85 88 90
82 2 89 88 91 93
83 2 92 91 94 96
84 2 95 94 97 99
85 2 98 97 100 102
86 2 101 100 103 105
87 2 104 103 106 108
88 2 107 106 109 111
89 2 110 109 112 114
90 2 113 112 115 117
91 2 116 115 118 120
92 3 63 61 64 65
93 3 66 64 67 68
94 3 69 67 70 71
95 3 72 70 73 74
96 3 75 73 76 77
97 3 78 76 79 80
98 3 81 79 82 83
99 3 84 82 85 86
100 3 87 85 88 89
101 3 90 88 91 92
102 3 93 91 94 95
103 3 96 94 97 98
104 3 99 97 100 101
105 3 102 100 103 104
106 3 105 103 106 107
107 3 108 106 109 110
108 3 111 109 112 113
109 3 114 112 115 116
110 3 117 115 118 119
111 1 121 124 127 130
112 1 124 127 130 133
113 1 127 130 133 136
114 1 130 133 136 139
115 1 133 136 139 142
116 1 136 139 142 145
117 1 139 142 145 148
118 1 142 145 148 151
119 1 145 148 151 154
120 1 148 151 154 157
121 1 151 154 157 160
122 1 154 157 160 163
123 1 157 160 163 166
124 1 160 163 166 169
125 1 163 166 169 172
126 1 166 169 172 175
127 1 169 172 175 178
128 2 122 121 124 126
129 2 125 124 127 129
130 2 128 127 130 132
131 2 131 130 133 135
132 2 134 133 136 138
133 2 137 136 139 141
134 2 140 139 142 144
135 2 143 142 145 147
136 2 146 145 148 150
137 2 149 148 151 153
138 2 152 151 154 156
139 2 155 154 157 159
140 2 158 157 160 162
141 2 161 160 163 165
142 2 164 163 166 168
143 2 167 166 169 171
144 2 170 169 172 174
145 2 173 172 175 177
146 2 176 175 178 180
147 3 123 121 124 125
148 3 126 124 127 128
149 3 129 127 130 131
150 3 132 130 133 134
151 3 135 133 136 137
152 3 138 136 139 140
153 3 141 139 142 143
154 3 144 142 145 146
155 3 147 145 148 149
156 3 150 148 151 152
157 3 153 151 154 155
158 3 156 154 157 158
159 3 159 157 160 161
160 3 162 160 163 164
161 3 165 163 166 167
162 3 168 166 169 170
163 3 171 169 172 173
164 3 174 172 175 176
165 3 177 175 178 179
166 1 181 184 187 190
167 1 184 187 190 193
168 1 187 190 193 196
169 1 190 193 196 199
170 1 193 196 199 202
171 1 196 199 202 205
172 1 199 202 205 208
173 1 202 205 208 211
174 1 205 208 211 214
175 1 208 211 214 217
176 1 211 214 217 220
177 1 214 217 220 223
178 1 217 220 223 226
179 1 220 223 226 229
180 1 223 226 229 232
181 1 226 229 232 235
182 1 229 232 235 238
183 2 182 181 184 186
184 2 185 184 187 189
185 2 188 187 190 192
186 2 191 190 193 195
187 2 194 193 196 198
188 2 197 196 199 201
189 2 200 199 202 204
190 2 203 202 205 207
191 2 206 205 208 210
192 2 209 208 211 213
193 2 212 211 214 216
194 2 215 214 217 219
195 2 218 217 220 222
196 2 221 220 223 225
197 2 224 223 226 228
198 2 227 226 229 231
199 2 230 229 232 234
200 2 233 232 235 237
201 2 236 235 238 240
202 3 183 181 184 185
203 3 186 184 187 188
204 3 189 187 190 191
205 3 192 190 193 194
206 3 195 193 196 197
207 3 198 196 199 200
208 3 201 199 202 203
209 3 204 202 205 206
210 3 207 205 208 209
211 3 210 208 211 212
212 3 213 211 214 215
213 3 216 214 217 218
214 3 219 217 220 221
215 3 222 220 223 224
216 3 225 223 226 227
217 3 228 226 229 230
218 3 231 229 232 233
219 3 234 232 235 236
220 3 237 235 238 239
221 1 241 244 247 250
222 1 244 247 250 253
223 1 247 250 253 256
224 1 250 253 256 259
225 1 253 256 259 262
226 1 256 259 262 265
227 1 259 262 265 268
228 1 262 265 268 271
229 1 265 268 271 274
230 1 268 271 274 277
231 1 271 274 277 280
232 1 274 277 280 283
233 1 277 280 283 286
234 1 280 283 286 289
235 1 283 286 289 292
236 1 286 289 292 295
237 1 289 292 295 298
238 2 242 241 244 246
239 2 245 244 247 249
240 2 248 247 250 252
241 2 251 250 253 255
242 2 254 253 256 258
243 2 257 256 259 261
244 2 260 259 262 264
245 2 263 262 265 267
246 2 266 265 268 270
247 2 269 268 271 273
248 2 272 271 274 276
249 2 275 274 277 279
250 2 278 277 280 282
251 2 281 280 283 285
252 2 284 283 286 288
253 2 287 286 289 291
254 2 290 289 292 294
255 2 293 292 295 297
256 2 296 295 298 300
257 3 243 241 244 245
258 3 246 244 247 248
259 3 249 247 250 251
260 3 252 250 253 254
261 3 255 253 256 257
262 3 258 256 259 260
263 3 261 259 262 263
264 3 264 262 265 266
265 3 267 265 268 269
266 3 270 268 271 272
267 3 273 271 274 275
268 3 276 274 277 278
269 3 279 277 280 281
270 3 282 280 283 284
271 3 285 283 286 287
272 3 288 286 289 290
273 3 291 289 292 293
274 3 294 292 295 296
275 3 297 295 298 299
276 1 301 304 307 310
277 1 304 307 310 313
278 1 307 310 313 316
279 1 310 313 316 319
280 1 313 316 319 322
281 1 316 319 322 325
282 1 319 322 325 328
283 1 322 325 328 331
284 1 325 328 331 334
285 1 328 331 334 337
286 1 331 334 337 340
287 1 334 337 340 343
288 1 337 340 343 346
289 1 340 343 346 349
290 1 343 346 349 352
291 1 346 349 352 355
292 1 349 352 355 358
293 2 302 301 304 306
294 2 305 304 307 309
295 2 308 307 310 312
296 2 311 310 313 315
297 2 314 313 316 318
298 2 317 316 319 321
299 2 320 319 322 324
300 2 323 322 325 327
301 2 326 325 328 330
302 2 329 328 331 333
303 2 332 331 334 336
304 2 335 334 337 339
305 2 338 337 340 342
306 2 341 340 343 345
307 2 344 343 346 348
308 2 347 346 349 351
309 2 350 349 352 354
310 2 353 352 355 357
311 2 356 355 358 360
312 3 303 301 304 305
313 3 306 304 307 308
314 3 309 307 310 311
315 3 312 310 313 314
316 3 315 313 316 317
317 3 318 316 319 320
318 3 321 319 322 323
319 3 324 322 325 326
320 3 327 325 328 329
321 3 330 328 331 332
322 3 333 331 334 335
323 3 336 334 337 338
324 3 339 337 340 341
325 3 342 340 343 344
326 3 345 343 346 347
327 3 348 346 349 350
328 3 351 349 352 353
329 3 354 352 355 356
330 3 357 355 358 359
331 1 361 364 367 370
332 1 364 367 370 373
333 1 367 370 373 376
334 1 370 373 376 379
335 1 373 376 379 382
336 1 376 379 382 385
337 1 379 382 385 388
338 1 382 385 388 391
339 1 385 388 391 394
340 1 388 391 394 397
341 1 391 394 397 400
342 1 394 397 400 403
343 1 397 400 403 406
344 1 400 403 406 409
345 1 403 406 409 412
346 1 406 409 412 415
347 1 409 412 415 418
348 2 362 361 364 366
349 2 365 364 367 369
350 2 368 367 370 372
351 2 371 370 373 375
352 2 374 373 376 378
353 2 377 376 379 381
354 2 380 379 382 384
355 2 383 382 385 387
356 2 386 385 388 390
357 2 389 388 391 393
358 2 392 391 394 396
359 2 395 394 397 399
360 2 398 397 400 402
361 2 401 400 403 405
362 2 404 403 406 408
363 2 407 406 409 411
364 2 410 409 412 414
365 2 413 412 415 417
366 2 416 415 418 420
367 3 363 361 364 365
368 3 366 364 367 368
369 3 369 367 370 371
370 3 372 370 373 374
371 3 375 373 376 377
372 3 378 376 379 380
373 3 381 379 382 383
374 3 384 382 385 386
375 3 387 385 388 389
376 3 390 388 391 392
377 3 393 391 394 395
378 3 396 394 397 398
379 3 399 397 400 401
380 3 402 400 403 404
381 3 405 403 406 407
382 3 408 406 409 410
383 3 411 409 412 413
384 3 414 412 415 416
385 3 417 415 418 419
386 1 421 424 427 430
387 1 424 427 430 433
388 1 427 430 433 436
389 1 430 433 436 439
390 1 433 436 439 442
391 1 436 439 442 445
392 1 439 442 445 448
393 1 442 445 448 451
394 1 445 448 451 454
395 1 448 451 454 457
396 1 451 454 457 460
397 1 454 457 460 463
398 1 457 460 463 466
399 1 460 463 466 469
400 1 463 466 469 472
401 1 466 469 472 475
402 1 469 472 475 478
403 2 422 421 424 426
404 2 425 424 427 429
405 2 428 427 430 432
406 2 431 430 433 435
407 2 434 433 436 438
408 2 437 436 439 441
409 2 440 439 442 444
410 2 443 442 445 447
411 2 446 445 448 450
412 2 449 448 451 453
413 2 452 451 454 456
414 2 455 454 457 459
415 2 458 457 460 462
416 2 461 460 463 465
417 2 464 463 466 468
418 2 467 466 469 471
419 2 470 469 472 474
420 2 473 472 475 477
421 2 476 475 478 480
422 3 423 421 424 425
423 3 426 424 427 428
424 3 429 427 430 431
425 3 432 430 433 434
426 3 435 433 436 437
427 3 438 436 439 440
428 3 441 439 442 443
429 3 444 442 445 446
430 3 447 445 448 449
431 3 450 448 451 452
432 3 453 451 454 455
433 3 456 454 457 458
434 3 459 457 460 461
435 3 462 460 463 464
436 3 465 463 466 467
437 3 468 466 469 470
438 3 471 469 472 473
439 3 474 472 475 476
440 3 477 475 478 479
441 1 481 484 487 490
442 1 484 487 490 493
443 1 487 490 493 496
444 1 490 493 496 499
445 1 493 496 499 502
446 1 496 499 502 505
447 1 499 502 505 508
448 1 502 505 508 511
449 1 505 508 511 514
450 1 508 511 514 517
451 1 511 514 517 520
452 1 514 517 520 523
453 1 517 520 523 526
454 1 520 523 526 529
455 1 523 526 529 532
456 1 526 529 532 535
457 1 529 532 535 538
458 2 482 481 484 486
459 2 485 484 487 489
460 2 488 487 490 492
461 2 491 490 493 495
462 2 494 493 496 498
463 2 497 496 499 501
464 2 500 499 502 504
465 2 503 502 505 507
466 2 506 505 508 510
467 2 509 508 511 513
468 2 512 511 514 516
469 2 515 514 517 519
470 2 518 517 520 522
471 2 521 520 523 525
472 2 524 523 526 528
473 2 527 526 529 531
474 2 530 529 532 534
475 2 533 532 535 537
476 2 536 535 538 540
477 3 483 481 484 485
478 3 486 484 487 488
479 3 489 487 490 491
480 3 492 490 493 494
481 3 495 493 496 497
482 3 498 496 499 500
483 3 501 499 502 503
484 3 504 502 505 506
485 3 507 505 508 509
486 3 510 508 511 512
487 3 513 511 514 515
488 3 516 514 517 518
489 3 519 517 520 521
490 3 522 520 523 524
491 3 525 523 526 527
492 3 528 526 529 530
493 3 531 529 532 533
494 3 534 532 535 536
495 3 537 535 538 539
496 1 541 544 547 550
497 1 544 547 550 553
498 1 547 550 553 556
499 1 550 553 556 559
500 1 553 556 559 562
501 1 556 559 562 565
502 1 559 562 565 568
503 1 562 565 568 571
504 1 565 568 571 574
505 1 568 571 574 577
506 1 571 574 577 580
507 1 574 577 580 583
508 1 577 580 583 586
509 1 580 583 586 589
510 1 583 586 589 592
511 1 586 589 592 595
512 1 589 592 595 598
513 2 542 541 544 546
514 2 545 544 547 549
515 2 548 547 550 552
516 2 551 550 553 555
517 2 554 553 556 558
518 2 557 556 559 561
519 2 560 559 562 564
520 2 563 562 565 567
521 2 566 565 568 570
522 2 569 568 571 573
523 2 572 571 574 576
524 2 575 574 577 579
525 2 578 577 580 582
526 2 581 580 583 585
527 2 584 583 586 588
528 2 587 586 589 591
529 2 590 589 592 594
530 2 593 592 595 597
531 2 596 595 598 600
532 3 543 541 544 545
533 3 546 544 547 548
534 3 549 547 550 551
535 3 552 550 553 554
536 3 555 553 556 557
537 3 558 556 559 560
538 3 561 559 562 563
539 3 564 562 565 566
540 3 567 565 568 569
541 3 570 568 571 572
542 3 573 571 574 575
543 3 576 574 577 578
544 3 579 577 580 581
545 3 582 580 583 584
546 3 585 583 586 587
547 3 588 586 589 590
548 3 591 589 592 593
549 3 594 592 595 596
550 3 597 595 598 599
551 1 601 604 607 610
552 1 604 607 610 613
553 1 607 610 613 616
554 1 610 613 616 619
555 1 613 616 619 622
556 1 616 619 622 625
557 1 619 622 625 628
558 1 622 625 628 631
559 1 625 628 631 634
560 1 628 631 634 637
561 1 631 634 637 640
562 1 634 637 640 643
563 1 637 640 643 646
564 1 640 643 646 649
565 1 643 646 649 652
566 1 646 649 652 655
567 1 649 652 655 658
568 2 602 601 604 606
569 2 605 604 607 609
570 2 608 607 610 612
571 2 611 610 613 615
572 2 614 613 616 618
573 2 617 616 619 621
574 2 620 619 622 624
575 2 623 622 625 627
576 2 626 625 628 630
577 2 629 628 631 633
578 2 632 631 634 636
579 2 635 634 637 639
580 2 638 637 640 642
581 2 641 640 643 645
582 2 644 643 646 648
583 2 647 646 649 651
584 2 650 649 652 654
585 2 653 652 655 657
586 2 656 655 658 660
587 3 603 601 604 605
588 3 606 604 607 608
589 3 609 607 610 611
590 3 612 610 613 614
591 3 615 613 616 617
592 3 618 616 619 620
593 3 621 619 622 623
594 3 624 622 625 626
595 3 627 625 628 629
596 3 630 628 631 632
597 3 633 631 634 635
598 3 636 634 637 638
599 3 639 637 640 641
600 3 642 640 643 644
601 3 645 643 646 647
602 3 648 646 649 650
603 3 651 649 652 653
604 3 654 652 655 656
605 3 657 655 658 659
606 1 661 664 667 670
607 1 664 667 670 673
608 1 667 670 673 676
609 1 670 673 676 679
610 1 673 676 679 682
611 1 676 679 682 685
612 1 679 682 685 688
613 1 682 685 688 691
614 1 685 688 691 694
615 1 688 691 694 697
616 1 691 694 697 700
617 1 694 697 700 703
618 1 697 700 703 706
619 1 700 703 706 709
620 1 703 706 709 712
621 1 706 709 712 715
622 1 709 712 715 718
623 2 662 661 664 666
624 2 665 664 667 669
625 2 668 667 670 672
626 2 671 670 673 675
627 2 674 673 676 678
628 2 677 676 679 681
629 2 680 679 682 684
630 2 683 682 685 687
631 2 686 685 688 690
632 2 689 688 691 693
633 2 692 691 694 696
634 2 695 694 697 699
635 2 698 697 700 702
636 2 701 700 703 705
637 2 704 703 706 708
638 2 707 706 709 711
639 2 710 709 712 714
640 2 713 712 715 717
641 2 716 715 718 720
642 3 663 661 664 665
643 3 666 664 667 668
644 3 669 667 670 671
645 3 672 670 673 674
646 3 675 673 676 677
647 3 678 676 679 680
648 3 681 679 682 683
649 3 684 682 685 686
650 3 687 685 688 689
651 3 690 688 691 692
652 3 693 691 694 695
653 3 696 694 697 698
654 3 699 697 700 701
655 3 702 700 703 704
656 3 705 703 706 707
657 3 708 706 709 710
658 3 711 709 712 713
659 3 714 712 715 716
660 3 717 715 718 719
661 1 721 724 727 730
662 1 724 727 730 733
663 1 727 730 733 736
664 1 730 733 736 739
665 1 733 736 739 742
666 1 736 739 742 745
667 1 739 742 745 748
668 1 742 745 748 751
669 1 745 748 751 754
670 1 748 751 754 757
671 1 751 754 757 760
672 1 754 757 760 763
673 1 757 760 763 766
674 1 760 763 766 769
675 1 763 766 769 772
676 1 766 769 772 775
677 1 769 772 775 778
678 2 722 721 724 726
679 2 725 724 727 729
680 2 728 727 730 732
681 2 731 730 733 735
682 2 734 733 736 738
683 2 737 736 739 741
684 2 740 739 742 744
685 2 743 742 745 747
686 2 746 745 748 750
687 2 749 748 751 753
688 2 752 751 754 756
689 2 755 754 757 759
690 2 758 757 760 762
691 2 761 760 763 765
692 2 764 763 766 768
693 2 767 766 769 771
694 2 770 769 772 774
695 2 773 772 775 777
696 2 776 775 778 780
697 3 723 721 724 725
698 3 726 724 727 728
699 3 729 727 730 731
700 3 732 730 733 734
701 3 735 733 736 737
702 3 738 736 739 740
703 3 741 739 742 743
704 3 744 742 745 746
705 3 747 745 748 749
706 3 750 748 751 752
707 3 753 751 754 755
708 3 756 754 757 758
709 3 759 757 760 761
710 3 762 760 763 764
711 3 765 763 766 767
712 3 768 766 769 770
713 3 771 769 772 773
714 3 774 772 775 776
715 3 777 775 778 779
716 1 781 784 787 790
717 1 784 787 790 793
718 1 787 790 793 796
719 1 790 793 796 799
720 1 793 796 799 802
721 1 796 799 802 805
722 1 799 802 805 808
723 1 802 805 808 811
724 1 805 808 811 814
725 1 808 811 814 817
726 1 811 814 817 820
727 1 814 817 820 823
728 1 817 820 823 826
729 1 820 823 826 829
730 1 823 826 829 832
731 1 826 829 832 835
732 1 829 832 835 838
733 2 782 781 784 786
734 2 785 784 787 789
735 2 788 787 790 792
736 2 791 790 793 795
737 2 794 793 796 798
738 2 797 796 799 801
739 2 800 799 802 804
740 2 803 802 805 807
741 2 806 805 808 810
742 2 809 808 811 813
743 2 812 811 814 816
744 2 815 814 817 819
745 2 818 817 820 822
746 2 821 820 823 825
747 2 824 823 826 828
748 2 827 826 829 831
749 2 830 829 832 834
750 2 833 832 835 837
751 2 836 835 838 840
752 3 783 781 784 785
753 3 786 784 787 788
754 3 789 787 790 791
755 3 792 790 793 794
756 3 795 793 796 797
757 3 798 796 799 800
758 3 801 799 802 803
759 3 804 802 805 806
760 3 807 805 808 809
761 3 810 808 811 812
762 3 813 811 814 815
763 3 816 814 817 818
764 3 819 817 820 821
765 3 822 820 823 824
766 3 825 823 826 827
767 3 828 826 829 830
768 3 831 829 832 833
769 3 834 832 835 836
770 3 837 835 838 839
771 1 841 844 847 850
772 1 844 847 850 853
773 1 847 850 853 856
774 1 850 853 856 859
775 1 853 856 859 862
776 1 856 859 862 865
777 1 859 862 865 868
778 1 862 865 868 871
779 1 865 868 871 874
780 1 868 871 874 877
781 1 871 874 877 880
782 1 874 877 880 883
783 1 877 880 883 886
784 1 880 883 886 889
785 1 883 886 889 892
786 1 886 889 892 895
787 1 889 892 895 898
788 2 842 841 844 846
789 2 845 844 847 849
790 2 848 847 850 852
791 2 851 850 853 855
792 2 854 853 856 858
793 2 857 856 859 861
794 2 860 859 862 864
795 2 863 862 865 867
796 2 866 865 868 870
797 2 869 868 871 873
798 2 872 871 874 876
799 2 875 874 877 879
800 2 878 877 880 882
801 2 881 880 883 885
802 2 884 883 886 888
803 2 887 886 889 891
804 2 890 889 892 894
805 2 893 892 895 897
806 2 896 895 898 900
807 3 843 841 844 845
808 3 846 844 847 848
809 3 849 847 850 851
810 3 852 850 853 854
811 3 855 853 856 857
812 3 858 856 859 860
813 3 861 859 862 863
814 3 864 862 865 866
815 3 867 865 868 869
816 3 870 868 871 872
817 3 873 871 874 875
818 3 876 874 877 878
819 3 879 877 880 881
820 3 882 880 883 884
821 3 885 883 886 887
822 3 888 886 889 890
823 3 891 889 892 893
824 3 894 892 895 896
825 3 897 895 898 899
826 1 901 904 907 910
827 1 904 907 910 913
828 1 907 910 913 916
829 1 910 913 916 919
830 1 913 916 919 922
831 1 916 919 922 925
832 1 919 922 925 928
833 1 922 925 928 931
834 1 925 928 931 934
835 1 928 931 934 937
836 1 931 934 937 940
837 1 934 937 940 943
838 1 937 940 943 946
839 1 940 943 946 949
840 1 943 946 949 952
841 1 946 949 952 955
842 1 949 952 955 958
843 2 902 901 904 906
844 2 905 904 907 909
845 2 908 907 910 912
846 2 911 910 913 915
847 2 914 913 916 918
848 2 917 916 919 921
849 2 920 919 922 924
850 2 923 922 925 927
851 2 926 925 928 930
852 2 929 928 931 933
853 2 932 931 934 936
854 2 935 934 937 939
855 2 938 937 940 942
856 2 941 940 943 945
857 2 944 943 946 948
858 2 947 946 949 951
859 2 950 949 952 954
860 2 953 952 955 957
861 2 956 955 958 960
862 3 903 901 904 905
863 3 906 904 907 908
864 3 909 907 910 911
865 3 912 910 913 914
866 3 915 913 916 917
867 3 918 916 919 920
868 3 921 919 922 923
869 3 924 922 925 926
870 3 927 925 928 929
871 3 930 928 931 932
872 3 933 931 934 935
873 3 936 934 937 938
874 3 939 937 940 941
875 3 942 940 943 944
876 3 945 943 946 947
877 3 948 946 949 950
878 3 951 949 952 953
879 3 954 952 955 956
880 3 957 955 958 959
881 1 961 964 967 970
882 1 964 967 970 973
883 1 967 970 973 976
884 1 970 973 976 979
885 1 973 976 979 982
886 1 976 979 982 985
887 1 979 982 985 988
888 1 982 985 988 991
889 1 985 988 991 994
890 1 988 991 994 997
891 1 991 994 997 1000
892 1 994 997 1000 1003
893 1 997 1000 1003 1006
894 1 1000 1003 1006 1009
895 1 1003 1006 1009 1012
896 1 1006 1009 1012 1015
897 1 1009 1012 1015 1018
898 2 962 961 964 966
899 2 965 964 967 969
900 2 968 967 970 972
901 2 971 970 973 975
902 2 974 973 976 978
903 2 977 976 979 981
904 2 980 979 982 984
905 2 983 982 985 987
906 2 986 985 988 990
907 2 989 988 991 993
908 2 992 991 994 996
909 2 995 994 997 999
910 2 998 997 1000 1002
911 2 1001 1000 1003 1005
912 2 1004 1003 1006 1008
913 2 1007 1006 1009 1011
914 2 1010 1009 1012 1014
915 2 1013 1012 1015 1017
916 2 1016 1015 1018 1020
917 3 963 961 964 965
918 3 966 964 967 968
919 3 969 967 970 971
920 3 972 970 973 974
921 3 975 973 976 977
922 3 978 976 979 980
923 3 981 979 982 983
924 3 984 982 985 986
925 3 987 985 988 989
926 3 990 988 991 992
927 3 993 991 994 995
928 3 996 994 997 998
929 3 999 997 1000 1001
930 3 1002 1000 1003 1004
931 3 1005 1003 1006 1007
932 3 1008 1006 1009 1010
933 3 1011 1009 1012 1013
934 3 1014 1012 1015 1016
935 3 1017 1015 1018 1019
936 1 1021 1024 1027 1030
937 1 1024 1027 1030 1033
938 1 1027 1030 1033 1036
939 1 1030 1033 1036 1039
940 1 1033 1036 1039 1042
941 1 1036 1039 1042 1045
942 1 1039 1042 1045 1048
943 1 1042 1045 1048 1051
944 1 1045 1048 1051 1054
945 1 1048 1051 1054 1057
946 1 1051 1054 1057 1060
947 1 1054 1057 1060 1063
948 1 1057 1060 1063 1066
949 1 1060 1063 1066 1069
950 1 1063 1066 1069 1072
951 1 1066 1069 1072 1075
952 1 1069 1072 1075 1078
953 2 1022 1021 1024 1026
954 2 1025 1024 1027 1029
955 2 1028 1027 1030 1032
956 2 1031 1030 1033 1035
957 2 1034 1033 1036 1038
958 2 1037 1036 1039 1041
959 2 1040 1039 1042 1044
960 2 1043 1042 1045 1047
961 2 1046 1045 1048 1050
962 2 1049 1048 1051 1053
963 2 1052 1051 1054 1056
964 2 1055 1054 1057 1059
965 2 1058 1057 1060 1062
966 2 1061 1060 1063 1065
967 2 1064 1063 1066 1068
968 2 1067 1066 1069 1071
969 2 1070 1069 1072 1074
970 2 1073 1072 1075 1077
971 2 1076 1075 1078 1080
972 3 1023 1021 1024 1025
973 3 1026 1024 1027 1028
974 3 1029 1027 1030 1031
975 3 1032 1030 1033 1034
976 3 1035 1033 1036 1037
977 3 1038 1036 1039 1040
978 3 1041 1039 1042 1043
979 3 1044 1042 1045 1046
980 3 1047 1045 1048 1049
981 3 1050 1048 1051 1052
982 3 1053 1051 1054 1055
983 3 1056 1054 1057 1058
984 3 1059 1057 1060 1061
985 3 1062 1060 1063 1064
986 3 1065 1063 1066 1067
987 3 1068 1066 1069 1070
988 3 1071 1069 1072 1073
989 3 1074 1072 1075 1076
990 3 1077 1075 1078 1079
991 1 1081 1084 1087 1090
992 1 1084 1087 1090 1093
993 1 1087 1090 1093 1096
994 1 1090 1093 1096 1099
995 1 1093 1096 1099 1102
996 1 1096 1099 1102 1105
997 1 1099 1102 1105 1108
998 1 1102 1105 1108 1111
999 1 1105 1108 1111 1114
1000 1 1108 1111 1114 1117
1001 1 1111 1114 1117 1120
1002 1 1114 1117 1120 1123
1003 1 1117 1120 1123 1126
1004 1 1120 1123 1126 1129
1005 1 1123 1126 1129 1132
1006 1 1126 1129 1132 1135
1007 1 1129 1132 1135 1138
1008 2 1082 1081 1084 1086
1009 2 1085 1084 1087 1089
1010 2 1088 1087 1090 1092
1011 2 1091 1090 1093 1095
1012 2 1094 1093 1096 1098
1013 2 1097 1096 1099 1101
1014 2 1100 1099 1102 1104
1015 2 1103 1102 1105 1107
1016 2 1106 1105 1108 1110
1017 2 1109 1108 1111 1113
1018 2 1112 1111 1114 1116
1019 2 1115 1114 1117 1119
1020 2 1118 1117 1120 1122
1021 2 1121 1120 1123 1125
1022 2 1124 1123 1126 1128
1023 2 1127 1126 1129 1131
1024 2 1130 1129 1132 1134
1025 2 1133 1132 1135 1137
1026 2 1136 1135 1138 1140
1027 3 1083 1081 1084 1085
1028 3 1086 1084 1087 1088
1029 3 1089 1087 1090 1091
1030 3 1092 1090 1093 1094
1031 3 1095 1093 1096 1097
1032 3 1098 1096 1099 1100
1033 3 1101 1099 1102 1103
1034 3 1104 1102 1105 1106
1035 3 1107 1105 1108 1109
1036 3 1110 1108 1111 1112
1037 3 1113 1111 1114 1115
1038 3 1116 1114 1117 1118
1039 3 1119 1117 1120 1121
1040 3 1122 1120 1123 1124
1041 3 1125 1123 1126 1127
1042 3 1128 1126 1129 1130
1043 3 1131 1129 1132 1133
1044 3 1134 1132 1135 1136
1045 3 1137 1135 1138 1139
1046 1 1141 1144 1147 1150
1047 1 1144 1147 1150 1153
1048 1 1147 1150 1153 1156
1049 1 1150 1153 1156 1159
1050 1 1153 1156 1159 1162
1051 1 1156 1159 1162 1165
1052 1 1159 1162 1165 1168
1053 1 1162 1165 1168 1171
1054 1 1165 1168 1171 1174
1055 1 1168 1171 1174 1177
1056 1 1171 1174 1177 1180
1057 1 1174 1177 1180 1183
1058 1 1177 1180 1183 1186
1059 1 1180 1183 1186 1189
1060 1 1183 1186 1189 1192
1061 1 1186 1189 1192 1195
1062 1 1189 1192 1195 1198
1063 2 1142 1141 1144 1146
1064 2 1145 1144 1147 1149
1065 2 1148 1147 1150 1152
1066 2 1151 1150 1153 1155
1067 2 1154 1153 1156 1158
1068 2 1157 1156 1159 1161
1069 2 1160 1159 1162 1164
1070 2 1163 1162 1165 1167
1071 2 1166 1165 1168 1170
1072 2 1169 1168 1171 1173
1073 2 1172 1171 1174 1176
1074 2 1175 1174 1177 1179
1075 2 1178 1177 1180 1182
1076 2 1181 1180 1183 1185
1077 2 1184 1183 1186 1188
1078 2 1187 1186 1189 1191
1079 2 1190 1189 1192 1194
1080 2 1193 1192 1195 1197
1081 2 1196 1195 1198 1200
1082 3 1143 1141 1144 1145
1083 3 1146 1144 1147 1148
1084 3 1149 1147 1150 1151
1085 3 1152 1150 1153 1154
1086 3 1155 1153 1156 1157
1087 3 1158 1156 1159 1160
1088 3 1161 1159 1162 1163
1089 3 1164 1162 1165 1166
1090 3 1167 1165 1168 1169
1091 3 1170 1168 1171 1172
1092 3 1173 1171 1174 1175
1093 3 1176 1174 1177 1178
1094 3 1179 1177 1180 1181
1095 3 1182 1180 1183 1184
1096 3 1185 1183 1186 1187
1097 3 1188 1186 1189 1190
1098 3 1191 1189 1192 1193
1099 3 1194 1192 1195 1196
1100 3 1197 1195 1198 1199
1101 1 1201 1204 1207 1210
1102 1 1204 1207 1210 1213
1103 1 1207 1210 1213 1216
1104 1 1210 1213 1216 1219
1105 1 1213 1216 1219 1222
1106 1 1216 1219 1222 1225
1107 1 1219 1222 1225 1228
1108 1 1222 1225 1228 1231
1109 1 1225 1228 1231 1234
1110 1 1228 1231 1234 1237
1111 1 1231 1234 1237 1240
1112 1 1234 1237 1240 1243
1113 1 1237 1240 1243 1246
1114 1 1240 1243 1246 1249
1115 1 1243 1246 1249 1252
1116 1 1246 1249 1252 1255
1117 1 1249 1252 1255 1258
1118 2 1202 1201 1204 1206
1119 2 1205 1204 1207 1209
1120 2 1208 1207 1210 1212
1121 2 1211 1210 1213 1215
1122 2 1214 1213 1216 1218
1123 2 1217 1216 1219 1221
1124 2 1220 1219 1222 1224
1125 2 1223 1222 1225 1227
1126 2 1226 1225 1228 1230
1127 2 1229 1228 1231 1233
1128 2 1232 1231 1234 1236
1129 2 1235 1234 1237 1239
1130 2 1238 1237 1240 1242
1131 2 1241 1240 1243 1245
1132 2 1244 1243 1246 1248
1133 2 1247 1246 1249 1251
1134 2 1250 1249 1252 1254
1135 2 1253 1252 1255 1257
1136 2 1256 1255 1258 1260
1137 3 1203 1201 1204 1205
1138 3 1206 1204 1207 1208
1139 3 1209 1207 1210 1211
1140 3 1212 1210 1213 1214
1141 3 1215 1213 1216 1217
1142 3 1218 1216 1219 1220
1143 3 1221 1219 1222 1223
1144 3 1224 1222 1225 1226
1145 3 1227 1225 1228 1229
1146 3 1230 1228 1231 1232
1147 3 1233 1231 1234 1235
1148 3 1236 1234 1237 1238
1149 3 1239 1237 1240 1241
1150 3 1242 1240 1243 1244
1151 3 1245 1243 1246 1247
1152 3 1248 1246 1249 1250
1153 3 1251 1249 1252 1253
1154 3 1254 1252 1255 1256
1155 3 1257 1255 1258 1259
1156 1 1261 1264 1267 1270
1157 1 1264 1267 1270 1273
1158 1 1267 1270 1273 1276
1159 1 1270 1273 1276 1279
1160 1 1273 1276 1279 1282
1161 1 1276 1279 1282 1285
1162 1 1279 1282 1285 1288
1163 1 1282 1285 1288 1291
1164 1 1285 1288 1291 1294
1165 1 1288 1291 1294 1297
1166 1 1291 1294 1297 1300
1167 1 1294 1297 1300 1303
1168 1 1297 1300 1303 1306
1169 1 1300 1303 1306 1309
1170 1 1303 1306 1309 1312
1171 1 1306 1309 1312 1315
1172 1 1309 1312 1315 1318
1173 2 1262 1261 1264 1266
1174 2 1265 1264 1267 1269
1175 2 1268 1267 1270 1272
1176 2 1271 1270 1273 1275
1177 2 1274 1273 1276 1278
1178 2 1277 1276 1279 1281
1179 2 1280 1279 1282 1284
1180 2 1283 1282 1285 1287
1181 2 1286 1285 1288 1290
1182 2 1289 1288 1291 1293
1183 2 1292 1291 1294 1296
1184 2 1295 1294 1297 1299
1185 2 1298 1297 1300 1302
1186 2 1301 1300 1303 1305
1187 2 1304 1303 1306 1308
1188 2 1307 1306 1309 1311
1189 2 1310 1309 1312 1314
1190 2 1313 1312 1315 1317
1191 2 1316 1315 1318 1320
1192 3 1263 1261 1264 1265
1193 3 1266 1264 1267 1268
1194 3 1269 1267 1270 1271
1195 3 1272 1270 1273 1274
1196 3 1275 1273 1276 1277
1197 3 1278 1276 1279 1280
1198 3 1281 1279 1282 1283
1199 3 1284 1282 1285 1286
1200 3 1287 1285 1288 1289
1201 3 1290 1288 1291 1292
1202 3 1293 1291 1294 1295
1203 3 1296 1294 1297 1298
1204 3 1299 1297 1300 1301
1205 3 1302 1300 1303 1304
1206 3 1305 1303 1306 1307
1207 3 1308 1306 1309 1310
1208 3 1311 1309 1312 1313
1209 3 1314 1312 1315 1316
1210 3 1317 1315 1318 1319
1211 1 1321 1324 1327 1330
1212 1 1324 1327 1330 1333
1213 1 1327 1330 1333 1336
1214 1 1330 1333 1336 1339
1215 1 1333 1336 1339 1342
1216 1 1336 1339 1342 1345
1217 1 1339 1342 1345 1348
1218 1 1342 1345 1348 1351
1219 1 1345 1348 1351 1354
1220 1 1348 1351 1354 1357
1221 1 1351 1354 1357 1360
1222 1 1354 1357 1360 1363
1223 1 1357 1360 1363 1366
1224 1 1360 1363 1366 1369
1225 1 1363 1366 1369 1372
1226 1 1366 1369 1372 1375
1227 1 1369 1372 1375 1378
1228 2 1322 1321 1324 1326
1229 2 1325 1324 1327 1329
1230 2 1328 1327 1330 1332
1231 2 1331 1330 1333 1335
1232 2 1334 1333 1336 1338
1233 2 1337 1336 1339 1341
1234 2 1340 1339 1342 1344
1235 2 1343 1342 1345 1347
1236 2 1346 1345 1348 1350
1237 2 1349 1348 1351 1353
1238 2 1352 1351 1354 1356
1239 2 1355 1354 1357 1359
1240 2 1358 1357 1360 1362
1241 2 1361 1360 1363 1365
1242 2 1364 1363 1366 1368
1243 2 1367 1366 1369 1371
1244 2 1370 1369 1372 1374
1245 2 1373 1372 1375 1377
1246 2 1376 1375 1378 1380
1247 3 1323 1321 1324 1325
1248 3 1326 1324 1327 1328
1249 3 1329 1327 1330 1331
1250 3 1332 1330 1333 1334
1251 3 1335 1333 1336 1337
1252 3 1338 1336 1339 1340
1253 3 1341 1339 1342 1343
1254 3 1344 1342 1345 1346
1255 3 1347 1345 1348 1349
1256 3 1350 1348 1351 1352
1257 3 1353 1351 1354 1355
1258 3 1356 1354 1357 1358
1259 3 1359 1357 1360 1361
1260 3 1362 1360 1363 1364
1261 3 1365 1363 1366 1367
1262 3 1368 1366 1369 1370
1263 3 1371 1369 1372 1373
1264 3 1374 1372 1375 1376
1265 3 1377 1375 1378 1379
1266 1 1381 1384 1387 1390
1267 1 1384 1387 1390 1393
1268 1 1387 1390 1393 1396
1269 1 1390 1393 1396 1399
1270 1 1393 1396 1399 1402
1271 1 1396 1399 1402 1405
1272 1 1399 1402 1405 1408
1273 1 1402 1405 1408 1411
1274 1 1405 1408 1411 1414
1275 1 1408 1411 1414 1417
1276 1 1411 1414 1417 1420
1277 1 1414 1417 1420 1423
1278 1 1417 1420 1423 1426
1279 1 1420 1423 1426 1429
1280 1 1423 1426 1429 1432
1281 1 1426 1429 1432 1435
1282 1 1429 1432 1435 1438
1283 2 1382 1381 1384 1386
1284 2 1385 1384 1387 1389
1285 2 1388 1387 1390 1392
1286 2 1391 1390 1393 1395
1287 2 1394 1393 1396 1398
1288 2 1397 1396 1399 1401
1289 2 1400 1399 1402 1404
1290 2 1403 1402 1405 1407
1291 2 1406 1405 1408 1410
1292 2 1409 1408 1411 1413
1293 2 1412 1411 1414 1416
1294 2 1415 1414 1417 1419
1295 2 1418 1417 1420 1422
1296 2 1421 1420 1423 1425
1297 2 1424 1423 1426 1428
1298 2 1427 1426 1429 1431
1299 2 1430 1429 1432 1434
1300 2 1433 1432 1435 1437
1301 2 1436 1435 1438 1440
1302 3 1383 1381 1384 1385
1303 3 1386 1384 1387 1388
1304 3 1389 1387 1390 1391
1305 3 1392 1390 1393 1394
1306 3 1395 1393 1396 1397
1307 3 1398 1396 1399 1400
1308 3 1401 1399 1402 1403
1309 3 1404 1402 1405 1406
1310 3 1407 1405 1408 1409
1311 3 1410 1408 1411 1412
1312 3 1413 1411 1414 1415
1313 3 1416 1414 1417 1418
1314 3 1419 1417 1420 1421
1315 3 1422 1420 1423 1424
1316 3 1425 1423 1426 1427
1317 3 1428 1426 1429 1430
1318 3 1431 1429 1432 1433
1319 3 1434 1432 1435 1436
1320 3 1437 1435 1438 1439
1321 1 1441 1444 1447 1450
1322 1 1444 1447 1450 1453
1323 1 1447 1450 1453 1456
1324 1 1450 1453 1456 1459
1325 1 1453 1456 1459 1462
1326 1 1456 1459 1462 1465
1327 1 1459 1462 1465 1468
1328 1 1462 1465 1468 1471
1329 1 1465 1468 1471 1474
1330 1 1468 1471 1474 1477
1331 1 1471 1474 1477 1480
1332 1 1474 1477 1480 1483
1333 1 1477 1480 1483 1486
1334 1 1480 1483 1486 1489
1335 1 1483 1486 1489 1492
1336 1 1486 1489 1492 1495
1337 1 1489 1492 1495 1498
1338 2 1442 1441 1444 1446
1339 2 1445 1444 1447 1449
1340 2 1448 1447 1450 1452
1341 2 1451 1450 1453 1455
1342 2 1454 1453 1456 1458
1343 2 1457 1456 1459 1461
1344 2 1460 1459 1462 1464
1345 2 1463 1462 1465 1467
1346 2 1466 1465 1468 1470
1347 2 1469 1468 1471 1473
1348 2 1472 1471 1474 1476
1349 2 1475 1474 1477 1479
1350 2 1478 1477 1480 1482
1351 2 1481 1480 1483 1485
1352 2 1484 1483 1486 1488
1353 2 1487 1486 1489 1491
1354 2 1490 1489 1492 1494
1355 2 1493 1492 1495 1497
1356 2 1496 1495 1498 1500
1357 3 1443 1441 1444 1445
1358 3 1446 1444 1447 1448
1359 3 1449 1447 1450 1451
1360 3 1452 1450 1453 1454
1361 3 1455 1453 1456 1457
1362 3 1458 1456 1459 1460
1363 3 1461 1459 1462 1463
1364 3 1464 1462 1465 1466
1365 3 1467 1465 1468 1469
1366 3 1470 1468 1471 1472
1367 3 1473 1471 1474 1475
1368 3 1476 1474 1477 1478
1369 3 1479 1477 1480 1481
1370 3 1482 1480 1483 1484
1371 3 1485 1483 1486 1487
1372 3 1488 1486 1489 1490
1373 3 1491 1489 1492 1493
1374 3 1494 1492 1495 1496
1375 3 1497 1495 1498 1499
