# step_count,fitted_elastic_modulus,elastic_modulus_match_degree,average_bond_length,average_persistence_length,persistence_length_match_degree,average_end_to_end_distance,end_to_end_distance_match_degree,reward_value
1.000000e+00,3.172710e+03,-1.000000e+00,5.272260e-01,2.100540e+01,-1.000000e+00,9.509413e+00,-1.000000e+00,-1.500000e+01
2.000000e+00,3.060954e+03,-1.000000e+00,5.272377e-01,1.769784e+01,-1.000000e+00,9.448594e+00,-1.000000e+00,-1.500000e+01
3.000000e+00,2.811571e+03,-1.000000e+00,5.271607e-01,1.227200e+01,6.204870e-01,9.237182e+00,8.822988e-01,2.513929e+00
4.000000e+00,2.953729e+03,-1.000000e+00,5.271553e-01,1.937099e+01,-1.000000e+00,9.486364e+00,-1.000000e+00,-1.500000e+01
5.000000e+00,3.189445e+03,-1.000000e+00,5.272120e-01,1.695998e+01,-1.000000e+00,9.423147e+00,-1.000000e+00,-1.500000e+01
6.000000e+00,2.543729e+03,-1.000000e+00,5.272060e-01,2.295256e+01,-1.000000e+00,9.547480e+00,-1.000000e+00,-1.500000e+01
7.000000e+00,2.749413e+03,-1.000000e+00,5.270997e-01,1.854275e+01,-1.000000e+00,9.467835e+00,-1.000000e+00,-1.500000e+01
8.000000e+00,2.935198e+03,-1.000000e+00,5.271770e-01,2.222317e+01,-1.000000e+00,9.543259e+00,-1.000000e+00,-1.500000e+01
9.000000e+00,2.479131e+03,-1.000000e+00,5.272637e-01,1.638934e+01,-1.000000e+00,9.405924e+00,-1.000000e+00,-1.500000e+01
1.000000e+01,2.517304e+03,-1.000000e+00,5.272303e-01,1.617957e+01,-1.000000e+00,9.402269e+00,-1.000000e+00,-1.500000e+01
1.100000e+01,2.576104e+03,9.125182e-01,5.272533e-01,1.779019e+01,-1.000000e+00,9.442788e+00,-1.000000e+00,-5.437409e+00
1.200000e+01,2.589341e+03,9.398243e-01,5.272367e-01,1.844475e+01,-1.000000e+00,9.451332e+00,-1.000000e+00,-5.300879e+00
1.300000e+01,2.756450e+03,-1.000000e+00,5.271487e-01,2.169371e+01,-1.000000e+00,9.529681e+00,-1.000000e+00,-1.500000e+01
1.400000e+01,2.502366e+03,-1.000000e+00,5.271933e-01,2.302281e+01,-1.000000e+00,9.552693e+00,-1.000000e+00,-1.500000e+01
1.500000e+01,2.561096e+03,8.910080e-01,5.272127e-01,1.634434e+01,-1.000000e+00,9.407428e+00,-1.000000e+00,-5.544960e+00
1.600000e+01,2.813776e+03,-1.000000e+00,5.272023e-01,1.782289e+01,-1.000000e+00,9.448415e+00,-1.000000e+00,-1.500000e+01
1.700000e+01,2.730124e+03,-1.000000e+00,5.271990e-01,2.325490e+01,-1.000000e+00,9.556902e+00,-1.000000e+00,-1.500000e+01
1.800000e+01,2.570543e+03,9.037987e-01,5.271767e-01,1.973385e+01,-1.000000e+00,9.488518e+00,-1.000000e+00,-5.481007e+00
1.900000e+01,2.523793e+03,-1.000000e+00,5.271767e-01,1.243940e+01,6.244190e-01,9.255196e+00,8.723281e-01,2.483735e+00
2.000000e+01,2.512534e+03,-1.000000e+00,5.271980e-01,1.996764e+01,-1.000000e+00,9.496313e+00,-1.000000e+00,-1.500000e+01
2.100000e+01,3.052311e+03,-1.000000e+00,5.271533e-01,2.168993e+01,-1.000000e+00,9.532956e+00,-1.000000e+00,-1.500000e+01
2.200000e+01,2.551903e+03,8.802738e-01,5.272617e-01,1.829024e+01,-1.000000e+00,9.454112e+00,-1.000000e+00,-5.598631e+00
2.300000e+01,2.815475e+03,-1.000000e+00,5.271520e-01,1.385957e+01,-1.000000e+00,9.305124e+00,8.564829e-01,-5.717585e+00
2.400000e+01,2.517957e+03,-1.000000e+00,5.272797e-01,1.497420e+01,-1.000000e+00,9.359240e+00,-1.000000e+00,-1.500000e+01
2.500000e+01,3.089580e+03,-1.000000e+00,5.271960e-01,2.437790e+01,-1.000000e+00,9.571922e+00,-1.000000e+00,-1.500000e+01
2.600000e+01,2.550113e+03,8.783342e-01,5.272207e-01,2.087647e+01,-1.000000e+00,9.521440e+00,-1.000000e+00,-5.608329e+00
2.700000e+01,3.048883e+03,-1.000000e+00,5.272060e-01,1.509559e+01,-1.000000e+00,9.354856e+00,-1.000000e+00,-1.500000e+01
2.800000e+01,3.012966e+03,-1.000000e+00,5.271957e-01,1.368264e+01,-1.000000e+00,9.298841e+00,8.593304e-01,-5.703348e+00
2.900000e+01,2.879642e+03,-1.000000e+00,5.272407e-01,1.740541e+01,-1.000000e+00,9.430500e+00,-1.000000e+00,-1.500000e+01
3.000000e+01,2.933240e+03,-1.000000e+00,5.272823e-01,1.110997e+01,6.658049e-01,9.159273e+00,9.199230e-01,2.928639e+00
3.100000e+01,2.835233e+03,-1.000000e+00,5.271540e-01,9.662207e+00,7.656425e-01,9.039474e+00,8.951789e-01,3.304107e+00
3.200000e+01,2.671194e+03,-1.000000e+00,5.271807e-01,2.126577e+01,-1.000000e+00,9.528901e+00,-1.000000e+00,-1.500000e+01
3.300000e+01,2.944112e+03,-1.000000e+00,5.272250e-01,2.325408e+01,-1.000000e+00,9.554325e+00,-1.000000e+00,-1.500000e+01
3.400000e+01,2.785742e+03,-1.000000e+00,5.271047e-01,2.244176e+01,-1.000000e+00,9.539621e+00,-1.000000e+00,-1.500000e+01
3.500000e+01,2.669102e+03,-1.000000e+00,5.272243e-01,1.308392e+01,-1.000000e+00,9.279756e+00,8.637900e-01,-5.681050e+00
3.600000e+01,3.210481e+03,-1.000000e+00,5.271403e-01,1.548976e+01,-1.000000e+00,9.370766e+00,-1.000000e+00,-1.500000e+01
3.700000e+01,2.799699e+03,-1.000000e+00,5.270840e-01,1.999266e+01,-1.000000e+00,9.498005e+00,-1.000000e+00,-1.500000e+01
3.800000e+01,2.607595e+03,9.487241e-01,5.272617e-01,1.428623e+01,-1.000000e+00,9.332173e+00,-1.000000e+00,-5.256380e+00
3.900000e+01,3.098873e+03,-1.000000e+00,5.271680e-01,2.117230e+01,-1.000000e+00,9.524248e+00,-1.000000e+00,-1.500000e+01
4.000000e+01,2.677382e+03,-1.000000e+00,5.271347e-01,2.299184e+01,-1.000000e+00,9.553978e+00,-1.000000e+00,-1.500000e+01
4.100000e+01,2.459825e+03,-1.000000e+00,5.271550e-01,1.638573e+01,-1.000000e+00,9.400010e+00,-1.000000e+00,-1.500000e+01
4.200000e+01,3.181715e+03,-1.000000e+00,5.272153e-01,8.827386e+00,7.324271e-01,8.974072e+00,8.727815e-01,3.026043e+00
4.300000e+01,2.445541e+03,-1.000000e+00,5.271880e-01,2.327506e+01,-1.000000e+00,9.553051e+00,-1.000000e+00,-1.500000e+01
4.400000e+01,2.868383e+03,-1.000000e+00,5.272660e-01,2.288469e+01,-1.000000e+00,9.545064e+00,-1.000000e+00,-1.500000e+01
4.500000e+01,2.592878e+03,9.502650e-01,5.271297e-01,2.180048e+01,-1.000000e+00,9.529578e+00,-1.000000e+00,-5.248675e+00
4.600000e+01,2.705185e+03,-1.000000e+00,5.271920e-01,1.853294e+01,-1.000000e+00,9.465706e+00,-1.000000e+00,-1.500000e+01
4.700000e+01,2.649377e+03,8.788821e-01,5.272207e-01,1.116691e+01,6.636755e-01,9.151853e+00,9.243397e-01,1.233449e+01
4.800000e+01,2.465152e+03,-1.000000e+00,5.271700e-01,1.836414e+01,-1.000000e+00,9.461649e+00,-1.000000e+00,-1.500000e+01
4.900000e+01,2.584398e+03,9.281056e-01,5.272163e-01,1.751889e+01,-1.000000e+00,9.436446e+00,-1.000000e+00,-5.359472e+00
5.000000e+01,2.487801e+03,-1.000000e+00,5.270693e-01,2.085870e+01,-1.000000e+00,9.515942e+00,-1.000000e+00,-1.500000e+01
5.100000e+01,2.938828e+03,-1.000000e+00,5.271540e-01,1.719352e+01,-1.000000e+00,9.426448e+00,-1.000000e+00,-1.500000e+01
5.200000e+01,2.511846e+03,-1.000000e+00,5.272490e-01,1.608197e+01,-1.000000e+00,9.388228e+00,-1.000000e+00,-1.500000e+01
5.300000e+01,2.828422e+03,-1.000000e+00,5.271263e-01,1.739433e+01,-1.000000e+00,9.439627e+00,-1.000000e+00,-1.500000e+01
5.400000e+01,2.455144e+03,-1.000000e+00,5.272040e-01,1.831936e+01,-1.000000e+00,9.453844e+00,-1.000000e+00,-1.500000e+01
5.500000e+01,2.778858e+03,-1.000000e+00,5.271897e-01,1.314308e+01,-1.000000e+00,9.280749e+00,8.648972e-01,-5.675514e+00
5.600000e+01,2.561654e+03,8.917076e-01,5.271787e-01,1.296634e+01,-1.000000e+00,9.266869e+00,8.706039e-01,3.811557e+00
5.700000e+01,2.946986e+03,-1.000000e+00,5.271720e-01,2.147031e+01,-1.000000e+00,9.521817e+00,-1.000000e+00,-1.500000e+01
5.800000e+01,2.490296e+03,-1.000000e+00,5.271707e-01,2.149286e+01,-1.000000e+00,9.523493e+00,-1.000000e+00,-1.500000e+01
5.900000e+01,2.564147e+03,8.949114e-01,5.271700e-01,1.207300e+01,6.298412e-01,9.217861e+00,8.909324e-01,1.207843e+01
6.000000e+01,2.455659e+03,-1.000000e+00,5.271330e-01,2.395301e+01,-1.000000e+00,9.566296e+00,-1.000000e+00,-1.500000e+01
6.100000e+01,2.603600e+03,9.641225e-01,5.271753e-01,2.262392e+01,-1.000000e+00,9.538614e+00,-1.000000e+00,-5.179387e+00
6.200000e+01,3.112084e+03,-1.000000e+00,5.272097e-01,1.307579e+01,-1.000000e+00,9.279560e+00,8.636986e-01,-5.681507e+00
6.300000e+01,2.957968e+03,-1.000000e+00,5.271897e-01,1.162951e+01,6.574607e-01,9.200208e+00,8.962974e-01,2.768791e+00
6.400000e+01,2.884276e+03,-1.000000e+00,5.271430e-01,2.034100e+01,-1.000000e+00,9.505946e+00,-1.000000e+00,-1.500000e+01
6.500000e+01,3.083711e+03,-1.000000e+00,5.271540e-01,2.229247e+01,-1.000000e+00,9.543031e+00,-1.000000e+00,-1.500000e+01
6.600000e+01,2.511827e+03,-1.000000e+00,5.272150e-01,1.099310e+01,6.753824e-01,9.157576e+00,9.285854e-01,3.019839e+00
6.700000e+01,2.921362e+03,-1.000000e+00,5.272600e-01,1.352991e+01,-1.000000e+00,9.293020e+00,8.619914e-01,-5.690043e+00
6.800000e+01,2.458272e+03,-1.000000e+00,5.272157e-01,2.032263e+01,-1.000000e+00,9.503060e+00,-1.000000e+00,-1.500000e+01
6.900000e+01,2.473264e+03,-1.000000e+00,5.271027e-01,1.251042e+01,6.222161e-01,9.247091e+00,8.765650e-01,2.493905e+00
7.000000e+01,2.824738e+03,-1.000000e+00,5.271973e-01,2.074468e+01,-1.000000e+00,9.515447e+00,-1.000000e+00,-1.500000e+01
7.100000e+01,2.925937e+03,-1.000000e+00,5.272403e-01,1.877241e+01,-1.000000e+00,9.467308e+00,-1.000000e+00,-1.500000e+01
7.200000e+01,3.006494e+03,-1.000000e+00,5.272003e-01,1.256718e+01,6.119012e-01,9.249789e+00,8.763233e-01,2.441123e+00
7.300000e+01,2.679880e+03,-1.000000e+00,5.271720e-01,1.767856e+01,-1.000000e+00,9.446310e+00,-1.000000e+00,-1.500000e+01
7.400000e+01,2.698399e+03,-1.000000e+00,5.272113e-01,2.451570e+01,-1.000000e+00,9.574350e+00,-1.000000e+00,-1.500000e+01
7.500000e+01,3.092718e+03,-1.000000e+00,5.271343e-01,2.131266e+01,-1.000000e+00,9.522014e+00,-1.000000e+00,-1.500000e+01
7.600000e+01,2.705941e+03,-1.000000e+00,5.272077e-01,1.400711e+01,-1.000000e+00,9.315717e+00,8.546755e-01,-5.726622e+00
7.700000e+01,3.053390e+03,-1.000000e+00,5.271833e-01,2.418097e+01,-1.000000e+00,9.573660e+00,-1.000000e+00,-1.500000e+01
7.800000e+01,2.574609e+03,9.100661e-01,5.271543e-01,1.660906e+01,-1.000000e+00,9.416842e+00,-1.000000e+00,-5.449669e+00
7.900000e+01,3.069362e+03,-1.000000e+00,5.272843e-01,1.737130e+01,-1.000000e+00,9.434614e+00,-1.000000e+00,-1.500000e+01
8.000000e+01,3.225921e+03,-1.000000e+00,5.271633e-01,1.953039e+01,-1.000000e+00,9.486105e+00,-1.000000e+00,-1.500000e+01
8.100000e+01,2.860964e+03,-1.000000e+00,5.271763e-01,1.305305e+01,-1.000000e+00,9.267501e+00,8.689804e-01,-5.655098e+00
8.200000e+01,2.604842e+03,9.586328e-01,5.272477e-01,1.776496e+01,-1.000000e+00,9.441089e+00,-1.000000e+00,-5.206836e+00
8.300000e+01,2.764310e+03,-1.000000e+00,5.271677e-01,2.071545e+01,-1.000000e+00,9.512914e+00,-1.000000e+00,-1.500000e+01
8.400000e+01,2.977734e+03,-1.000000e+00,5.271197e-01,2.540879e+01,-1.000000e+00,9.582683e+00,-1.000000e+00,-1.500000e+01
8.500000e+01,2.559800e+03,8.894068e-01,5.271887e-01,1.832015e+01,-1.000000e+00,9.461870e+00,-1.000000e+00,-5.552966e+00
8.600000e+01,2.843294e+03,-1.000000e+00,5.271520e-01,1.303858e+01,-1.000000e+00,9.274618e+00,8.655252e-01,-5.672374e+00
8.700000e+01,2.884729e+03,-1.000000e+00,5.271720e-01,1.932539e+01,-1.000000e+00,9.483604e+00,-1.000000e+00,-1.500000e+01
8.800000e+01,2.703463e+03,-1.000000e+00,5.270820e-01,2.090066e+01,-1.000000e+00,9.511061e+00,-1.000000e+00,-1.500000e+01
8.900000e+01,3.030729e+03,-1.000000e+00,5.271457e-01,1.885131e+01,-1.000000e+00,9.472861e+00,-1.000000e+00,-1.500000e+01
9.000000e+01,2.695423e+03,-1.000000e+00,5.271903e-01,1.795795e+01,-1.000000e+00,9.457694e+00,-1.000000e+00,-1.500000e+01
9.100000e+01,2.606618e+03,9.519700e-01,5.272257e-01,2.153481e+01,-1.000000e+00,9.524205e+00,-1.000000e+00,-5.240150e+00
9.200000e+01,2.868344e+03,-1.000000e+00,5.271787e-01,2.085718e+01,-1.000000e+00,9.521047e+00,-1.000000e+00,-1.500000e+01
9.300000e+01,3.000706e+03,-1.000000e+00,5.272477e-01,2.140697e+01,-1.000000e+00,9.521979e+00,-1.000000e+00,-1.500000e+01
9.400000e+01,2.898702e+03,-1.000000e+00,5.271983e-01,2.279235e+01,-1.000000e+00,9.553097e+00,-1.000000e+00,-1.500000e+01
9.500000e+01,2.929359e+03,-1.000000e+00,5.272163e-01,1.952140e+01,-1.000000e+00,9.485223e+00,-1.000000e+00,-1.500000e+01
9.600000e+01,3.051283e+03,-1.000000e+00,5.272447e-01,2.071855e+01,-1.000000e+00,9.513017e+00,-1.000000e+00,-1.500000e+01
9.700000e+01,3.175689e+03,-1.000000e+00,5.272403e-01,1.140413e+01,6.541812e-01,9.185206e+00,9.093720e-01,2.817766e+00
9.800000e+01,3.168454e+03,-1.000000e+00,5.271533e-01,1.096179e+01,6.764226e-01,9.153637e+00,9.274842e-01,3.019534e+00
9.900000e+01,2.748531e+03,-1.000000e+00,5.272383e-01,1.041272e+01,7.123265e-01,9.103742e+00,9.146277e-01,3.134771e+00
1.000000e+02,2.890673e+03,-1.000000e+00,5.271500e-01,1.419690e+01,-1.000000e+00,9.330953e+00,-1.000000e+00,-1.500000e+01
1.010000e+02,2.546740e+03,-1.000000e+00,5.271937e-01,8.975296e+00,7.112442e-01,8.973089e+00,8.655667e-01,2.884054e+00
1.020000e+02,2.606959e+03,9.508086e-01,5.271290e-01,9.539099e+00,7.855738e-01,9.030557e+00,8.878856e-01,1.312134e+01
1.030000e+02,2.567630e+03,8.996206e-01,5.272200e-01,9.452642e+00,7.858377e-01,9.039718e+00,8.882488e-01,1.286854e+01
1.040000e+02,2.596422e+03,9.642307e-01,5.271650e-01,9.700269e+00,7.803464e-01,9.062712e+00,8.951961e-01,1.319887e+01
1.050000e+02,2.600736e+03,9.834556e-01,5.271363e-01,8.661959e+00,7.221258e-01,8.955710e+00,8.674753e-01,1.286528e+01
1.060000e+02,2.544809e+03,-1.000000e+00,5.271077e-01,8.885729e+00,7.281697e-01,8.983803e+00,8.723101e-01,3.002399e+00
1.070000e+02,2.585178e+03,9.297982e-01,5.271533e-01,9.247245e+00,7.466480e-01,9.028170e+00,8.834319e-01,1.279939e+01
1.080000e+02,2.595771e+03,9.612320e-01,5.272227e-01,9.704579e+00,7.835042e-01,9.066453e+00,8.962069e-01,1.320472e+01
1.090000e+02,2.597167e+03,9.680452e-01,5.273267e-01,8.700668e+00,7.136383e-01,8.961347e+00,8.669137e-01,1.274299e+01
1.100000e+02,2.589659e+03,9.406744e-01,5.271927e-01,8.960536e+00,7.533828e-01,8.993108e+00,8.698365e-01,1.281947e+01
1.110000e+02,2.623140e+03,9.137923e-01,5.271800e-01,9.238217e+00,7.605898e-01,9.013713e+00,8.788273e-01,1.276605e+01
1.120000e+02,2.625667e+03,9.096221e-01,5.271893e-01,9.245711e+00,7.618260e-01,9.022059e+00,8.791789e-01,1.275314e+01
1.130000e+02,2.620957e+03,9.176172e-01,5.271963e-01,9.456317e+00,7.644790e-01,9.035580e+00,8.900828e-01,1.286089e+01
1.140000e+02,2.556905e+03,8.859410e-01,5.271817e-01,8.867124e+00,7.267592e-01,8.988443e+00,8.765984e-01,1.244649e+01
1.150000e+02,2.607318e+03,9.496213e-01,5.271933e-01,9.351159e+00,7.578390e-01,9.015148e+00,8.862010e-01,1.296831e+01
1.160000e+02,2.557968e+03,8.871963e-01,5.271980e-01,1.009287e+01,7.451880e-01,9.097106e+00,9.017279e-01,1.267056e+01
1.170000e+02,2.638003e+03,8.921411e-01,5.272400e-01,9.342363e+00,7.517666e-01,9.025549e+00,8.904077e-01,1.267158e+01
1.180000e+02,2.607263e+03,9.498005e-01,5.272260e-01,8.835562e+00,7.184649e-01,8.978122e+00,8.743232e-01,1.271294e+01
1.190000e+02,2.581407e+03,9.220299e-01,5.271817e-01,8.897189e+00,7.320630e-01,8.986944e+00,8.714007e-01,1.262747e+01
1.200000e+02,2.571921e+03,9.058624e-01,5.272063e-01,9.076849e+00,7.318841e-01,8.997905e+00,8.809513e-01,1.259349e+01
1.210000e+02,2.615784e+03,9.277173e-01,5.271513e-01,9.837489e+00,7.474592e-01,9.059059e+00,8.999832e-01,1.287580e+01
1.220000e+02,2.605711e+03,9.552304e-01,5.272410e-01,9.951059e+00,7.549446e-01,9.075836e+00,8.997642e-01,1.304970e+01
1.230000e+02,2.592923e+03,9.504160e-01,5.271410e-01,8.804396e+00,7.159679e-01,8.961066e+00,8.643587e-01,1.265371e+01
1.240000e+02,2.580093e+03,9.195395e-01,5.272130e-01,9.917863e+00,7.543965e-01,9.050567e+00,8.979885e-01,1.285962e+01
1.250000e+02,2.586234e+03,9.321724e-01,5.272023e-01,8.842845e+00,7.257855e-01,8.978135e+00,8.739449e-01,1.265951e+01
1.260000e+02,2.592197e+03,9.480626e-01,5.272867e-01,9.447042e+00,8.089455e-01,9.028563e+00,8.811775e-01,1.319093e+01
1.270000e+02,2.587640e+03,9.354984e-01,5.271943e-01,8.940113e+00,7.365777e-01,8.986651e+00,8.734083e-01,1.272742e+01
1.280000e+02,2.619639e+03,9.200387e-01,5.271597e-01,9.607737e+00,7.949445e-01,9.052462e+00,8.882988e-01,1.301641e+01
1.290000e+02,2.612126e+03,9.360744e-01,5.272167e-01,1.001653e+01,7.206797e-01,9.082022e+00,9.088841e-01,1.282819e+01
1.300000e+02,2.595835e+03,9.615160e-01,5.272023e-01,1.334868e+01,-1.000000e+00,9.284769e+00,8.615802e-01,4.115481e+00
1.310000e+02,2.590157e+03,9.420371e-01,5.271967e-01,9.418026e+00,7.475341e-01,9.025348e+00,8.870789e-01,1.288325e+01
1.320000e+02,2.651437e+03,-1.000000e+00,5.271507e-01,9.557160e+00,7.532282e-01,9.057870e+00,8.924170e-01,3.228226e+00
1.330000e+02,2.553692e+03,8.822566e-01,5.271687e-01,8.963328e+00,7.151865e-01,8.978573e+00,8.696127e-01,1.233528e+01
1.340000e+02,2.605919e+03,9.544596e-01,5.271360e-01,9.519311e+00,7.887206e-01,9.027419e+00,8.874948e-01,1.315338e+01
1.350000e+02,2.626121e+03,9.088989e-01,5.272410e-01,9.375377e+00,7.681346e-01,9.027999e+00,8.850580e-01,1.281046e+01
1.360000e+02,2.616528e+03,9.261563e-01,5.272143e-01,9.625986e+00,7.912106e-01,9.050433e+00,8.919815e-01,1.304674e+01
1.370000e+02,2.614539e+03,9.304232e-01,5.271723e-01,8.941446e+00,7.265033e-01,8.982623e+00,8.742813e-01,1.265604e+01
1.380000e+02,2.581084e+03,9.214073e-01,5.271973e-01,9.484248e+00,8.037219e-01,9.038707e+00,8.873386e-01,1.306234e+01
1.390000e+02,2.588859e+03,9.385614e-01,5.271783e-01,9.459593e+00,7.653347e-01,9.034029e+00,8.902431e-01,1.297070e+01
1.400000e+02,2.566043e+03,8.974394e-01,5.272130e-01,9.924543e+00,7.888929e-01,9.089675e+00,8.956698e-01,1.291001e+01
1.410000e+02,2.600750e+03,9.833009e-01,5.271627e-01,9.151235e+00,7.295832e-01,9.010032e+00,8.796129e-01,1.296248e+01
1.420000e+02,2.566295e+03,8.977815e-01,5.272107e-01,9.453795e+00,7.744613e-01,9.039855e+00,8.890959e-01,1.280669e+01
1.430000e+02,2.554758e+03,8.834613e-01,5.272277e-01,8.758967e+00,7.280184e-01,8.964320e+00,8.685737e-01,1.240027e+01
1.440000e+02,2.572596e+03,9.068939e-01,5.272353e-01,9.112919e+00,7.384947e-01,8.988341e+00,8.758860e-01,1.260637e+01
1.450000e+02,2.590282e+03,9.423863e-01,5.271773e-01,9.318826e+00,7.561185e-01,9.026755e+00,8.887633e-01,1.293634e+01
1.460000e+02,2.587972e+03,9.363150e-01,5.272323e-01,8.476006e+00,7.005681e-01,8.941092e+00,8.588773e-01,1.247880e+01
1.470000e+02,2.615830e+03,9.276186e-01,5.272097e-01,9.069901e+00,7.368856e-01,8.998894e+00,8.770497e-01,1.270777e+01
1.480000e+02,2.586132e+03,9.319382e-01,5.272230e-01,9.012329e+00,7.313198e-01,8.988970e+00,8.771933e-01,1.270226e+01
1.490000e+02,2.593732e+03,9.531994e-01,5.271590e-01,8.944383e+00,7.268836e-01,8.984395e+00,8.754671e-01,1.277775e+01
1.500000e+02,2.628422e+03,9.053431e-01,5.271780e-01,8.706052e+00,7.188179e-01,8.955122e+00,8.667132e-01,1.245437e+01
1.510000e+02,2.575871e+03,9.121296e-01,5.271657e-01,8.690740e+00,7.078775e-01,8.956115e+00,8.642276e-01,1.242117e+01
1.520000e+02,2.589353e+03,9.398577e-01,5.271763e-01,9.174032e+00,7.305759e-01,9.007891e+00,8.791476e-01,1.274791e+01
1.530000e+02,2.588874e+03,9.386016e-01,5.272057e-01,9.511374e+00,7.705906e-01,9.042504e+00,8.949196e-01,1.302056e+01
1.540000e+02,2.605627e+03,9.555469e-01,5.271843e-01,9.297145e+00,7.538398e-01,9.027293e+00,8.817361e-01,1.295561e+01
1.550000e+02,2.567508e+03,8.994505e-01,5.271710e-01,9.147244e+00,7.493162e-01,9.009745e+00,8.797998e-01,1.264283e+01
1.560000e+02,2.585891e+03,9.313890e-01,5.272350e-01,8.751123e+00,7.048550e-01,8.967326e+00,8.687470e-01,1.252496e+01
1.570000e+02,2.620477e+03,9.184877e-01,5.271433e-01,9.529777e+00,7.735395e-01,9.033232e+00,8.889362e-01,1.290482e+01
1.580000e+02,2.595505e+03,9.600809e-01,5.272963e-01,9.523876e+00,7.618791e-01,9.039308e+00,8.913296e-01,1.306645e+01
1.590000e+02,2.579999e+03,9.193640e-01,5.271890e-01,9.785194e+00,7.722684e-01,9.060054e+00,8.961624e-01,1.293897e+01
1.600000e+02,2.637863e+03,8.923188e-01,5.271623e-01,1.048241e+01,6.951861e-01,9.101498e+00,9.178572e-01,1.252681e+01
1.610000e+02,2.587895e+03,9.361256e-01,5.271997e-01,9.708816e+00,7.670577e-01,9.057684e+00,8.967089e-01,1.299946e+01
1.620000e+02,2.587008e+03,9.339770e-01,5.271633e-01,9.031857e+00,7.465827e-01,8.985181e+00,8.758293e-01,1.278194e+01
1.630000e+02,2.533543e+03,-1.000000e+00,5.271857e-01,9.049400e+00,7.413878e-01,9.001625e+00,8.784074e-01,3.098976e+00
1.640000e+02,2.647811e+03,8.805877e-01,5.271943e-01,9.253454e+00,7.631870e-01,9.009598e+00,8.818148e-01,1.262795e+01
1.650000e+02,2.621125e+03,9.173136e-01,5.271933e-01,9.130263e+00,7.227250e-01,8.985177e+00,8.725946e-01,1.256317e+01
1.660000e+02,2.635933e+03,8.948061e-01,5.271770e-01,9.395947e+00,7.472525e-01,9.017598e+00,8.876477e-01,1.264853e+01
1.670000e+02,2.557071e+03,8.861353e-01,5.271430e-01,1.064005e+01,6.837949e-01,9.124784e+00,9.288844e-01,1.249407e+01
1.680000e+02,2.632152e+03,8.999251e-01,5.272247e-01,1.047910e+01,7.169956e-01,9.122417e+00,9.129507e-01,1.264936e+01
1.690000e+02,2.606807e+03,9.513231e-01,5.272143e-01,9.199452e+00,7.536354e-01,9.021559e+00,8.869009e-01,1.295930e+01
1.700000e+02,2.586302e+03,9.323283e-01,5.272200e-01,9.300266e+00,7.640641e-01,9.021708e+00,8.878936e-01,1.292143e+01
1.710000e+02,2.588898e+03,9.386640e-01,5.271900e-01,9.758902e+00,8.145222e-01,9.064436e+00,8.871660e-01,1.320176e+01
1.720000e+02,2.611653e+03,9.372528e-01,5.272343e-01,9.825534e+00,7.675079e-01,9.047040e+00,8.915657e-01,1.298163e+01
1.730000e+02,2.610646e+03,9.398585e-01,5.271730e-01,1.050065e+01,7.018106e-01,9.112503e+00,9.174754e-01,1.279572e+01
1.740000e+02,2.559621e+03,8.891887e-01,5.271870e-01,9.453102e+00,7.740592e-01,9.035406e+00,8.867119e-01,1.274980e+01
1.750000e+02,2.635610e+03,8.952311e-01,5.271293e-01,9.000902e+00,7.266612e-01,8.981761e+00,8.712002e-01,1.246546e+01
1.760000e+02,2.595040e+03,9.581504e-01,5.271450e-01,9.242327e+00,7.663078e-01,9.023244e+00,8.850638e-01,1.304761e+01
1.770000e+02,2.581027e+03,9.212978e-01,5.272120e-01,9.898915e+00,7.407505e-01,9.063643e+00,8.980705e-01,1.280059e+01
1.780000e+02,2.593835e+03,9.535663e-01,5.271767e-01,9.885842e+00,7.417458e-01,9.069680e+00,9.026524e-01,1.298982e+01
1.790000e+02,2.607686e+03,9.484334e-01,5.272110e-01,9.750229e+00,7.979278e-01,9.062523e+00,8.914942e-01,1.318928e+01
1.800000e+02,2.595849e+03,9.615783e-01,5.271370e-01,9.434735e+00,7.688248e-01,9.035098e+00,8.926366e-01,1.311520e+01
1.810000e+02,2.605483e+03,9.560946e-01,5.271380e-01,9.349232e+00,7.580756e-01,9.018915e+00,8.850854e-01,1.299628e+01
1.820000e+02,2.584106e+03,9.274831e-01,5.272100e-01,1.082729e+01,6.871135e-01,9.136453e+00,9.227250e-01,1.268661e+01
1.830000e+02,2.575244e+03,9.110973e-01,5.272050e-01,9.251897e+00,7.630342e-01,9.009495e+00,8.813392e-01,1.277735e+01
1.840000e+02,2.574411e+03,9.097472e-01,5.271940e-01,1.099761e+01,6.703443e-01,9.152611e+00,9.274623e-01,1.253777e+01
1.850000e+02,2.584842e+03,9.290616e-01,5.271967e-01,9.423648e+00,7.619628e-01,9.027955e+00,8.906392e-01,1.290832e+01
1.860000e+02,2.586948e+03,9.338352e-01,5.272160e-01,1.043117e+01,6.924403e-01,9.101650e+00,9.144277e-01,1.270352e+01
1.870000e+02,2.582025e+03,9.232355e-01,5.271973e-01,8.958906e+00,7.389203e-01,8.987829e+00,8.748693e-01,1.268513e+01
1.880000e+02,2.592672e+03,9.495867e-01,5.271113e-01,9.595654e+00,7.511960e-01,9.039402e+00,8.962664e-01,1.298525e+01
1.890000e+02,2.568598e+03,9.009829e-01,5.272273e-01,9.459013e+00,7.528554e-01,9.016154e+00,8.856605e-01,1.269749e+01
1.900000e+02,2.588214e+03,9.369196e-01,5.271937e-01,9.481732e+00,7.805004e-01,9.035044e+00,8.910178e-01,1.304219e+01
1.910000e+02,2.584846e+03,9.290715e-01,5.272013e-01,9.447695e+00,7.576868e-01,9.025520e+00,8.903844e-01,1.288571e+01
1.920000e+02,2.613433e+03,9.329413e-01,5.271873e-01,8.892310e+00,7.329934e-01,8.982574e+00,8.738024e-01,1.269869e+01
1.930000e+02,2.639456e+03,8.903229e-01,5.271223e-01,9.402676e+00,7.633496e-01,9.035777e+00,8.874371e-01,1.270555e+01
1.940000e+02,2.588117e+03,9.366761e-01,5.271450e-01,9.217794e+00,7.461127e-01,8.997846e+00,8.810892e-01,1.281939e+01
1.950000e+02,2.602052e+03,9.726750e-01,5.271863e-01,9.833208e+00,7.566689e-01,9.068440e+00,8.986090e-01,1.313976e+01
1.960000e+02,2.611820e+03,9.368341e-01,5.271737e-01,1.005508e+01,7.697342e-01,9.090480e+00,9.002485e-01,1.303408e+01
1.970000e+02,2.586017e+03,9.316746e-01,5.271853e-01,9.997904e+00,7.221517e-01,9.075307e+00,9.032464e-01,1.278536e+01
1.980000e+02,2.604786e+03,9.588609e-01,5.271683e-01,8.988616e+00,7.196405e-01,9.009946e+00,8.776463e-01,1.278074e+01
1.990000e+02,2.574148e+03,9.093268e-01,5.272517e-01,9.291049e+00,7.331362e-01,9.020159e+00,8.809617e-01,1.261712e+01
2.000000e+02,2.578891e+03,9.173426e-01,5.272017e-01,9.205886e+00,7.420702e-01,9.002681e+00,8.805684e-01,1.269991e+01
2.010000e+02,2.591639e+03,9.463360e-01,5.271823e-01,8.998315e+00,7.403825e-01,8.992059e+00,8.766947e-01,1.281707e+01
2.020000e+02,2.589389e+03,9.399527e-01,5.271757e-01,9.461559e+00,7.640537e-01,9.025002e+00,8.901474e-01,1.297077e+01
2.030000e+02,2.621154e+03,9.172627e-01,5.271517e-01,1.128026e+01,6.520275e-01,9.174328e+00,9.173527e-01,1.243321e+01
2.040000e+02,2.589865e+03,9.412344e-01,5.272587e-01,9.673698e+00,7.464004e-01,9.040917e+00,8.960237e-01,1.291829e+01
2.050000e+02,2.602708e+03,9.687336e-01,5.271780e-01,9.952235e+00,7.518971e-01,9.082795e+00,9.021109e-01,1.311371e+01
2.060000e+02,2.589642e+03,9.406296e-01,5.271897e-01,8.747593e+00,7.147393e-01,8.957960e+00,8.650923e-01,1.260231e+01
2.070000e+02,2.625093e+03,9.105484e-01,5.271370e-01,1.156123e+01,6.505362e-01,9.193406e+00,9.015328e-01,1.231309e+01
2.080000e+02,2.570604e+03,9.038884e-01,5.272563e-01,9.565145e+00,7.712553e-01,9.039763e+00,8.942966e-01,1.284720e+01
2.090000e+02,2.592634e+03,9.494636e-01,5.272273e-01,9.599620e+00,7.880902e-01,9.046985e+00,8.953517e-01,1.316453e+01
2.100000e+02,2.584504e+03,9.283312e-01,5.272177e-01,9.627063e+00,7.893167e-01,9.057276e+00,8.947441e-01,1.306196e+01
2.110000e+02,2.574773e+03,9.103309e-01,5.272980e-01,1.004991e+01,7.186234e-01,9.077978e+00,9.082806e-01,1.268617e+01
2.120000e+02,2.613225e+03,9.334290e-01,5.271373e-01,9.789498e+00,7.602398e-01,9.066637e+00,8.997685e-01,1.296719e+01
2.130000e+02,2.604045e+03,9.620513e-01,5.272013e-01,9.193211e+00,7.556966e-01,9.013036e+00,8.835907e-01,1.300669e+01
2.140000e+02,2.644478e+03,8.843347e-01,5.272207e-01,9.387674e+00,7.719882e-01,9.038871e+00,8.908096e-01,1.273566e+01
2.150000e+02,2.569993e+03,9.029922e-01,5.271763e-01,9.406882e+00,7.718625e-01,9.039014e+00,8.836658e-01,1.279260e+01
2.160000e+02,2.595360e+03,9.594680e-01,5.271947e-01,9.005700e+00,7.207358e-01,8.983032e+00,8.739026e-01,1.277053e+01
2.170000e+02,2.589644e+03,9.406352e-01,5.272467e-01,1.022357e+01,7.204308e-01,9.086928e+00,9.093653e-01,1.285216e+01
2.180000e+02,2.568610e+03,9.010000e-01,5.272473e-01,1.067092e+01,6.815332e-01,9.129022e+00,9.300847e-01,1.256309e+01
2.190000e+02,2.647276e+03,8.811774e-01,5.271897e-01,9.464810e+00,7.684571e-01,9.024790e+00,8.863522e-01,1.267993e+01
2.200000e+02,2.588976e+03,9.388660e-01,5.271930e-01,9.814757e+00,7.218181e-01,9.064735e+00,9.058417e-01,1.283263e+01
2.210000e+02,2.568901e+03,9.014143e-01,5.271527e-01,9.769946e+00,7.587891e-01,9.053556e+00,8.948854e-01,1.277544e+01
2.220000e+02,2.630925e+03,9.016641e-01,5.271923e-01,9.495543e+00,7.941111e-01,9.035441e+00,8.871750e-01,1.291475e+01
2.230000e+02,2.568326e+03,9.005974e-01,5.271620e-01,9.038092e+00,7.245721e-01,8.986739e+00,8.726158e-01,1.248893e+01
2.240000e+02,2.557879e+03,8.870909e-01,5.271860e-01,9.087907e+00,7.362874e-01,8.989104e+00,8.766733e-01,1.250026e+01
2.250000e+02,2.573404e+03,9.081500e-01,5.272387e-01,9.303203e+00,7.633274e-01,9.023739e+00,8.824457e-01,1.276962e+01
2.260000e+02,2.618913e+03,9.214144e-01,5.271780e-01,8.644042e+00,7.097503e-01,8.951152e+00,8.613446e-01,1.246255e+01
2.270000e+02,2.575560e+03,9.116156e-01,5.272220e-01,9.595102e+00,7.765591e-01,9.049305e+00,8.941481e-01,1.291161e+01
2.280000e+02,2.628361e+03,9.054344e-01,5.271567e-01,9.454001e+00,7.774218e-01,9.037544e+00,8.878910e-01,1.285374e+01
2.290000e+02,2.638693e+03,8.912728e-01,5.271887e-01,9.378022e+00,7.451283e-01,9.010683e+00,8.834900e-01,1.259946e+01
2.300000e+02,2.583602e+03,9.264260e-01,5.270857e-01,1.000840e+01,7.461658e-01,9.079586e+00,8.997646e-01,1.286178e+01
2.310000e+02,2.564489e+03,8.953613e-01,5.271553e-01,9.825960e+00,7.235038e-01,9.055888e+00,9.029288e-01,1.260897e+01
2.320000e+02,2.584240e+03,9.277670e-01,5.271973e-01,9.107677e+00,7.592396e-01,9.010154e+00,8.750497e-01,1.281028e+01
2.330000e+02,2.632402e+03,8.995761e-01,5.271737e-01,9.574006e+00,7.852258e-01,9.038232e+00,8.915388e-01,1.288170e+01
2.340000e+02,2.593968e+03,9.540473e-01,5.271980e-01,9.605003e+00,7.581481e-01,9.049064e+00,8.976380e-01,1.304917e+01
2.350000e+02,2.562839e+03,8.932149e-01,5.272547e-01,8.867079e+00,7.184879e-01,8.985771e+00,8.744689e-01,1.243086e+01
2.360000e+02,2.578610e+03,9.168410e-01,5.271357e-01,9.422479e+00,7.957831e-01,9.038233e+00,8.847520e-01,1.298688e+01
2.370000e+02,2.583716e+03,9.266632e-01,5.271087e-01,9.023182e+00,7.248260e-01,8.990802e+00,8.776219e-01,1.264556e+01
2.380000e+02,2.577833e+03,9.154692e-01,5.271293e-01,9.408068e+00,7.651276e-01,9.025126e+00,8.857066e-01,1.283152e+01
2.390000e+02,2.588721e+03,9.382059e-01,5.272543e-01,9.110563e+00,7.288567e-01,9.000280e+00,8.818530e-01,1.274458e+01
2.400000e+02,2.598887e+03,9.797253e-01,5.271533e-01,9.879484e+00,7.674105e-01,9.052700e+00,8.966787e-01,1.321907e+01
2.410000e+02,2.574853e+03,9.104605e-01,5.272373e-01,9.085381e+00,7.485176e-01,8.995151e+00,8.779658e-01,1.268472e+01
2.420000e+02,2.557599e+03,8.867578e-01,5.271880e-01,9.364438e+00,7.706770e-01,9.012708e+00,8.843828e-01,1.270909e+01
2.430000e+02,2.608084e+03,9.471860e-01,5.272020e-01,9.189728e+00,7.355151e-01,9.011333e+00,8.851022e-01,1.283902e+01
2.440000e+02,2.600096e+03,9.939456e-01,5.272243e-01,9.335384e+00,7.585025e-01,9.016632e+00,8.818601e-01,1.317154e+01
2.450000e+02,2.600012e+03,9.978175e-01,5.272060e-01,8.756916e+00,7.133402e-01,8.959132e+00,8.663765e-01,1.288767e+01
2.460000e+02,2.616048e+03,9.271591e-01,5.271053e-01,9.895546e+00,7.338533e-01,9.073934e+00,9.039310e-01,1.282472e+01
2.470000e+02,2.582537e+03,9.242530e-01,5.272123e-01,9.515536e+00,7.748012e-01,9.037239e+00,8.898025e-01,1.294428e+01
2.480000e+02,2.599975e+03,9.969081e-01,5.272703e-01,9.546731e+00,7.523475e-01,9.055074e+00,8.929221e-01,1.321089e+01
2.490000e+02,2.650196e+03,-1.000000e+00,5.272060e-01,9.681194e+00,7.665560e-01,9.044979e+00,8.951430e-01,3.308495e+00
2.500000e+02,2.576545e+03,9.132593e-01,5.271813e-01,9.377440e+00,7.465685e-01,9.019041e+00,8.866778e-01,1.273253e+01
2.510000e+02,2.633882e+03,8.975412e-01,5.272163e-01,9.449064e+00,7.731767e-01,9.033395e+00,8.925103e-01,1.281614e+01
2.520000e+02,2.580701e+03,9.206797e-01,5.271977e-01,9.157893e+00,7.432889e-01,9.010467e+00,8.842972e-01,1.274133e+01
2.530000e+02,2.619817e+03,9.197067e-01,5.271807e-01,9.592318e+00,7.814291e-01,9.055405e+00,8.878189e-01,1.294477e+01
2.540000e+02,2.616239e+03,9.267572e-01,5.271753e-01,9.268771e+00,7.586038e-01,9.009918e+00,8.825921e-01,1.283977e+01
2.550000e+02,2.601948e+03,9.733564e-01,5.271910e-01,9.278250e+00,7.560596e-01,9.015024e+00,8.810013e-01,1.305209e+01
2.560000e+02,2.602448e+03,9.702284e-01,5.271440e-01,9.415769e+00,7.794372e-01,9.030987e+00,8.869903e-01,1.318328e+01
