# step_count,fitted_elastic_modulus,elastic_modulus_match_degree,average_bond_length,average_persistence_length,persistence_length_match_degree,average_end_to_end_distance,end_to_end_distance_match_degree,reward_value
1.000000e+00,3.181264e+03,-1.000000e+00,5.272007e-01,1.365473e+01,-1.000000e+00,9.307864e+00,8.554745e-01,-5.722628e+00
2.000000e+00,2.678676e+03,-1.000000e+00,5.272563e-01,2.040660e+01,-1.000000e+00,9.491632e+00,-1.000000e+00,-1.500000e+01
3.000000e+00,2.460899e+03,-1.000000e+00,5.271560e-01,1.677450e+01,-1.000000e+00,9.415130e+00,-1.000000e+00,-1.500000e+01
4.000000e+00,2.599629e+03,9.881886e-01,5.271943e-01,2.137437e+01,-1.000000e+00,9.524706e+00,-1.000000e+00,-5.059057e+00
5.000000e+00,3.165112e+03,-1.000000e+00,5.271797e-01,2.373141e+01,-1.000000e+00,9.563921e+00,-1.000000e+00,-1.500000e+01
6.000000e+00,2.561439e+03,8.914382e-01,5.271713e-01,9.238073e+00,7.433286e-01,9.003292e+00,8.805534e-01,1.257660e+01
7.000000e+00,2.612606e+03,9.349025e-01,5.271127e-01,1.484568e+01,-1.000000e+00,9.351804e+00,-1.000000e+00,-5.325488e+00
8.000000e+00,3.112160e+03,-1.000000e+00,5.271743e-01,9.619048e+00,7.655179e-01,9.027884e+00,8.922579e-01,3.288879e+00
9.000000e+00,2.877098e+03,-1.000000e+00,5.271453e-01,1.748843e+01,-1.000000e+00,9.431023e+00,-1.000000e+00,-1.500000e+01
1.000000e+01,3.213905e+03,-1.000000e+00,5.271520e-01,1.408037e+01,-1.000000e+00,9.314624e+00,8.545151e-01,-5.727425e+00
1.100000e+01,3.158893e+03,-1.000000e+00,5.271420e-01,1.745918e+01,-1.000000e+00,9.438557e+00,-1.000000e+00,-1.500000e+01
1.200000e+01,2.814122e+03,-1.000000e+00,5.272020e-01,1.476526e+01,-1.000000e+00,9.351472e+00,-1.000000e+00,-1.500000e+01
1.300000e+01,2.942176e+03,-1.000000e+00,5.271447e-01,2.381260e+01,-1.000000e+00,9.567531e+00,-1.000000e+00,-1.500000e+01
1.400000e+01,2.684625e+03,-1.000000e+00,5.271120e-01,1.751131e+01,-1.000000e+00,9.442608e+00,-1.000000e+00,-1.500000e+01
1.500000e+01,3.033318e+03,-1.000000e+00,5.271137e-01,2.544524e+01,-1.000000e+00,9.587082e+00,-1.000000e+00,-1.500000e+01
1.600000e+01,2.485377e+03,-1.000000e+00,5.271003e-01,1.349812e+01,-1.000000e+00,9.296415e+00,8.588793e-01,-5.705604e+00
1.700000e+01,2.795876e+03,-1.000000e+00,5.272253e-01,9.068487e+00,7.332880e-01,8.988156e+00,8.749742e-01,3.041311e+00
1.800000e+01,2.541407e+03,-1.000000e+00,5.272407e-01,1.684063e+01,-1.000000e+00,9.415093e+00,-1.000000e+00,-1.500000e+01
1.900000e+01,2.992017e+03,-1.000000e+00,5.272147e-01,1.847149e+01,-1.000000e+00,9.466146e+00,-1.000000e+00,-1.500000e+01
2.000000e+01,3.100130e+03,-1.000000e+00,5.271840e-01,1.423573e+01,-1.000000e+00,9.320439e+00,-1.000000e+00,-1.500000e+01
2.100000e+01,2.613702e+03,9.323190e-01,5.272203e-01,1.046770e+01,7.087394e-01,9.107244e+00,9.066030e-01,1.273831e+01
2.200000e+01,2.690073e+03,-1.000000e+00,5.271837e-01,1.933221e+01,-1.000000e+00,9.481405e+00,-1.000000e+00,-1.500000e+01
2.300000e+01,2.942424e+03,-1.000000e+00,5.272077e-01,1.848010e+01,-1.000000e+00,9.460494e+00,-1.000000e+00,-1.500000e+01
2.400000e+01,2.548023e+03,-1.000000e+00,5.272083e-01,2.200541e+01,-1.000000e+00,9.530690e+00,-1.000000e+00,-1.500000e+01
2.500000e+01,2.716242e+03,-1.000000e+00,5.272017e-01,1.576975e+01,-1.000000e+00,9.395549e+00,-1.000000e+00,-1.500000e+01
2.600000e+01,2.679137e+03,-1.000000e+00,5.271757e-01,2.211519e+01,-1.000000e+00,9.540765e+00,-1.000000e+00,-1.500000e+01
2.700000e+01,2.452966e+03,-1.000000e+00,5.272930e-01,1.985189e+01,-1.000000e+00,9.487494e+00,-1.000000e+00,-1.500000e+01
2.800000e+01,2.833739e+03,-1.000000e+00,5.271830e-01,1.890414e+01,-1.000000e+00,9.480274e+00,-1.000000e+00,-1.500000e+01
2.900000e+01,2.935082e+03,-1.000000e+00,5.272493e-01,1.890240e+01,-1.000000e+00,9.477329e+00,-1.000000e+00,-1.500000e+01
3.000000e+01,3.112269e+03,-1.000000e+00,5.271673e-01,1.898438e+01,-1.000000e+00,9.472950e+00,-1.000000e+00,-1.500000e+01
3.100000e+01,2.711725e+03,-1.000000e+00,5.271220e-01,2.355526e+01,-1.000000e+00,9.561204e+00,-1.000000e+00,-1.500000e+01
3.200000e+01,2.449039e+03,-1.000000e+00,5.272343e-01,2.050247e+01,-1.000000e+00,9.513631e+00,-1.000000e+00,-1.500000e+01
3.300000e+01,2.982331e+03,-1.000000e+00,5.270963e-01,1.090224e+01,6.814184e-01,9.145261e+00,9.266816e-01,3.040500e+00
3.400000e+01,2.976222e+03,-1.000000e+00,5.271227e-01,1.402280e+01,-1.000000e+00,9.316941e+00,8.547570e-01,-5.726215e+00
3.500000e+01,2.931167e+03,-1.000000e+00,5.271730e-01,1.802427e+01,-1.000000e+00,9.451762e+00,-1.000000e+00,-1.500000e+01
3.600000e+01,2.837372e+03,-1.000000e+00,5.271913e-01,1.810993e+01,-1.000000e+00,9.453671e+00,-1.000000e+00,-1.500000e+01
3.700000e+01,2.598591e+03,9.772530e-01,5.272567e-01,2.076403e+01,-1.000000e+00,9.516100e+00,-1.000000e+00,-5.113735e+00
3.800000e+01,3.211205e+03,-1.000000e+00,5.271393e-01,1.102375e+01,6.833927e-01,9.154897e+00,9.264880e-01,3.049404e+00
3.900000e+01,2.659159e+03,-1.000000e+00,5.271547e-01,1.733343e+01,-1.000000e+00,9.432539e+00,-1.000000e+00,-1.500000e+01
4.000000e+01,2.643842e+03,8.850694e-01,5.271327e-01,1.461970e+01,-1.000000e+00,9.341110e+00,-1.000000e+00,-5.574653e+00
4.100000e+01,3.162571e+03,-1.000000e+00,5.271770e-01,9.531630e+00,7.924681e-01,9.035800e+00,8.866514e-01,3.395598e+00
4.200000e+01,2.718724e+03,-1.000000e+00,5.271720e-01,1.852930e+01,-1.000000e+00,9.460491e+00,-1.000000e+00,-1.500000e+01
4.300000e+01,2.625507e+03,9.098794e-01,5.272927e-01,1.140879e+01,6.398044e-01,9.176112e+00,9.171546e-01,1.233419e+01
4.400000e+01,2.519957e+03,-1.000000e+00,5.272393e-01,1.370250e+01,-1.000000e+00,9.311164e+00,8.533579e-01,-5.733210e+00
4.500000e+01,3.019588e+03,-1.000000e+00,5.272140e-01,1.949118e+01,-1.000000e+00,9.476952e+00,-1.000000e+00,-1.500000e+01
4.600000e+01,3.068559e+03,-1.000000e+00,5.272347e-01,1.379341e+01,-1.000000e+00,9.311984e+00,8.538438e-01,-5.730781e+00
4.700000e+01,2.807390e+03,-1.000000e+00,5.271547e-01,1.745924e+01,-1.000000e+00,9.433580e+00,-1.000000e+00,-1.500000e+01
4.800000e+01,3.107641e+03,-1.000000e+00,5.272007e-01,1.805069e+01,-1.000000e+00,9.461625e+00,-1.000000e+00,-1.500000e+01
4.900000e+01,3.165667e+03,-1.000000e+00,5.271973e-01,1.906846e+01,-1.000000e+00,9.477614e+00,-1.000000e+00,-1.500000e+01
5.000000e+01,3.225775e+03,-1.000000e+00,5.271910e-01,2.091268e+01,-1.000000e+00,9.507736e+00,-1.000000e+00,-1.500000e+01
5.100000e+01,3.127088e+03,-1.000000e+00,5.271990e-01,1.291327e+01,-1.000000e+00,9.267699e+00,8.703280e-01,-5.648360e+00
5.200000e+01,2.862496e+03,-1.000000e+00,5.271097e-01,1.740971e+01,-1.000000e+00,9.441788e+00,-1.000000e+00,-1.500000e+01
5.300000e+01,2.757237e+03,-1.000000e+00,5.270807e-01,1.293647e+01,-1.000000e+00,9.268938e+00,8.690722e-01,-5.654639e+00
5.400000e+01,3.063089e+03,-1.000000e+00,5.271617e-01,2.001016e+01,-1.000000e+00,9.497267e+00,-1.000000e+00,-1.500000e+01
5.500000e+01,2.937000e+03,-1.000000e+00,5.272390e-01,1.052912e+01,7.049609e-01,9.117763e+00,9.123442e-01,3.086526e+00
5.600000e+01,3.147660e+03,-1.000000e+00,5.271723e-01,1.927802e+01,-1.000000e+00,9.478471e+00,-1.000000e+00,-1.500000e+01
5.700000e+01,2.842087e+03,-1.000000e+00,5.271887e-01,2.250134e+01,-1.000000e+00,9.538413e+00,-1.000000e+00,-1.500000e+01
5.800000e+01,2.859358e+03,-1.000000e+00,5.271800e-01,1.178064e+01,6.449578e-01,9.204917e+00,8.990437e-01,2.720007e+00
5.900000e+01,2.510289e+03,-1.000000e+00,5.272360e-01,1.597196e+01,-1.000000e+00,9.390271e+00,-1.000000e+00,-1.500000e+01
6.000000e+01,2.947251e+03,-1.000000e+00,5.272223e-01,2.379660e+01,-1.000000e+00,9.559970e+00,-1.000000e+00,-1.500000e+01
6.100000e+01,2.633152e+03,8.985377e-01,5.271907e-01,2.148109e+01,-1.000000e+00,9.528285e+00,-1.000000e+00,-5.507312e+00
6.200000e+01,2.843791e+03,-1.000000e+00,5.271897e-01,1.600337e+01,-1.000000e+00,9.392309e+00,-1.000000e+00,-1.500000e+01
6.300000e+01,2.491825e+03,-1.000000e+00,5.272453e-01,1.261963e+01,-1.000000e+00,9.258293e+00,8.759014e-01,-5.620493e+00
6.400000e+01,3.006829e+03,-1.000000e+00,5.271970e-01,1.059763e+01,7.171972e-01,9.123518e+00,9.140411e-01,3.156191e+00
6.500000e+01,2.503503e+03,-1.000000e+00,5.272573e-01,1.582206e+01,-1.000000e+00,9.376199e+00,-1.000000e+00,-1.500000e+01
6.600000e+01,2.587123e+03,9.342509e-01,5.271243e-01,1.709244e+01,-1.000000e+00,9.428037e+00,-1.000000e+00,-5.328745e+00
6.700000e+01,2.532349e+03,-1.000000e+00,5.271737e-01,1.063227e+01,7.315045e-01,9.132988e+00,9.106471e-01,3.210758e+00
6.800000e+01,2.468541e+03,-1.000000e+00,5.271680e-01,1.837782e+01,-1.000000e+00,9.447419e+00,-1.000000e+00,-1.500000e+01
6.900000e+01,2.980176e+03,-1.000000e+00,5.271640e-01,2.026667e+01,-1.000000e+00,9.506106e+00,-1.000000e+00,-1.500000e+01
7.000000e+01,2.948581e+03,-1.000000e+00,5.271893e-01,1.774640e+01,-1.000000e+00,9.445059e+00,-1.000000e+00,-1.500000e+01
7.100000e+01,2.440796e+03,-1.000000e+00,5.271667e-01,2.100015e+01,-1.000000e+00,9.515111e+00,-1.000000e+00,-1.500000e+01
7.200000e+01,3.136752e+03,-1.000000e+00,5.271807e-01,1.901151e+01,-1.000000e+00,9.478041e+00,-1.000000e+00,-1.500000e+01
7.300000e+01,2.469077e+03,-1.000000e+00,5.271570e-01,1.239741e+01,6.161241e-01,9.238587e+00,8.829084e-01,2.495163e+00
7.400000e+01,2.810470e+03,-1.000000e+00,5.272000e-01,1.406106e+01,-1.000000e+00,9.321066e+00,-1.000000e+00,-1.500000e+01
7.500000e+01,2.636970e+03,8.934602e-01,5.272293e-01,1.720015e+01,-1.000000e+00,9.428287e+00,-1.000000e+00,-5.532699e+00
7.600000e+01,3.124924e+03,-1.000000e+00,5.271837e-01,1.695205e+01,-1.000000e+00,9.420645e+00,-1.000000e+00,-1.500000e+01
7.700000e+01,2.648393e+03,8.799499e-01,5.271693e-01,2.137693e+01,-1.000000e+00,9.523330e+00,-1.000000e+00,-5.600250e+00
7.800000e+01,2.642024e+03,8.872063e-01,5.271583e-01,2.269458e+01,-1.000000e+00,9.550287e+00,-1.000000e+00,-5.563969e+00
7.900000e+01,2.965704e+03,-1.000000e+00,5.271927e-01,1.261656e+01,6.097946e-01,9.254417e+00,8.753517e-01,2.425731e+00
8.000000e+01,3.186749e+03,-1.000000e+00,5.271907e-01,1.566698e+01,-1.000000e+00,9.377415e+00,-1.000000e+00,-1.500000e+01
8.100000e+01,2.497575e+03,-1.000000e+00,5.271503e-01,2.017475e+01,-1.000000e+00,9.498896e+00,-1.000000e+00,-1.500000e+01
8.200000e+01,2.641601e+03,8.877112e-01,5.272023e-01,2.551590e+01,-1.000000e+00,9.591774e+00,-1.000000e+00,-5.561444e+00
8.300000e+01,2.768965e+03,-1.000000e+00,5.271490e-01,1.820478e+01,-1.000000e+00,9.455671e+00,-1.000000e+00,-1.500000e+01
8.400000e+01,3.120853e+03,-1.000000e+00,5.271553e-01,1.672976e+01,-1.000000e+00,9.416053e+00,-1.000000e+00,-1.500000e+01
8.500000e+01,2.620574e+03,9.183117e-01,5.272257e-01,2.159812e+01,-1.000000e+00,9.526642e+00,-1.000000e+00,-5.408442e+00
8.600000e+01,2.446795e+03,-1.000000e+00,5.272083e-01,2.061411e+01,-1.000000e+00,9.514095e+00,-1.000000e+00,-1.500000e+01
8.700000e+01,3.166845e+03,-1.000000e+00,5.271423e-01,2.024469e+01,-1.000000e+00,9.502478e+00,-1.000000e+00,-1.500000e+01
8.800000e+01,2.915485e+03,-1.000000e+00,5.271417e-01,1.634243e+01,-1.000000e+00,9.394113e+00,-1.000000e+00,-1.500000e+01
8.900000e+01,2.612860e+03,9.342934e-01,5.271923e-01,2.096273e+01,-1.000000e+00,9.511573e+00,-1.000000e+00,-5.328533e+00
9.000000e+01,3.160923e+03,-1.000000e+00,5.272027e-01,1.965462e+01,-1.000000e+00,9.487059e+00,-1.000000e+00,-1.500000e+01
9.100000e+01,3.030506e+03,-1.000000e+00,5.272183e-01,1.486341e+01,-1.000000e+00,9.343201e+00,-1.000000e+00,-1.500000e+01
9.200000e+01,2.754775e+03,-1.000000e+00,5.272133e-01,1.582787e+01,-1.000000e+00,9.382947e+00,-1.000000e+00,-1.500000e+01
9.300000e+01,3.226397e+03,-1.000000e+00,5.271333e-01,1.969992e+01,-1.000000e+00,9.490426e+00,-1.000000e+00,-1.500000e+01
9.400000e+01,3.067645e+03,-1.000000e+00,5.271937e-01,1.742615e+01,-1.000000e+00,9.439638e+00,-1.000000e+00,-1.500000e+01
9.500000e+01,3.001262e+03,-1.000000e+00,5.271770e-01,1.883810e+01,-1.000000e+00,9.463068e+00,-1.000000e+00,-1.500000e+01
9.600000e+01,3.199372e+03,-1.000000e+00,5.271350e-01,1.942827e+01,-1.000000e+00,9.479828e+00,-1.000000e+00,-1.500000e+01
9.700000e+01,2.819583e+03,-1.000000e+00,5.271830e-01,2.304449e+01,-1.000000e+00,9.551400e+00,-1.000000e+00,-1.500000e+01
9.800000e+01,3.120343e+03,-1.000000e+00,5.272090e-01,1.109895e+01,6.600022e-01,9.153917e+00,9.298105e-01,2.949063e+00
9.900000e+01,2.835455e+03,-1.000000e+00,5.272533e-01,1.906310e+01,-1.000000e+00,9.482842e+00,-1.000000e+00,-1.500000e+01
1.000000e+02,2.532703e+03,-1.000000e+00,5.271670e-01,1.335586e+01,-1.000000e+00,9.290207e+00,8.616667e-01,-5.691666e+00
1.010000e+02,2.542277e+03,-1.000000e+00,5.271913e-01,9.155629e+00,7.254570e-01,8.991355e+00,8.748732e-01,3.001651e+00
1.020000e+02,2.672959e+03,-1.000000e+00,5.271917e-01,9.469834e+00,7.710528e-01,9.021433e+00,8.888078e-01,3.299303e+00
1.030000e+02,2.521796e+03,-1.000000e+00,5.272333e-01,9.103220e+00,7.384817e-01,8.988817e+00,8.754420e-01,3.069618e+00
1.040000e+02,2.537076e+03,-1.000000e+00,5.271530e-01,9.198522e+00,7.499926e-01,9.013788e+00,8.823293e-01,3.161609e+00
1.050000e+02,2.555611e+03,8.844369e-01,5.271663e-01,8.844208e+00,7.200798e-01,8.984637e+00,8.756499e-01,1.240083e+01
1.060000e+02,2.560441e+03,8.901958e-01,5.272313e-01,8.956898e+00,7.342623e-01,8.985116e+00,8.725399e-01,1.248499e+01
1.070000e+02,2.593172e+03,9.512535e-01,5.272067e-01,8.999478e+00,7.305387e-01,8.980088e+00,8.722135e-01,1.277003e+01
1.080000e+02,2.569587e+03,9.024021e-01,5.272743e-01,9.505677e+00,7.649558e-01,9.041265e+00,8.907971e-01,1.279078e+01
1.090000e+02,2.595710e+03,9.609672e-01,5.271593e-01,8.976000e+00,7.366759e-01,8.984899e+00,8.764562e-01,1.287050e+01
1.100000e+02,2.545579e+03,-1.000000e+00,5.271313e-01,8.796370e+00,7.240104e-01,8.964748e+00,8.698474e-01,2.969289e+00
1.110000e+02,2.634091e+03,8.972575e-01,5.271763e-01,9.307484e+00,7.537458e-01,9.008016e+00,8.841441e-01,1.267574e+01
1.120000e+02,2.586041e+03,9.317310e-01,5.271647e-01,9.351675e+00,7.473468e-01,9.010418e+00,8.815144e-01,1.280296e+01
1.130000e+02,2.676761e+03,-1.000000e+00,5.271777e-01,9.248132e+00,7.387962e-01,9.009298e+00,8.847025e-01,3.117494e+00
1.140000e+02,2.548307e+03,-1.000000e+00,5.272047e-01,9.457421e+00,7.535268e-01,9.016496e+00,8.869445e-01,3.202356e+00
1.150000e+02,2.724736e+03,-1.000000e+00,5.271553e-01,9.432998e+00,7.644346e-01,9.016674e+00,8.852584e-01,3.248465e+00
1.160000e+02,2.646878e+03,8.816202e-01,5.272027e-01,9.760908e+00,7.690276e-01,9.055270e+00,8.931599e-01,1.271904e+01
1.170000e+02,2.646416e+03,8.821361e-01,5.272123e-01,9.008275e+00,7.253845e-01,8.998297e+00,8.796509e-01,1.243586e+01
1.180000e+02,2.555443e+03,8.842436e-01,5.272367e-01,9.737378e+00,7.786886e-01,9.052658e+00,8.903070e-01,1.276620e+01
1.190000e+02,2.596031e+03,9.624003e-01,5.272180e-01,9.734582e+00,7.497761e-01,9.052216e+00,8.959579e-01,1.304067e+01
1.200000e+02,2.597858e+03,9.720984e-01,5.272323e-01,8.975941e+00,7.366060e-01,9.000151e+00,8.760986e-01,1.292402e+01
1.210000e+02,2.677574e+03,-1.000000e+00,5.272313e-01,9.092366e+00,7.486784e-01,9.002773e+00,8.808234e-01,3.147509e+00
1.220000e+02,2.599928e+03,9.947546e-01,5.272060e-01,9.246196e+00,7.507191e-01,9.015018e+00,8.808740e-01,1.313174e+01
1.230000e+02,2.564394e+03,8.952365e-01,5.272110e-01,9.235462e+00,7.425370e-01,9.013892e+00,8.847170e-01,1.261245e+01
1.240000e+02,2.578793e+03,9.171680e-01,5.272197e-01,9.923294e+00,7.239892e-01,9.067112e+00,9.061639e-01,1.273661e+01
1.250000e+02,2.595852e+03,9.615931e-01,5.271663e-01,8.966342e+00,7.441354e-01,8.996934e+00,8.734291e-01,1.289579e+01
1.260000e+02,2.594147e+03,9.547030e-01,5.271510e-01,9.773191e+00,7.761643e-01,9.057228e+00,8.945951e-01,1.312731e+01
1.270000e+02,2.576368e+03,9.129607e-01,5.272440e-01,9.546775e+00,7.590952e-01,9.043922e+00,8.950437e-01,1.283550e+01
1.280000e+02,2.556570e+03,8.855482e-01,5.272137e-01,8.925842e+00,7.302381e-01,8.975263e+00,8.739908e-01,1.244889e+01
1.290000e+02,2.556662e+03,8.856556e-01,5.271963e-01,1.022895e+01,7.303797e-01,9.097844e+00,9.052986e-01,1.260667e+01
1.300000e+02,2.575393e+03,9.113405e-01,5.271733e-01,9.369667e+00,7.806213e-01,9.035922e+00,8.862716e-01,1.289117e+01
1.310000e+02,2.545192e+03,-1.000000e+00,5.272157e-01,9.174369e+00,7.516120e-01,8.999557e+00,8.811316e-01,3.163718e+00
1.320000e+02,2.554298e+03,8.829387e-01,5.271807e-01,9.637679e+00,7.910132e-01,9.039975e+00,8.897423e-01,1.281847e+01
1.330000e+02,2.696850e+03,-1.000000e+00,5.271973e-01,8.759322e+00,7.293514e-01,8.974033e+00,8.719292e-01,3.006403e+00
1.340000e+02,2.562780e+03,8.931388e-01,5.271853e-01,9.913359e+00,7.229376e-01,9.072433e+00,9.067956e-01,1.261436e+01
1.350000e+02,2.692049e+03,-1.000000e+00,5.271350e-01,9.124825e+00,7.456955e-01,9.008318e+00,8.766349e-01,3.111652e+00
1.360000e+02,2.600469e+03,9.867526e-01,5.271887e-01,9.635550e+00,7.519672e-01,9.043308e+00,8.929801e-01,1.315850e+01
1.370000e+02,2.678384e+03,-1.000000e+00,5.271870e-01,9.007478e+00,7.186593e-01,8.981023e+00,8.702662e-01,2.944627e+00
1.380000e+02,2.586212e+03,9.321198e-01,5.272377e-01,9.148863e+00,7.382454e-01,8.997611e+00,8.788576e-01,1.274611e+01
1.390000e+02,2.604651e+03,9.594214e-01,5.271740e-01,9.653520e+00,8.146337e-01,9.044399e+00,8.887599e-01,1.331407e+01
1.400000e+02,2.547631e+03,-1.000000e+00,5.271640e-01,8.811682e+00,7.197531e-01,8.961512e+00,8.661772e-01,2.929652e+00
1.410000e+02,2.582410e+03,9.239987e-01,5.272817e-01,8.924639e+00,7.169352e-01,8.979520e+00,8.712467e-01,1.256090e+01
1.420000e+02,2.634078e+03,8.972745e-01,5.272377e-01,9.477880e+00,8.156450e-01,9.035192e+00,8.833573e-01,1.298138e+01
1.430000e+02,2.543852e+03,-1.000000e+00,5.272393e-01,9.053487e+00,7.416087e-01,8.997252e+00,8.765401e-01,3.090744e+00
1.440000e+02,2.594968e+03,9.578599e-01,5.271610e-01,9.156385e+00,7.435755e-01,8.994121e+00,8.785337e-01,1.289985e+01
1.450000e+02,2.685545e+03,-1.000000e+00,5.271437e-01,1.038679e+01,6.977747e-01,9.098163e+00,9.133894e-01,3.055821e+00
1.460000e+02,2.685191e+03,-1.000000e+00,5.271943e-01,8.848502e+00,7.105295e-01,8.978352e+00,8.706095e-01,2.905695e+00
1.470000e+02,2.603018e+03,9.670530e-01,5.271183e-01,9.387291e+00,7.440571e-01,9.039820e+00,8.926288e-01,1.301869e+01
1.480000e+02,2.629295e+03,9.040390e-01,5.272053e-01,9.437705e+00,7.639539e-01,9.041077e+00,8.942232e-01,1.281108e+01
1.490000e+02,2.620766e+03,9.179630e-01,5.271850e-01,8.841975e+00,7.184035e-01,8.967188e+00,8.665911e-01,1.251479e+01
1.500000e+02,2.622715e+03,9.145208e-01,5.271477e-01,9.238039e+00,7.420266e-01,9.009108e+00,8.836725e-01,1.270110e+01
1.510000e+02,2.591855e+03,9.469948e-01,5.271610e-01,9.346855e+00,7.605213e-01,9.012037e+00,8.859721e-01,1.296744e+01
1.520000e+02,2.637918e+03,8.922485e-01,5.271647e-01,9.584350e+00,7.847707e-01,9.043229e+00,8.924707e-01,1.284745e+01
1.530000e+02,2.590545e+03,9.431272e-01,5.271873e-01,9.504608e+00,7.619467e-01,9.043392e+00,8.899564e-01,1.297515e+01
1.540000e+02,2.605404e+03,9.563979e-01,5.271883e-01,8.794334e+00,7.049743e-01,8.963844e+00,8.634421e-01,1.262407e+01
1.550000e+02,2.561186e+03,8.911204e-01,5.272360e-01,1.204769e+01,6.306597e-01,9.220806e+00,8.903285e-01,1.206054e+01
1.560000e+02,2.586705e+03,9.332640e-01,5.271747e-01,9.538984e+00,7.888870e-01,9.043550e+00,8.911046e-01,1.306628e+01
1.570000e+02,2.575972e+03,9.122986e-01,5.272117e-01,9.532363e+00,7.646617e-01,9.033235e+00,8.943226e-01,1.285641e+01
1.580000e+02,2.636424e+03,8.941662e-01,5.272627e-01,9.649023e+00,7.782060e-01,9.049530e+00,8.951818e-01,1.283777e+01
1.590000e+02,2.568599e+03,9.009854e-01,5.272660e-01,9.357302e+00,7.802775e-01,9.029282e+00,8.862553e-01,1.283759e+01
1.600000e+02,2.604939e+03,9.582365e-01,5.271797e-01,9.186009e+00,7.499440e-01,9.002879e+00,8.815954e-01,1.294888e+01
1.610000e+02,2.707120e+03,-1.000000e+00,5.271370e-01,1.001383e+01,7.322317e-01,9.059980e+00,9.050923e-01,3.186620e+00
1.620000e+02,2.596795e+03,9.660833e-01,5.271947e-01,9.790171e+00,7.416263e-01,9.043548e+00,8.984436e-01,1.303077e+01
1.630000e+02,2.551607e+03,8.799497e-01,5.271580e-01,9.218423e+00,7.574767e-01,9.003804e+00,8.794743e-01,1.258450e+01
1.640000e+02,2.563363e+03,8.938892e-01,5.272220e-01,1.021365e+01,7.317522e-01,9.104099e+00,9.069390e-01,1.266290e+01
1.650000e+02,2.589648e+03,9.406447e-01,5.271847e-01,9.287919e+00,7.237015e-01,9.017371e+00,8.883574e-01,1.276352e+01
1.660000e+02,2.538293e+03,-1.000000e+00,5.271403e-01,9.550943e+00,7.367218e-01,9.036913e+00,8.929569e-01,3.148394e+00
1.670000e+02,2.628825e+03,9.047373e-01,5.272597e-01,9.890768e+00,7.485911e-01,9.066633e+00,8.992351e-01,1.276282e+01
1.680000e+02,2.532682e+03,-1.000000e+00,5.273233e-01,9.306774e+00,7.647823e-01,9.018976e+00,8.880480e-01,3.264152e+00
1.690000e+02,2.576718e+03,9.135517e-01,5.272130e-01,9.099985e+00,7.256290e-01,8.996697e+00,8.753946e-01,1.257288e+01
1.700000e+02,2.547594e+03,-1.000000e+00,5.271923e-01,9.281115e+00,7.474821e-01,9.009840e+00,8.853701e-01,3.164261e+00
1.710000e+02,2.614295e+03,9.309704e-01,5.271937e-01,9.271125e+00,7.436663e-01,9.015352e+00,8.864246e-01,1.280531e+01
1.720000e+02,2.591165e+03,9.449170e-01,5.271917e-01,9.182107e+00,7.351091e-01,8.994950e+00,8.759917e-01,1.278009e+01
1.730000e+02,2.559444e+03,8.889725e-01,5.271713e-01,9.482065e+00,7.696090e-01,9.031807e+00,8.916688e-01,1.275125e+01
1.740000e+02,2.590593e+03,9.432625e-01,5.271470e-01,9.447396e+00,7.460976e-01,9.042182e+00,8.876367e-01,1.288498e+01
1.750000e+02,2.590234e+03,9.422509e-01,5.271847e-01,9.319143e+00,7.422181e-01,9.010590e+00,8.831879e-01,1.283828e+01
1.760000e+02,2.673120e+03,-1.000000e+00,5.271863e-01,9.339696e+00,7.649574e-01,9.022546e+00,8.844500e-01,3.247037e+00
1.770000e+02,2.523928e+03,-1.000000e+00,5.272413e-01,9.266903e+00,7.601403e-01,9.014022e+00,8.831999e-01,3.216701e+00
1.780000e+02,2.555173e+03,8.839349e-01,5.272450e-01,1.003813e+01,7.285131e-01,9.069520e+00,9.041166e-01,1.258282e+01
1.790000e+02,2.551769e+03,8.801273e-01,5.272697e-01,8.935782e+00,7.383204e-01,8.990175e+00,8.751882e-01,1.246818e+01
1.800000e+02,2.547395e+03,-1.000000e+00,5.271023e-01,9.412722e+00,7.853959e-01,9.032486e+00,8.863446e-01,3.358703e+00
1.810000e+02,2.549713e+03,-1.000000e+00,5.271387e-01,9.958481e+00,7.340659e-01,9.062301e+00,9.014855e-01,3.177757e+00
1.820000e+02,2.579525e+03,9.184917e-01,5.271763e-01,9.256745e+00,7.530118e-01,9.009971e+00,8.846314e-01,1.278067e+01
1.830000e+02,2.653944e+03,-1.000000e+00,5.271793e-01,9.641207e+00,8.050050e-01,9.054748e+00,8.915525e-01,3.482787e+00
1.840000e+02,2.555974e+03,8.848561e-01,5.271067e-01,9.493976e+00,7.665409e-01,9.030730e+00,8.900914e-01,1.270744e+01
1.850000e+02,2.635262e+03,8.956899e-01,5.271130e-01,9.587741e+00,7.696553e-01,9.041492e+00,8.940629e-01,1.279704e+01
1.860000e+02,2.546145e+03,-1.000000e+00,5.271723e-01,9.324021e+00,7.673703e-01,9.027514e+00,8.834838e-01,3.254270e+00
1.870000e+02,2.549629e+03,-1.000000e+00,5.272030e-01,9.546964e+00,7.687966e-01,9.054176e+00,8.878910e-01,3.283438e+00
1.880000e+02,2.576406e+03,9.130246e-01,5.272287e-01,9.098301e+00,7.547704e-01,8.998200e+00,8.792077e-01,1.273501e+01
1.890000e+02,2.584358e+03,9.280199e-01,5.272157e-01,9.476246e+00,7.632638e-01,9.031612e+00,8.923897e-01,1.291837e+01
1.900000e+02,2.652077e+03,-1.000000e+00,5.271647e-01,9.622861e+00,7.656695e-01,9.035130e+00,8.939173e-01,3.297934e+00
1.910000e+02,2.633240e+03,8.984170e-01,5.272200e-01,9.766715e+00,8.275742e-01,9.056004e+00,8.878676e-01,1.306929e+01
1.920000e+02,2.612475e+03,9.352197e-01,5.271797e-01,9.455066e+00,7.683808e-01,9.036227e+00,8.890860e-01,1.296343e+01
1.930000e+02,2.670384e+03,-1.000000e+00,5.271593e-01,9.410674e+00,7.811838e-01,9.024703e+00,8.845515e-01,3.328677e+00
1.940000e+02,2.610312e+03,9.407526e-01,5.272683e-01,9.508560e+00,7.781567e-01,9.052408e+00,8.836509e-01,1.301280e+01
1.950000e+02,2.616855e+03,9.254848e-01,5.271487e-01,9.433394e+00,7.696445e-01,9.033670e+00,8.922319e-01,1.293681e+01
1.960000e+02,2.577908e+03,9.156012e-01,5.271823e-01,9.428858e+00,8.046339e-01,9.031199e+00,8.821451e-01,1.301190e+01
1.970000e+02,2.632084e+03,9.000214e-01,5.271153e-01,9.040629e+00,7.280823e-01,9.004767e+00,8.728863e-01,1.250495e+01
1.980000e+02,2.613087e+03,9.337543e-01,5.272013e-01,9.782525e+00,7.407856e-01,9.049289e+00,8.985322e-01,1.286536e+01
1.990000e+02,2.570010e+03,9.030170e-01,5.271573e-01,9.093171e+00,7.535128e-01,9.002348e+00,8.772568e-01,1.266893e+01
2.000000e+02,2.576662e+03,9.134572e-01,5.271433e-01,1.068627e+01,7.059831e-01,9.127448e+00,9.117890e-01,1.265615e+01
2.010000e+02,2.561051e+03,8.909526e-01,5.271970e-01,9.579759e+00,7.527398e-01,9.046111e+00,8.933983e-01,1.268545e+01
2.020000e+02,2.586782e+03,9.334441e-01,5.272337e-01,9.676703e+00,7.820014e-01,9.050445e+00,8.930267e-01,1.304236e+01
2.030000e+02,2.552374e+03,8.807911e-01,5.272340e-01,8.832146e+00,7.162589e-01,8.963858e+00,8.682217e-01,1.232636e+01
2.040000e+02,2.608700e+03,9.453180e-01,5.272553e-01,9.429740e+00,7.679529e-01,9.029520e+00,8.894196e-01,1.301345e+01
2.050000e+02,2.571199e+03,9.047744e-01,5.271543e-01,9.374423e+00,7.758832e-01,9.018918e+00,8.861866e-01,1.283422e+01
2.060000e+02,2.533221e+03,-1.000000e+00,5.271703e-01,9.487861e+00,7.796669e-01,9.032173e+00,8.912666e-01,3.354667e+00
2.070000e+02,2.597546e+03,9.701955e-01,5.272033e-01,9.234407e+00,7.525929e-01,9.012238e+00,8.763592e-01,1.299574e+01
2.080000e+02,2.608695e+03,9.453307e-01,5.271610e-01,9.328492e+00,7.525592e-01,9.020495e+00,8.872018e-01,1.292546e+01
2.090000e+02,2.579051e+03,9.176317e-01,5.271610e-01,9.331041e+00,7.584723e-01,9.029161e+00,8.852811e-01,1.280693e+01
2.100000e+02,2.572403e+03,9.065972e-01,5.272287e-01,9.302291e+00,7.351901e-01,9.001406e+00,8.766523e-01,1.259220e+01
2.110000e+02,2.635677e+03,8.951426e-01,5.271447e-01,8.838936e+00,7.267076e-01,8.982403e+00,8.740409e-01,1.247946e+01
2.120000e+02,2.593643e+03,9.528829e-01,5.271653e-01,1.011296e+01,7.452184e-01,9.096646e+00,9.024955e-01,1.300298e+01
2.130000e+02,2.574496e+03,9.098832e-01,5.271097e-01,9.322858e+00,7.583945e-01,9.023035e+00,8.890230e-01,1.278650e+01
2.140000e+02,2.603844e+03,9.629742e-01,5.271577e-01,8.937114e+00,7.344610e-01,8.983597e+00,8.703903e-01,1.283913e+01
2.150000e+02,2.623874e+03,9.125554e-01,5.272053e-01,9.926589e+00,7.340304e-01,9.075944e+00,9.074913e-01,1.277039e+01
2.160000e+02,2.691485e+03,-1.000000e+00,5.271347e-01,9.588312e+00,7.670396e-01,9.035430e+00,8.941766e-01,3.306081e+00
2.170000e+02,2.571730e+03,9.055723e-01,5.272300e-01,9.897015e+00,7.531760e-01,9.072771e+00,9.006024e-01,1.279675e+01
2.180000e+02,2.586944e+03,9.338271e-01,5.272270e-01,9.477024e+00,7.530352e-01,9.023789e+00,8.880848e-01,1.287474e+01
2.190000e+02,2.611986e+03,9.364190e-01,5.272477e-01,9.973226e+00,7.047773e-01,9.076989e+00,9.116078e-01,1.276402e+01
2.200000e+02,2.615204e+03,9.289630e-01,5.271487e-01,1.036580e+01,7.085000e-01,9.102114e+00,9.129718e-01,1.275217e+01
2.210000e+02,2.559074e+03,8.885238e-01,5.272523e-01,9.130525e+00,7.430130e-01,9.006207e+00,8.786885e-01,1.255113e+01
2.220000e+02,2.646540e+03,8.819965e-01,5.271607e-01,8.891202e+00,7.199704e-01,8.986226e+00,8.742686e-01,1.238118e+01
2.230000e+02,2.596305e+03,9.636736e-01,5.272087e-01,9.588944e+00,7.740353e-01,9.040373e+00,8.921949e-01,1.314952e+01
2.240000e+02,2.551822e+03,8.801849e-01,5.272493e-01,1.050950e+01,7.252492e-01,9.122501e+00,9.113536e-01,1.258394e+01
2.250000e+02,2.563457e+03,8.940121e-01,5.272617e-01,9.390534e+00,7.480418e-01,9.028715e+00,8.909991e-01,1.266526e+01
2.260000e+02,2.556007e+03,8.848939e-01,5.272043e-01,9.275692e+00,7.507487e-01,9.008105e+00,8.839838e-01,1.259813e+01
2.270000e+02,2.627464e+03,9.068015e-01,5.271600e-01,9.872885e+00,7.717101e-01,9.075524e+00,9.014437e-01,1.289978e+01
2.280000e+02,2.612084e+03,9.361760e-01,5.271297e-01,8.994305e+00,7.387228e-01,8.992454e+00,8.730478e-01,1.273973e+01
2.290000e+02,2.685715e+03,-1.000000e+00,5.271843e-01,9.797456e+00,7.659328e-01,9.059234e+00,8.946743e-01,3.303035e+00
2.300000e+02,2.614303e+03,9.309518e-01,5.272290e-01,9.355769e+00,7.751774e-01,9.019077e+00,8.821759e-01,1.294153e+01
2.310000e+02,2.643362e+03,8.856275e-01,5.271753e-01,9.094505e+00,7.480948e-01,8.996711e+00,8.768710e-01,1.255297e+01
2.320000e+02,2.647149e+03,8.813189e-01,5.271343e-01,9.660544e+00,7.860680e-01,9.068018e+00,8.929765e-01,1.280182e+01
2.330000e+02,2.611811e+03,9.368558e-01,5.271030e-01,9.411034e+00,7.764949e-01,9.030973e+00,8.865784e-01,1.299965e+01
2.340000e+02,2.598804e+03,9.790029e-01,5.272477e-01,8.914592e+00,7.231073e-01,8.987137e+00,8.739312e-01,1.288021e+01
2.350000e+02,2.573298e+03,9.079846e-01,5.272433e-01,8.986795e+00,7.363463e-01,8.990196e+00,8.731277e-01,1.258729e+01
2.360000e+02,2.565999e+03,8.973792e-01,5.271787e-01,9.394739e+00,7.839841e-01,9.018263e+00,8.800925e-01,1.280728e+01
2.370000e+02,2.570563e+03,9.038292e-01,5.271493e-01,9.714969e+00,7.395387e-01,9.054571e+00,8.986856e-01,1.271027e+01
2.380000e+02,2.541404e+03,-1.000000e+00,5.272733e-01,9.525140e+00,7.658185e-01,9.041923e+00,8.898818e-01,3.278501e+00
2.390000e+02,2.607341e+03,9.495441e-01,5.272067e-01,9.120300e+00,7.217925e-01,8.989593e+00,8.729929e-01,1.272165e+01
2.400000e+02,2.650031e+03,-1.000000e+00,5.272157e-01,9.246221e+00,7.616405e-01,9.016834e+00,8.851658e-01,3.234031e+00
2.410000e+02,2.633844e+03,8.975922e-01,5.272387e-01,9.545111e+00,7.483527e-01,9.037361e+00,8.926316e-01,1.269288e+01
2.420000e+02,2.624101e+03,9.121769e-01,5.271650e-01,9.746130e+00,7.796060e-01,9.068280e+00,8.927833e-01,1.292283e+01
2.430000e+02,2.540394e+03,-1.000000e+00,5.272803e-01,9.090939e+00,7.372038e-01,8.994356e+00,8.777238e-01,3.074638e+00
2.440000e+02,2.596463e+03,9.644305e-01,5.272767e-01,9.523867e+00,7.842169e-01,9.039978e+00,8.902273e-01,1.319437e+01
2.450000e+02,2.575344e+03,9.112600e-01,5.271980e-01,1.071528e+01,6.807497e-01,9.141411e+00,9.296088e-01,1.260809e+01
2.460000e+02,2.548347e+03,-1.000000e+00,5.272100e-01,9.322211e+00,7.581221e-01,9.016054e+00,8.828679e-01,3.204950e+00
2.470000e+02,2.574751e+03,9.102951e-01,5.271677e-01,8.998256e+00,7.245567e-01,8.989372e+00,8.747140e-01,1.254783e+01
2.480000e+02,2.581575e+03,9.223548e-01,5.271800e-01,9.912499e+00,7.597020e-01,9.076679e+00,8.977578e-01,1.289907e+01
2.490000e+02,2.587346e+03,9.347869e-01,5.271667e-01,1.055945e+01,6.917507e-01,9.117221e+00,9.215773e-01,1.274057e+01
2.500000e+02,2.594355e+03,9.554795e-01,5.271760e-01,9.479982e+00,7.731524e-01,9.026265e+00,8.895367e-01,1.309084e+01
2.510000e+02,2.530164e+03,-1.000000e+00,5.272133e-01,9.543205e+00,7.873650e-01,9.045310e+00,8.899280e-01,3.386465e+00
2.520000e+02,2.548152e+03,-1.000000e+00,5.270997e-01,9.657317e+00,7.427807e-01,9.041200e+00,8.978726e-01,3.203266e+00
2.530000e+02,2.586321e+03,9.323704e-01,5.272153e-01,9.545951e+00,7.623524e-01,9.043947e+00,8.963939e-01,1.295558e+01
2.540000e+02,2.615802e+03,9.276780e-01,5.272270e-01,9.480150e+00,7.789715e-01,9.028737e+00,8.825836e-01,1.294617e+01
2.550000e+02,2.643211e+03,8.858051e-01,5.271893e-01,8.803974e+00,7.101139e-01,8.964377e+00,8.654824e-01,1.230701e+01
2.560000e+02,2.567747e+03,8.997841e-01,5.272157e-01,9.545722e+00,7.995528e-01,9.047408e+00,8.907511e-01,1.295044e+01
