# step_count,fitted_elastic_modulus,elastic_modulus_match_degree,average_bond_length,average_persistence_length,persistence_length_match_degree,average_end_to_end_distance,end_to_end_distance_match_degree,reward_value
1.000000e+00,3.028038e+03,-1.000000e+00,5.272183e-01,2.141284e+01,-1.000000e+00,9.519978e+00,-1.000000e+00,-1.500000e+01
2.000000e+00,2.972854e+03,-1.000000e+00,5.271763e-01,2.291884e+01,-1.000000e+00,9.552935e+00,-1.000000e+00,-1.500000e+01
3.000000e+00,2.536577e+03,-1.000000e+00,5.271813e-01,2.244434e+01,-1.000000e+00,9.546867e+00,-1.000000e+00,-1.500000e+01
4.000000e+00,2.713521e+03,-1.000000e+00,5.271397e-01,1.731803e+01,-1.000000e+00,9.428305e+00,-1.000000e+00,-1.500000e+01
5.000000e+00,2.834956e+03,-1.000000e+00,5.272267e-01,9.727491e+00,7.642693e-01,9.067485e+00,8.987277e-01,3.314985e+00
6.000000e+00,2.559731e+03,8.893225e-01,5.271703e-01,1.209817e+01,6.260885e-01,9.230155e+00,8.844876e-01,1.199949e+01
7.000000e+00,3.002066e+03,-1.000000e+00,5.271833e-01,1.882210e+01,-1.000000e+00,9.479567e+00,-1.000000e+00,-1.500000e+01
8.000000e+00,2.970050e+03,-1.000000e+00,5.271977e-01,1.942859e+01,-1.000000e+00,9.482711e+00,-1.000000e+00,-1.500000e+01
9.000000e+00,3.192610e+03,-1.000000e+00,5.272430e-01,1.664024e+01,-1.000000e+00,9.408943e+00,-1.000000e+00,-1.500000e+01
1.000000e+01,3.085872e+03,-1.000000e+00,5.271610e-01,2.077235e+01,-1.000000e+00,9.515570e+00,-1.000000e+00,-1.500000e+01
1.100000e+01,2.620403e+03,9.186233e-01,5.272350e-01,2.407296e+01,-1.000000e+00,9.572359e+00,-1.000000e+00,-5.406883e+00
1.200000e+01,2.965530e+03,-1.000000e+00,5.271953e-01,1.345790e+01,-1.000000e+00,9.293927e+00,8.600457e-01,-5.699772e+00
1.300000e+01,2.854456e+03,-1.000000e+00,5.271733e-01,9.415639e+00,7.509836e-01,9.028447e+00,8.924831e-01,3.217334e+00
1.400000e+01,2.985831e+03,-1.000000e+00,5.271770e-01,1.254068e+01,6.204808e-01,9.244085e+00,8.784518e-01,2.494663e+00
1.500000e+01,2.770352e+03,-1.000000e+00,5.272143e-01,2.194569e+01,-1.000000e+00,9.529008e+00,-1.000000e+00,-1.500000e+01
1.600000e+01,3.138408e+03,-1.000000e+00,5.272057e-01,1.087126e+01,6.717747e-01,9.131116e+00,9.264633e-01,2.991190e+00
1.700000e+01,2.610501e+03,9.402446e-01,5.272423e-01,2.165989e+01,-1.000000e+00,9.519611e+00,-1.000000e+00,-5.298777e+00
1.800000e+01,2.473227e+03,-1.000000e+00,5.272380e-01,1.988177e+01,-1.000000e+00,9.488734e+00,-1.000000e+00,-1.500000e+01
1.900000e+01,2.748594e+03,-1.000000e+00,5.271997e-01,2.143900e+01,-1.000000e+00,9.516825e+00,-1.000000e+00,-1.500000e+01
2.000000e+01,3.149009e+03,-1.000000e+00,5.271143e-01,2.440653e+01,-1.000000e+00,9.576757e+00,-1.000000e+00,-1.500000e+01
2.100000e+01,3.068485e+03,-1.000000e+00,5.271267e-01,1.355654e+01,-1.000000e+00,9.286616e+00,8.635709e-01,-5.682146e+00
2.200000e+01,2.929275e+03,-1.000000e+00,5.271447e-01,1.952833e+01,-1.000000e+00,9.489077e+00,-1.000000e+00,-1.500000e+01
2.300000e+01,2.517987e+03,-1.000000e+00,5.272203e-01,2.116999e+01,-1.000000e+00,9.517289e+00,-1.000000e+00,-1.500000e+01
2.400000e+01,2.955457e+03,-1.000000e+00,5.272503e-01,2.160709e+01,-1.000000e+00,9.523182e+00,-1.000000e+00,-1.500000e+01
2.500000e+01,3.015040e+03,-1.000000e+00,5.271477e-01,1.815916e+01,-1.000000e+00,9.455277e+00,-1.000000e+00,-1.500000e+01
2.600000e+01,2.703714e+03,-1.000000e+00,5.271927e-01,1.724549e+01,-1.000000e+00,9.429152e+00,-1.000000e+00,-1.500000e+01
2.700000e+01,3.058298e+03,-1.000000e+00,5.271413e-01,2.117349e+01,-1.000000e+00,9.519495e+00,-1.000000e+00,-1.500000e+01
2.800000e+01,3.030364e+03,-1.000000e+00,5.271647e-01,1.889221e+01,-1.000000e+00,9.466844e+00,-1.000000e+00,-1.500000e+01
2.900000e+01,3.122696e+03,-1.000000e+00,5.271877e-01,1.142858e+01,6.625285e-01,9.187632e+00,9.031451e-01,2.828368e+00
3.000000e+01,3.168467e+03,-1.000000e+00,5.271550e-01,9.638421e+00,7.733913e-01,9.048419e+00,8.927287e-01,3.330600e+00
3.100000e+01,2.645902e+03,8.827130e-01,5.272347e-01,1.942451e+01,-1.000000e+00,9.486873e+00,-1.000000e+00,-5.586435e+00
3.200000e+01,2.845334e+03,-1.000000e+00,5.272117e-01,2.180844e+01,-1.000000e+00,9.531823e+00,-1.000000e+00,-1.500000e+01
3.300000e+01,2.695769e+03,-1.000000e+00,5.271853e-01,2.257242e+01,-1.000000e+00,9.543321e+00,-1.000000e+00,-1.500000e+01
3.400000e+01,2.936620e+03,-1.000000e+00,5.272380e-01,1.530371e+01,-1.000000e+00,9.366824e+00,-1.000000e+00,-1.500000e+01
3.500000e+01,2.558295e+03,8.875864e-01,5.271910e-01,2.085453e+01,-1.000000e+00,9.512468e+00,-1.000000e+00,-5.562068e+00
3.600000e+01,3.148010e+03,-1.000000e+00,5.271910e-01,1.329991e+01,-1.000000e+00,9.277521e+00,8.678726e-01,-5.660637e+00
3.700000e+01,3.051734e+03,-1.000000e+00,5.271977e-01,1.331572e+01,-1.000000e+00,9.288214e+00,8.583158e-01,-5.708421e+00
3.800000e+01,2.845610e+03,-1.000000e+00,5.271510e-01,2.124065e+01,-1.000000e+00,9.516720e+00,-1.000000e+00,-1.500000e+01
3.900000e+01,2.766579e+03,-1.000000e+00,5.271920e-01,2.177029e+01,-1.000000e+00,9.530947e+00,-1.000000e+00,-1.500000e+01
4.000000e+01,2.913615e+03,-1.000000e+00,5.271840e-01,1.805219e+01,-1.000000e+00,9.448604e+00,-1.000000e+00,-1.500000e+01
4.100000e+01,2.583457e+03,9.261253e-01,5.271577e-01,1.515005e+01,-1.000000e+00,9.363020e+00,-1.000000e+00,-5.369373e+00
4.200000e+01,2.886269e+03,-1.000000e+00,5.271607e-01,2.085588e+01,-1.000000e+00,9.517179e+00,-1.000000e+00,-1.500000e+01
4.300000e+01,2.445062e+03,-1.000000e+00,5.271130e-01,1.693431e+01,-1.000000e+00,9.421944e+00,-1.000000e+00,-1.500000e+01
4.400000e+01,2.586169e+03,9.320219e-01,5.271400e-01,1.087608e+01,7.040661e-01,9.144715e+00,9.231668e-01,1.279627e+01
4.500000e+01,2.544896e+03,-1.000000e+00,5.271363e-01,1.122665e+01,6.519925e-01,9.157689e+00,9.247344e-01,2.883635e+00
4.600000e+01,2.705622e+03,-1.000000e+00,5.271937e-01,2.012899e+01,-1.000000e+00,9.494220e+00,-1.000000e+00,-1.500000e+01
4.700000e+01,2.848345e+03,-1.000000e+00,5.271460e-01,1.765477e+01,-1.000000e+00,9.443923e+00,-1.000000e+00,-1.500000e+01
4.800000e+01,2.844573e+03,-1.000000e+00,5.271380e-01,9.686683e+00,7.494355e-01,9.040833e+00,8.945657e-01,3.220006e+00
4.900000e+01,2.921472e+03,-1.000000e+00,5.271797e-01,1.633279e+01,-1.000000e+00,9.402081e+00,-1.000000e+00,-1.500000e+01
5.000000e+01,2.702406e+03,-1.000000e+00,5.272073e-01,2.141910e+01,-1.000000e+00,9.515236e+00,-1.000000e+00,-1.500000e+01
5.100000e+01,2.941959e+03,-1.000000e+00,5.272237e-01,2.156829e+01,-1.000000e+00,9.522941e+00,-1.000000e+00,-1.500000e+01
5.200000e+01,3.196393e+03,-1.000000e+00,5.271893e-01,2.417374e+01,-1.000000e+00,9.570388e+00,-1.000000e+00,-1.500000e+01
5.300000e+01,2.786960e+03,-1.000000e+00,5.271733e-01,1.957451e+01,-1.000000e+00,9.485791e+00,-1.000000e+00,-1.500000e+01
5.400000e+01,2.907565e+03,-1.000000e+00,5.272073e-01,2.022033e+01,-1.000000e+00,9.505054e+00,-1.000000e+00,-1.500000e+01
5.500000e+01,2.802321e+03,-1.000000e+00,5.272060e-01,2.248393e+01,-1.000000e+00,9.540023e+00,-1.000000e+00,-1.500000e+01
5.600000e+01,2.951408e+03,-1.000000e+00,5.271923e-01,1.809799e+01,-1.000000e+00,9.455470e+00,-1.000000e+00,-1.500000e+01
5.700000e+01,2.820048e+03,-1.000000e+00,5.272223e-01,9.934384e+00,7.336635e-01,9.072092e+00,9.061686e-01,3.199160e+00
5.800000e+01,2.549032e+03,-1.000000e+00,5.271673e-01,2.381931e+01,-1.000000e+00,9.559636e+00,-1.000000e+00,-1.500000e+01
5.900000e+01,2.563762e+03,8.944078e-01,5.271370e-01,1.961050e+01,-1.000000e+00,9.489565e+00,-1.000000e+00,-5.527961e+00
6.000000e+01,2.547912e+03,-1.000000e+00,5.272323e-01,1.734387e+01,-1.000000e+00,9.434429e+00,-1.000000e+00,-1.500000e+01
6.100000e+01,2.502161e+03,-1.000000e+00,5.272350e-01,1.067286e+01,6.888017e-01,9.120411e+00,9.190029e-01,3.039023e+00
6.200000e+01,2.457367e+03,-1.000000e+00,5.272103e-01,2.223324e+01,-1.000000e+00,9.539134e+00,-1.000000e+00,-1.500000e+01
6.300000e+01,2.702814e+03,-1.000000e+00,5.272000e-01,1.166159e+01,6.404323e-01,9.194633e+00,9.053623e-01,2.728973e+00
6.400000e+01,3.192169e+03,-1.000000e+00,5.271270e-01,2.346071e+01,-1.000000e+00,9.559218e+00,-1.000000e+00,-1.500000e+01
6.500000e+01,2.446945e+03,-1.000000e+00,5.272033e-01,1.695763e+01,-1.000000e+00,9.421421e+00,-1.000000e+00,-1.500000e+01
6.600000e+01,3.153067e+03,-1.000000e+00,5.272143e-01,1.377134e+01,-1.000000e+00,9.303182e+00,8.562005e-01,-5.718997e+00
6.700000e+01,3.127260e+03,-1.000000e+00,5.272383e-01,1.733981e+01,-1.000000e+00,9.436971e+00,-1.000000e+00,-1.500000e+01
6.800000e+01,3.121046e+03,-1.000000e+00,5.271847e-01,1.762000e+01,-1.000000e+00,9.445261e+00,-1.000000e+00,-1.500000e+01
6.900000e+01,2.860361e+03,-1.000000e+00,5.272137e-01,1.092234e+01,6.865333e-01,9.145601e+00,9.221017e-01,3.043175e+00
7.000000e+01,2.553602e+03,8.821552e-01,5.271227e-01,2.508504e+01,-1.000000e+00,9.581568e+00,-1.000000e+00,-5.589224e+00
7.100000e+01,2.895760e+03,-1.000000e+00,5.271680e-01,1.799693e+01,-1.000000e+00,9.445248e+00,-1.000000e+00,-1.500000e+01
7.200000e+01,2.846812e+03,-1.000000e+00,5.271510e-01,9.349278e+00,7.609273e-01,9.023829e+00,8.892623e-01,3.250948e+00
7.300000e+01,3.091001e+03,-1.000000e+00,5.271510e-01,9.561135e+00,7.995813e-01,9.048772e+00,8.859230e-01,3.427521e+00
7.400000e+01,3.103263e+03,-1.000000e+00,5.271943e-01,1.416460e+01,-1.000000e+00,9.327838e+00,-1.000000e+00,-1.500000e+01
7.500000e+01,2.638716e+03,8.912441e-01,5.272307e-01,1.869867e+01,-1.000000e+00,9.460957e+00,-1.000000e+00,-5.543779e+00
7.600000e+01,3.017023e+03,-1.000000e+00,5.272073e-01,1.264119e+01,6.168876e-01,9.262305e+00,8.686795e-01,2.427836e+00
7.700000e+01,2.870309e+03,-1.000000e+00,5.271697e-01,2.391751e+01,-1.000000e+00,9.565190e+00,-1.000000e+00,-1.500000e+01
7.800000e+01,3.185529e+03,-1.000000e+00,5.271787e-01,1.883806e+01,-1.000000e+00,9.472855e+00,-1.000000e+00,-1.500000e+01
7.900000e+01,2.854850e+03,-1.000000e+00,5.272203e-01,1.631812e+01,-1.000000e+00,9.404037e+00,-1.000000e+00,-1.500000e+01
8.000000e+01,2.895521e+03,-1.000000e+00,5.272007e-01,1.661830e+01,-1.000000e+00,9.415040e+00,-1.000000e+00,-1.500000e+01
8.100000e+01,3.144796e+03,-1.000000e+00,5.271863e-01,2.193150e+01,-1.000000e+00,9.544840e+00,-1.000000e+00,-1.500000e+01
8.200000e+01,3.127622e+03,-1.000000e+00,5.271933e-01,1.596964e+01,-1.000000e+00,9.386895e+00,-1.000000e+00,-1.500000e+01
8.300000e+01,2.846996e+03,-1.000000e+00,5.271770e-01,1.821397e+01,-1.000000e+00,9.455423e+00,-1.000000e+00,-1.500000e+01
8.400000e+01,2.937847e+03,-1.000000e+00,5.271623e-01,2.061754e+01,-1.000000e+00,9.505085e+00,-1.000000e+00,-1.500000e+01
8.500000e+01,2.552034e+03,8.804174e-01,5.271470e-01,1.553648e+01,-1.000000e+00,9.371812e+00,-1.000000e+00,-5.597913e+00
8.600000e+01,2.496809e+03,-1.000000e+00,5.272917e-01,2.006508e+01,-1.000000e+00,9.503752e+00,-1.000000e+00,-1.500000e+01
8.700000e+01,3.122866e+03,-1.000000e+00,5.271907e-01,1.489838e+01,-1.000000e+00,9.345512e+00,-1.000000e+00,-1.500000e+01
8.800000e+01,2.766843e+03,-1.000000e+00,5.271407e-01,1.218185e+01,6.219345e-01,9.229062e+00,8.853274e-01,2.536310e+00
8.900000e+01,3.025288e+03,-1.000000e+00,5.271600e-01,1.564745e+01,-1.000000e+00,9.384872e+00,-1.000000e+00,-1.500000e+01
9.000000e+01,3.125493e+03,-1.000000e+00,5.271307e-01,2.296817e+01,-1.000000e+00,9.541651e+00,-1.000000e+00,-1.500000e+01
9.100000e+01,2.600132e+03,9.929223e-01,5.271933e-01,1.253003e+01,-1.000000e+00,9.227324e+00,8.905587e-01,4.417405e+00
9.200000e+01,3.224982e+03,-1.000000e+00,5.272163e-01,1.885717e+01,-1.000000e+00,9.466606e+00,-1.000000e+00,-1.500000e+01
9.300000e+01,3.128937e+03,-1.000000e+00,5.272117e-01,1.857388e+01,-1.000000e+00,9.463008e+00,-1.000000e+00,-1.500000e+01
9.400000e+01,2.710627e+03,-1.000000e+00,5.271293e-01,2.475729e+01,-1.000000e+00,9.579318e+00,-1.000000e+00,-1.500000e+01
9.500000e+01,2.813792e+03,-1.000000e+00,5.271503e-01,1.292905e+01,-1.000000e+00,9.260494e+00,8.733023e-01,-5.633488e+00
9.600000e+01,2.640350e+03,8.892235e-01,5.271970e-01,2.078251e+01,-1.000000e+00,9.511668e+00,-1.000000e+00,-5.553883e+00
9.700000e+01,2.921201e+03,-1.000000e+00,5.271130e-01,2.373965e+01,-1.000000e+00,9.569371e+00,-1.000000e+00,-1.500000e+01
9.800000e+01,3.198383e+03,-1.000000e+00,5.271673e-01,1.288762e+01,-1.000000e+00,9.267597e+00,8.718345e-01,-5.640827e+00
9.900000e+01,3.206061e+03,-1.000000e+00,5.271787e-01,1.751211e+01,-1.000000e+00,9.441529e+00,-1.000000e+00,-1.500000e+01
1.000000e+02,2.854430e+03,-1.000000e+00,5.271807e-01,1.141037e+01,6.648146e-01,9.176518e+00,9.141836e-01,2.894991e+00
1.010000e+02,2.601485e+03,9.766556e-01,5.271720e-01,8.992181e+00,7.352846e-01,8.997523e+00,8.792772e-01,1.295609e+01
1.020000e+02,2.640864e+03,8.885986e-01,5.271627e-01,9.505959e+00,7.858795e-01,9.043379e+00,8.865564e-01,1.280517e+01
1.030000e+02,2.614930e+03,9.295594e-01,5.272887e-01,9.621755e+00,7.857375e-01,9.064062e+00,8.920538e-01,1.303675e+01
1.040000e+02,2.565239e+03,8.963569e-01,5.272110e-01,9.281778e+00,7.410912e-01,9.009528e+00,8.852468e-01,1.261347e+01
1.050000e+02,2.591033e+03,9.445308e-01,5.272457e-01,9.347614e+00,7.416175e-01,9.039068e+00,8.920630e-01,1.289106e+01
1.060000e+02,2.600292e+03,9.895164e-01,5.271197e-01,9.377843e+00,7.487551e-01,9.017577e+00,8.848755e-01,1.311574e+01
1.070000e+02,2.618186e+03,9.228209e-01,5.272293e-01,9.655966e+00,7.566774e-01,9.042564e+00,8.977169e-01,1.288608e+01
1.080000e+02,2.605725e+03,9.551775e-01,5.272447e-01,9.198892e+00,7.471045e-01,9.012214e+00,8.854847e-01,1.293883e+01
1.090000e+02,2.628909e+03,9.046126e-01,5.271850e-01,9.814110e+00,7.760867e-01,9.060668e+00,8.952005e-01,1.287950e+01
1.100000e+02,2.580453e+03,9.202115e-01,5.271403e-01,8.985188e+00,7.206044e-01,8.984570e+00,8.704893e-01,1.255653e+01
1.110000e+02,2.629222e+03,9.041459e-01,5.272017e-01,9.298798e+00,7.276180e-01,9.026608e+00,8.858201e-01,1.258792e+01
1.120000e+02,2.598676e+03,9.779322e-01,5.271727e-01,9.647170e+00,7.636041e-01,9.042036e+00,8.953913e-01,1.318464e+01
1.130000e+02,2.643344e+03,8.856487e-01,5.271780e-01,9.044518e+00,7.266142e-01,9.004971e+00,8.832964e-01,1.247780e+01
1.140000e+02,2.583880e+03,9.270071e-01,5.272090e-01,9.479178e+00,7.641547e-01,9.034946e+00,8.874354e-01,1.289299e+01
1.150000e+02,2.624479e+03,9.115508e-01,5.271630e-01,9.742076e+00,7.836207e-01,9.060035e+00,8.940463e-01,1.294609e+01
1.160000e+02,2.597723e+03,9.712576e-01,5.273403e-01,9.342548e+00,7.812993e-01,9.026568e+00,8.849820e-01,1.318769e+01
1.170000e+02,2.629722e+03,9.034089e-01,5.272150e-01,9.588042e+00,7.647642e-01,9.028045e+00,8.912696e-01,1.279721e+01
1.180000e+02,2.594793e+03,9.571645e-01,5.271957e-01,9.051932e+00,7.518459e-01,9.004098e+00,8.783094e-01,1.293660e+01
1.190000e+02,2.650719e+03,-1.000000e+00,5.272387e-01,9.843890e+00,7.241851e-01,9.064149e+00,9.040692e-01,3.141272e+00
1.200000e+02,2.605337e+03,9.566555e-01,5.272607e-01,9.415871e+00,7.523149e-01,9.029793e+00,8.913120e-01,1.300141e+01
1.210000e+02,2.605977e+03,9.542462e-01,5.271540e-01,9.479482e+00,7.796115e-01,9.030895e+00,8.896734e-01,1.311766e+01
1.220000e+02,2.585245e+03,9.299448e-01,5.272307e-01,8.547714e+00,7.068376e-01,8.941474e+00,8.619508e-01,1.249367e+01
1.230000e+02,2.597733e+03,9.713158e-01,5.272000e-01,9.882879e+00,7.622473e-01,9.072160e+00,9.014020e-01,1.317483e+01
1.240000e+02,2.636124e+03,8.945569e-01,5.271113e-01,9.178182e+00,7.494368e-01,9.007359e+00,8.838286e-01,1.263911e+01
1.250000e+02,2.564844e+03,8.958310e-01,5.272083e-01,1.804639e+01,-1.000000e+00,9.458866e+00,-1.000000e+00,-5.520845e+00
1.260000e+02,2.634510e+03,8.966931e-01,5.271240e-01,9.587799e+00,7.780928e-01,9.052752e+00,8.911796e-01,1.282983e+01
1.270000e+02,2.602134e+03,9.721518e-01,5.272003e-01,9.925457e+00,7.329209e-01,9.065946e+00,9.005250e-01,1.302799e+01
1.280000e+02,2.569483e+03,9.022515e-01,5.272100e-01,8.589779e+00,7.030097e-01,8.949428e+00,8.619833e-01,1.233622e+01
1.290000e+02,2.619388e+03,9.205112e-01,5.271697e-01,9.602971e+00,7.718171e-01,9.051116e+00,8.886827e-01,1.290506e+01
1.300000e+02,2.697219e+03,-1.000000e+00,5.272027e-01,9.523556e+00,7.664425e-01,9.030654e+00,8.924256e-01,3.294340e+00
1.310000e+02,2.588966e+03,9.388406e-01,5.271797e-01,9.300336e+00,7.582256e-01,9.014642e+00,8.811012e-01,1.289084e+01
1.320000e+02,2.596497e+03,9.645924e-01,5.271347e-01,9.226391e+00,7.531406e-01,9.014763e+00,8.807734e-01,1.299253e+01
1.330000e+02,2.568256e+03,9.004995e-01,5.271913e-01,9.362703e+00,7.869605e-01,9.026386e+00,8.814438e-01,1.284452e+01
1.340000e+02,2.608511e+03,9.458830e-01,5.271417e-01,9.276657e+00,7.569278e-01,9.013549e+00,8.858688e-01,1.294340e+01
1.350000e+02,2.611263e+03,9.382477e-01,5.271920e-01,9.523509e+00,7.768951e-01,9.051201e+00,8.900207e-01,1.302582e+01
1.360000e+02,2.612028e+03,9.363146e-01,5.272293e-01,9.111503e+00,7.347720e-01,8.998361e+00,8.794408e-01,1.275264e+01
1.370000e+02,2.566214e+03,8.976714e-01,5.271463e-01,9.391022e+00,7.796028e-01,9.030246e+00,8.871148e-01,1.282194e+01
1.380000e+02,2.632346e+03,8.996538e-01,5.272277e-01,8.538675e+00,7.001525e-01,8.944100e+00,8.605450e-01,1.230176e+01
1.390000e+02,2.593164e+03,9.512261e-01,5.271283e-01,9.520449e+00,7.537961e-01,9.014800e+00,8.837799e-01,1.294401e+01
1.400000e+02,2.591501e+03,9.459189e-01,5.271577e-01,9.775160e+00,7.556853e-01,9.057450e+00,9.000576e-01,1.300831e+01
1.410000e+02,2.616189e+03,9.268629e-01,5.272053e-01,9.563621e+00,7.778443e-01,9.050930e+00,8.928916e-01,1.298799e+01
1.420000e+02,2.593316e+03,9.517431e-01,5.272157e-01,9.632190e+00,7.878771e-01,9.053871e+00,8.929989e-01,1.316310e+01
1.430000e+02,2.551039e+03,8.793325e-01,5.272523e-01,9.532555e+00,7.573011e-01,9.017562e+00,8.847860e-01,1.260710e+01
1.440000e+02,2.636723e+03,8.937781e-01,5.272467e-01,9.408802e+00,7.619753e-01,9.020422e+00,8.876224e-01,1.271688e+01
1.450000e+02,2.620398e+03,9.186332e-01,5.271440e-01,9.893907e+00,7.652458e-01,9.081043e+00,8.984031e-01,1.291141e+01
1.460000e+02,2.587930e+03,9.362112e-01,5.272057e-01,9.387987e+00,7.584025e-01,9.010959e+00,8.831938e-01,1.288904e+01
1.470000e+02,2.576629e+03,9.134015e-01,5.271750e-01,9.565729e+00,7.888817e-01,9.036799e+00,8.922847e-01,1.297284e+01
1.480000e+02,2.564045e+03,8.947770e-01,5.271943e-01,9.284446e+00,7.647934e-01,9.027963e+00,8.808246e-01,1.270198e+01
1.490000e+02,2.623428e+03,9.133052e-01,5.271820e-01,9.804341e+00,7.719929e-01,9.061856e+00,8.939815e-01,1.289640e+01
1.500000e+02,2.597657e+03,9.708536e-01,5.271990e-01,9.383354e+00,7.789746e-01,9.024883e+00,8.811670e-01,1.315498e+01
1.510000e+02,2.548540e+03,-1.000000e+00,5.272260e-01,9.196207e+00,7.428093e-01,9.007730e+00,8.804857e-01,3.116475e+00
1.520000e+02,2.575019e+03,9.107299e-01,5.271923e-01,9.335021e+00,7.773887e-01,9.027059e+00,8.827644e-01,1.285441e+01
1.530000e+02,2.592650e+03,9.495144e-01,5.271400e-01,9.282806e+00,7.545304e-01,9.009949e+00,8.841033e-01,1.294074e+01
1.540000e+02,2.568719e+03,9.011554e-01,5.272140e-01,9.545196e+00,7.631310e-01,9.052272e+00,8.907802e-01,1.277533e+01
1.550000e+02,2.613300e+03,9.332530e-01,5.271840e-01,9.187210e+00,7.443019e-01,9.021418e+00,8.814065e-01,1.279481e+01
1.560000e+02,2.614929e+03,9.295611e-01,5.272723e-01,1.019737e+01,7.323568e-01,9.094897e+00,9.055356e-01,1.283727e+01
1.570000e+02,2.595718e+03,9.610011e-01,5.271783e-01,9.090983e+00,7.408003e-01,9.004258e+00,8.821214e-01,1.291961e+01
1.580000e+02,2.592957e+03,9.505267e-01,5.271943e-01,9.058134e+00,7.492551e-01,9.003420e+00,8.754326e-01,1.287607e+01
1.590000e+02,2.588191e+03,9.368609e-01,5.272070e-01,9.398593e+00,7.812374e-01,9.028265e+00,8.869316e-01,1.302515e+01
1.600000e+02,2.621920e+03,9.159017e-01,5.271830e-01,1.142525e+01,6.561517e-01,9.185223e+00,9.082838e-01,1.240169e+01
1.610000e+02,2.609744e+03,9.423144e-01,5.271827e-01,9.708896e+00,7.583969e-01,9.056038e+00,8.990248e-01,1.299868e+01
1.620000e+02,2.588758e+03,9.383004e-01,5.271503e-01,9.960396e+00,7.708736e-01,9.069714e+00,8.946972e-01,1.301936e+01
1.630000e+02,2.608978e+03,9.444983e-01,5.271553e-01,9.198468e+00,7.461704e-01,9.007768e+00,8.834408e-01,1.287055e+01
1.640000e+02,2.542145e+03,-1.000000e+00,5.271477e-01,1.035518e+01,7.082923e-01,9.103866e+00,9.134572e-01,3.108747e+00
1.650000e+02,2.600863e+03,9.821062e-01,5.272123e-01,9.768728e+00,7.624519e-01,9.058197e+00,8.976417e-01,1.321100e+01
1.660000e+02,2.623021e+03,9.139965e-01,5.271877e-01,9.704463e+00,7.425328e-01,9.048016e+00,8.969758e-01,1.276753e+01
1.670000e+02,2.623707e+03,9.128338e-01,5.271880e-01,8.830651e+00,7.146629e-01,8.970465e+00,8.671199e-01,1.247308e+01
1.680000e+02,2.620972e+03,9.175890e-01,5.272740e-01,9.662315e+00,8.035993e-01,9.051864e+00,8.914729e-01,1.306331e+01
1.690000e+02,2.564492e+03,8.953655e-01,5.271823e-01,9.819164e+00,7.665806e-01,9.061113e+00,8.959719e-01,1.278959e+01
1.700000e+02,2.616104e+03,9.270405e-01,5.272243e-01,9.366244e+00,7.645595e-01,9.027000e+00,8.893894e-01,1.290495e+01
1.710000e+02,2.592431e+03,9.488079e-01,5.271533e-01,9.809552e+00,7.432539e-01,9.052903e+00,8.986687e-01,1.295365e+01
1.720000e+02,2.554040e+03,8.826481e-01,5.272270e-01,9.562991e+00,7.848671e-01,9.041406e+00,8.874221e-01,1.277469e+01
1.730000e+02,2.627186e+03,9.072310e-01,5.272833e-01,1.086617e+01,6.792488e-01,9.137179e+00,9.291872e-01,1.257833e+01
1.740000e+02,2.633339e+03,8.982816e-01,5.272410e-01,9.575977e+00,7.921038e-01,9.039769e+00,8.902362e-01,1.290311e+01
1.750000e+02,2.629144e+03,9.042627e-01,5.272233e-01,9.222955e+00,7.691271e-01,9.018286e+00,8.791927e-01,1.276291e+01
1.760000e+02,2.603610e+03,9.640765e-01,5.272073e-01,9.486106e+00,7.665554e-01,9.031206e+00,8.885413e-01,1.309587e+01
1.770000e+02,2.635236e+03,8.957249e-01,5.272113e-01,9.505285e+00,8.092496e-01,9.041448e+00,8.838045e-01,1.294390e+01
1.780000e+02,2.598490e+03,9.764697e-01,5.272697e-01,1.074634e+01,6.723546e-01,9.131927e+00,9.281292e-01,1.288477e+01
1.790000e+02,2.567501e+03,8.994412e-01,5.272550e-01,9.767130e+00,7.258775e-01,9.063163e+00,9.067554e-01,1.266037e+01
1.800000e+02,2.635619e+03,8.952187e-01,5.271923e-01,9.118520e+00,7.552472e-01,8.999244e+00,8.794170e-01,1.264941e+01
1.810000e+02,2.595822e+03,9.614604e-01,5.271810e-01,8.738566e+00,7.036259e-01,8.959260e+00,8.635364e-01,1.264311e+01
1.820000e+02,2.584450e+03,9.282161e-01,5.272067e-01,9.232034e+00,7.572147e-01,9.007068e+00,8.823046e-01,1.283868e+01
1.830000e+02,2.604507e+03,9.600297e-01,5.271843e-01,9.188405e+00,7.436316e-01,9.004370e+00,8.834266e-01,1.293544e+01
1.840000e+02,2.624694e+03,9.111986e-01,5.272830e-01,9.845279e+00,7.349915e-01,9.056321e+00,9.041887e-01,1.275189e+01
1.850000e+02,2.598614e+03,9.774298e-01,5.271967e-01,9.309394e+00,7.430618e-01,9.006112e+00,8.811012e-01,1.300796e+01
1.860000e+02,2.605271e+03,9.569141e-01,5.271817e-01,8.693415e+00,7.219889e-01,8.963614e+00,8.656118e-01,1.272257e+01
1.870000e+02,2.627045e+03,9.074498e-01,5.272150e-01,9.817283e+00,7.587821e-01,9.063423e+00,9.022489e-01,1.284240e+01
1.880000e+02,2.625255e+03,9.102850e-01,5.271833e-01,1.010181e+01,7.280087e-01,9.085639e+00,9.055457e-01,1.271920e+01
1.890000e+02,2.593467e+03,9.522666e-01,5.271397e-01,9.450515e+00,7.804550e-01,9.030575e+00,8.868412e-01,1.309781e+01
1.900000e+02,2.585443e+03,9.303844e-01,5.271543e-01,9.793511e+00,7.852376e-01,9.068597e+00,8.930512e-01,1.304337e+01
1.910000e+02,2.577095e+03,9.141942e-01,5.271760e-01,9.020475e+00,7.332534e-01,9.000371e+00,8.714610e-01,1.259454e+01
1.920000e+02,2.585450e+03,9.303982e-01,5.272480e-01,9.336965e+00,7.605269e-01,9.020707e+00,8.886539e-01,1.289789e+01
1.930000e+02,2.626254e+03,9.086882e-01,5.271897e-01,9.557689e+00,7.551541e-01,9.044154e+00,8.936415e-01,1.278742e+01
1.940000e+02,2.627965e+03,9.060358e-01,5.271833e-01,9.249995e+00,7.570920e-01,9.019464e+00,8.753434e-01,1.269236e+01
1.950000e+02,2.597038e+03,9.673498e-01,5.271830e-01,9.362499e+00,7.626995e-01,9.027306e+00,8.878749e-01,1.308962e+01
1.960000e+02,2.632662e+03,8.992148e-01,5.271997e-01,9.328574e+00,7.562056e-01,9.011163e+00,8.819616e-01,1.268691e+01
1.970000e+02,2.626037e+03,9.090328e-01,5.272373e-01,9.390299e+00,7.742261e-01,9.032012e+00,8.888963e-01,1.286078e+01
1.980000e+02,2.622384e+03,9.150930e-01,5.271317e-01,9.610728e+00,7.567547e-01,9.036958e+00,8.954871e-01,1.283667e+01
1.990000e+02,2.642300e+03,8.868779e-01,5.271760e-01,1.004965e+01,7.410372e-01,9.081169e+00,9.015192e-01,1.264717e+01
2.000000e+02,2.600165e+03,9.920990e-01,5.272243e-01,9.205318e+00,7.374690e-01,9.013138e+00,8.867585e-01,1.308163e+01
2.010000e+02,2.619846e+03,9.196525e-01,5.272667e-01,9.181216e+00,7.576158e-01,9.014685e+00,8.837845e-01,1.280526e+01
2.020000e+02,2.621650e+03,9.163790e-01,5.271840e-01,9.209899e+00,7.515534e-01,9.013660e+00,8.796772e-01,1.273805e+01
2.030000e+02,2.659430e+03,-1.000000e+00,5.271727e-01,9.174165e+00,7.537616e-01,9.010295e+00,8.813238e-01,3.175427e+00
2.040000e+02,2.628544e+03,9.051597e-01,5.272267e-01,8.692766e+00,7.208946e-01,8.951529e+00,8.648413e-01,1.245448e+01
2.050000e+02,2.555214e+03,8.839810e-01,5.272013e-01,9.130307e+00,7.356073e-01,9.002307e+00,8.804017e-01,1.249995e+01
2.060000e+02,2.620564e+03,9.183292e-01,5.271723e-01,9.489460e+00,7.582754e-01,9.040408e+00,8.932373e-01,1.284921e+01
2.070000e+02,2.622553e+03,9.148003e-01,5.271093e-01,9.092995e+00,7.361486e-01,9.004867e+00,8.766571e-01,1.263803e+01
2.080000e+02,2.607069e+03,9.504428e-01,5.272733e-01,9.427173e+00,7.693400e-01,9.027022e+00,8.911650e-01,1.305474e+01
2.090000e+02,2.612088e+03,9.361676e-01,5.272197e-01,9.996385e+00,7.491665e-01,9.088130e+00,8.997789e-01,1.292557e+01
2.100000e+02,2.567253e+03,8.990973e-01,5.271477e-01,9.507047e+00,7.722608e-01,9.030372e+00,8.915200e-01,1.281439e+01
2.110000e+02,2.617937e+03,9.233101e-01,5.272067e-01,9.544083e+00,7.781196e-01,9.044243e+00,8.907193e-01,1.296075e+01
2.120000e+02,2.620420e+03,9.185920e-01,5.271327e-01,8.968736e+00,7.408207e-01,8.981605e+00,8.728404e-01,1.266127e+01
2.130000e+02,2.580152e+03,9.196480e-01,5.271973e-01,8.856666e+00,7.171176e-01,8.966359e+00,8.669989e-01,1.251882e+01
2.140000e+02,2.625652e+03,9.096469e-01,5.272543e-01,9.009801e+00,7.262910e-01,8.979500e+00,8.702748e-01,1.253106e+01
2.150000e+02,2.605222e+03,9.571074e-01,5.271943e-01,1.144780e+01,6.342878e-01,9.179966e+00,9.168307e-01,1.254113e+01
2.160000e+02,2.626457e+03,9.083685e-01,5.271513e-01,9.285137e+00,7.375285e-01,9.005562e+00,8.789910e-01,1.262444e+01
2.170000e+02,2.640615e+03,8.889015e-01,5.271857e-01,9.612851e+00,7.811413e-01,9.035488e+00,8.930448e-01,1.281544e+01
2.180000e+02,2.592765e+03,9.498928e-01,5.271630e-01,9.939130e+00,7.435989e-01,9.081330e+00,8.996788e-01,1.296585e+01
2.190000e+02,2.587773e+03,9.358244e-01,5.272333e-01,1.065674e+01,7.072577e-01,9.132680e+00,9.201058e-01,1.281594e+01
2.200000e+02,2.563908e+03,8.945985e-01,5.272520e-01,9.956464e+00,7.712762e-01,9.073949e+00,8.965375e-01,1.281206e+01
2.210000e+02,2.600388e+03,9.879279e-01,5.271747e-01,9.633179e+00,7.892337e-01,9.046570e+00,8.924283e-01,1.334795e+01
2.220000e+02,2.593352e+03,9.518674e-01,5.272907e-01,9.227378e+00,7.257206e-01,8.996789e+00,8.739889e-01,1.275788e+01
2.230000e+02,2.576026e+03,9.123877e-01,5.271967e-01,9.366929e+00,7.601096e-01,9.019304e+00,8.875521e-01,1.280025e+01
2.240000e+02,2.619558e+03,9.201916e-01,5.272447e-01,9.441165e+00,7.758326e-01,9.037434e+00,8.887990e-01,1.292412e+01
2.250000e+02,2.599091e+03,9.816492e-01,5.272253e-01,1.005637e+01,7.453910e-01,9.082776e+00,9.056500e-01,1.316345e+01
2.260000e+02,2.616205e+03,9.268296e-01,5.271927e-01,9.668878e+00,7.510318e-01,9.055373e+00,8.978691e-01,1.287865e+01
2.270000e+02,2.579994e+03,9.193558e-01,5.272223e-01,1.034443e+01,7.431582e-01,9.110084e+00,9.056420e-01,1.284078e+01
2.280000e+02,2.555840e+03,8.847016e-01,5.271717e-01,8.903625e+00,7.209247e-01,8.976076e+00,8.704582e-01,1.238042e+01
2.290000e+02,2.642092e+03,8.871250e-01,5.271563e-01,1.017759e+01,7.114845e-01,9.091623e+00,9.072223e-01,1.252916e+01
2.300000e+02,2.572166e+03,9.062343e-01,5.271850e-01,8.761459e+00,7.059014e-01,8.953476e+00,8.618673e-01,1.237001e+01
2.310000e+02,2.583760e+03,9.267558e-01,5.272067e-01,9.833812e+00,7.399840e-01,9.065951e+00,9.022754e-01,1.284508e+01
2.320000e+02,2.564122e+03,8.948783e-01,5.272217e-01,9.090562e+00,7.163855e-01,8.978559e+00,8.679647e-01,1.239614e+01
2.330000e+02,2.547215e+03,-1.000000e+00,5.272763e-01,1.013119e+01,7.298353e-01,9.084833e+00,9.077525e-01,3.187939e+00
2.340000e+02,2.619913e+03,9.195281e-01,5.272377e-01,9.806682e+00,7.697768e-01,9.056793e+00,8.947496e-01,1.292027e+01
2.350000e+02,2.619823e+03,9.196942e-01,5.271957e-01,9.250508e+00,7.521554e-01,9.011183e+00,8.823436e-01,1.277097e+01
2.360000e+02,2.567780e+03,8.998296e-01,5.272657e-01,9.436618e+00,7.549825e-01,9.017085e+00,8.849405e-01,1.269876e+01
2.370000e+02,2.585725e+03,9.310147e-01,5.272277e-01,9.640194e+00,7.678319e-01,9.032800e+00,8.933083e-01,1.296077e+01
2.380000e+02,2.587210e+03,9.344601e-01,5.272043e-01,9.117247e+00,7.333186e-01,8.993394e+00,8.793554e-01,1.273567e+01
2.390000e+02,2.571882e+03,9.058027e-01,5.272227e-01,1.049381e+01,6.820818e-01,9.110680e+00,9.209943e-01,1.254439e+01
2.400000e+02,2.587421e+03,9.349681e-01,5.271980e-01,1.026903e+01,7.299481e-01,9.105266e+00,9.073157e-01,1.286116e+01
2.410000e+02,2.615687e+03,9.279234e-01,5.272107e-01,9.063071e+00,7.185879e-01,8.992291e+00,8.734514e-01,1.259981e+01
2.420000e+02,2.588949e+03,9.387950e-01,5.271937e-01,9.527162e+00,7.696308e-01,9.029124e+00,8.913806e-01,1.299903e+01
2.430000e+02,2.602037e+03,9.727722e-01,5.271453e-01,9.190763e+00,7.283518e-01,9.021408e+00,8.837226e-01,1.292423e+01
2.440000e+02,2.591717e+03,9.465718e-01,5.271753e-01,1.009272e+01,7.220893e-01,9.079757e+00,9.093511e-01,1.289006e+01
2.450000e+02,2.541255e+03,-1.000000e+00,5.272410e-01,8.744837e+00,7.124266e-01,8.961351e+00,8.647221e-01,2.885743e+00
2.460000e+02,2.586828e+03,9.335530e-01,5.271333e-01,9.145262e+00,7.560428e-01,9.000208e+00,8.772750e-01,1.283435e+01
2.470000e+02,2.639576e+03,8.901742e-01,5.271777e-01,9.599838e+00,8.001265e-01,9.039521e+00,8.902527e-01,1.290277e+01
2.480000e+02,2.592905e+03,9.503545e-01,5.272317e-01,8.868252e+00,7.198779e-01,8.982280e+00,8.748218e-01,1.272527e+01
2.490000e+02,2.562493e+03,8.927710e-01,5.272507e-01,8.896002e+00,7.255373e-01,8.974450e+00,8.715799e-01,1.244944e+01
2.500000e+02,2.576338e+03,9.129108e-01,5.271673e-01,8.993330e+00,7.268068e-01,8.978277e+00,8.720311e-01,1.255874e+01
2.510000e+02,2.564466e+03,8.953310e-01,5.272063e-01,9.473967e+00,7.658138e-01,9.031716e+00,8.927677e-01,1.276956e+01
2.520000e+02,2.613505e+03,9.327738e-01,5.272643e-01,9.875182e+00,7.561297e-01,9.062782e+00,8.975278e-01,1.293216e+01
2.530000e+02,2.589735e+03,9.408806e-01,5.272667e-01,9.479661e+00,7.598657e-01,9.035766e+00,8.904423e-01,1.295594e+01
2.540000e+02,2.608331e+03,9.464260e-01,5.271963e-01,9.355306e+00,7.638564e-01,9.030025e+00,8.913609e-01,1.300822e+01
2.550000e+02,2.633835e+03,8.976046e-01,5.272037e-01,9.624091e+00,7.916133e-01,9.048454e+00,8.940730e-01,1.291645e+01
2.560000e+02,2.663645e+03,-1.000000e+00,5.272317e-01,9.099491e+00,7.623405e-01,9.009956e+00,8.757229e-01,3.190317e+00
