# step_count,fitted_elastic_modulus,elastic_modulus_match_degree,average_bond_length,average_persistence_length,persistence_length_match_degree,average_end_to_end_distance,end_to_end_distance_match_degree,reward_value
1.000000e+00,2.569644e+03,9.024836e-01,5.272523e-01,1.659446e+01,-1.000000e+00,9.411121e+00,-1.000000e+00,-5.487582e+00
2.000000e+00,2.652283e+03,-1.000000e+00,5.271717e-01,9.668657e+00,7.766351e-01,9.044506e+00,8.948828e-01,3.357590e+00
3.000000e+00,3.089874e+03,-1.000000e+00,5.271677e-01,1.719618e+01,-1.000000e+00,9.425405e+00,-1.000000e+00,-1.500000e+01
4.000000e+00,2.817901e+03,-1.000000e+00,5.271720e-01,2.124815e+01,-1.000000e+00,9.525166e+00,-1.000000e+00,-1.500000e+01
5.000000e+00,2.597058e+03,9.674545e-01,5.271527e-01,2.296481e+01,-1.000000e+00,9.554472e+00,-1.000000e+00,-5.162728e+00
6.000000e+00,3.184898e+03,-1.000000e+00,5.271690e-01,1.510119e+01,-1.000000e+00,9.351187e+00,-1.000000e+00,-1.500000e+01
7.000000e+00,2.562078e+03,8.922441e-01,5.272143e-01,9.752360e+00,7.398405e-01,9.057309e+00,9.033821e-01,1.267733e+01
8.000000e+00,3.113313e+03,-1.000000e+00,5.271497e-01,1.815724e+01,-1.000000e+00,9.457304e+00,-1.000000e+00,-1.500000e+01
9.000000e+00,3.112153e+03,-1.000000e+00,5.271673e-01,2.344098e+01,-1.000000e+00,9.554928e+00,-1.000000e+00,-1.500000e+01
1.000000e+01,2.959564e+03,-1.000000e+00,5.271970e-01,2.357778e+01,-1.000000e+00,9.558327e+00,-1.000000e+00,-1.500000e+01
1.100000e+01,2.945642e+03,-1.000000e+00,5.272537e-01,1.423746e+01,-1.000000e+00,9.323902e+00,-1.000000e+00,-1.500000e+01
1.200000e+01,2.617051e+03,9.250849e-01,5.273017e-01,2.166922e+01,-1.000000e+00,9.526688e+00,-1.000000e+00,-5.374575e+00
1.300000e+01,3.004702e+03,-1.000000e+00,5.271743e-01,2.095551e+01,-1.000000e+00,9.516759e+00,-1.000000e+00,-1.500000e+01
1.400000e+01,2.516065e+03,-1.000000e+00,5.272103e-01,1.664382e+01,-1.000000e+00,9.423678e+00,-1.000000e+00,-1.500000e+01
1.500000e+01,2.644278e+03,8.845647e-01,5.271510e-01,1.198093e+01,6.387893e-01,9.214376e+00,8.927572e-01,1.208056e+01
1.600000e+01,2.600848e+03,9.822568e-01,5.271890e-01,1.959060e+01,-1.000000e+00,9.488357e+00,-1.000000e+00,-5.088716e+00
1.700000e+01,3.159915e+03,-1.000000e+00,5.271120e-01,1.509227e+01,-1.000000e+00,9.366613e+00,-1.000000e+00,-1.500000e+01
1.800000e+01,3.077533e+03,-1.000000e+00,5.272273e-01,1.450290e+01,-1.000000e+00,9.335307e+00,-1.000000e+00,-1.500000e+01
1.900000e+01,2.918802e+03,-1.000000e+00,5.271627e-01,1.263986e+01,6.171250e-01,9.255635e+00,8.735526e-01,2.453388e+00
2.000000e+01,3.012188e+03,-1.000000e+00,5.271843e-01,1.769517e+01,-1.000000e+00,9.441362e+00,-1.000000e+00,-1.500000e+01
2.100000e+01,2.526081e+03,-1.000000e+00,5.272170e-01,1.962784e+01,-1.000000e+00,9.492614e+00,-1.000000e+00,-1.500000e+01
2.200000e+01,2.544496e+03,-1.000000e+00,5.271650e-01,2.373700e+01,-1.000000e+00,9.567090e+00,-1.000000e+00,-1.500000e+01
2.300000e+01,2.563062e+03,8.935005e-01,5.271643e-01,1.142019e+01,6.602706e-01,9.182324e+00,9.094076e-01,1.231589e+01
2.400000e+01,3.021437e+03,-1.000000e+00,5.271603e-01,1.388224e+01,-1.000000e+00,9.306288e+00,8.566527e-01,-5.716737e+00
2.500000e+01,2.500053e+03,-1.000000e+00,5.271820e-01,2.442855e+01,-1.000000e+00,9.576572e+00,-1.000000e+00,-1.500000e+01
2.600000e+01,2.524537e+03,-1.000000e+00,5.272240e-01,1.904658e+01,-1.000000e+00,9.483864e+00,-1.000000e+00,-1.500000e+01
2.700000e+01,3.047752e+03,-1.000000e+00,5.272150e-01,1.049059e+01,7.351200e-01,9.118110e+00,9.056125e-01,3.203663e+00
2.800000e+01,3.227826e+03,-1.000000e+00,5.271300e-01,2.201015e+01,-1.000000e+00,9.536807e+00,-1.000000e+00,-1.500000e+01
2.900000e+01,2.711458e+03,-1.000000e+00,5.271930e-01,2.028426e+01,-1.000000e+00,9.502636e+00,-1.000000e+00,-1.500000e+01
3.000000e+01,3.039240e+03,-1.000000e+00,5.272077e-01,2.364872e+01,-1.000000e+00,9.560382e+00,-1.000000e+00,-1.500000e+01
3.100000e+01,2.782723e+03,-1.000000e+00,5.271487e-01,1.785565e+01,-1.000000e+00,9.439160e+00,-1.000000e+00,-1.500000e+01
3.200000e+01,2.725831e+03,-1.000000e+00,5.271567e-01,1.948905e+01,-1.000000e+00,9.491290e+00,-1.000000e+00,-1.500000e+01
3.300000e+01,3.038058e+03,-1.000000e+00,5.271900e-01,1.619864e+01,-1.000000e+00,9.390787e+00,-1.000000e+00,-1.500000e+01
3.400000e+01,2.762148e+03,-1.000000e+00,5.272517e-01,1.705998e+01,-1.000000e+00,9.425384e+00,-1.000000e+00,-1.500000e+01
3.500000e+01,2.958936e+03,-1.000000e+00,5.271923e-01,1.411937e+01,-1.000000e+00,9.329300e+00,-1.000000e+00,-1.500000e+01
3.600000e+01,3.031455e+03,-1.000000e+00,5.271610e-01,1.834424e+01,-1.000000e+00,9.460762e+00,-1.000000e+00,-1.500000e+01
3.700000e+01,3.227144e+03,-1.000000e+00,5.271783e-01,1.574379e+01,-1.000000e+00,9.384630e+00,-1.000000e+00,-1.500000e+01
3.800000e+01,3.158781e+03,-1.000000e+00,5.270897e-01,1.575219e+01,-1.000000e+00,9.382760e+00,-1.000000e+00,-1.500000e+01
3.900000e+01,3.048205e+03,-1.000000e+00,5.272237e-01,2.222998e+01,-1.000000e+00,9.532158e+00,-1.000000e+00,-1.500000e+01
4.000000e+01,3.208291e+03,-1.000000e+00,5.271230e-01,1.583073e+01,-1.000000e+00,9.389047e+00,-1.000000e+00,-1.500000e+01
4.100000e+01,2.483810e+03,-1.000000e+00,5.272167e-01,2.219805e+01,-1.000000e+00,9.536715e+00,-1.000000e+00,-1.500000e+01
4.200000e+01,2.937516e+03,-1.000000e+00,5.271923e-01,1.507377e+01,-1.000000e+00,9.360778e+00,-1.000000e+00,-1.500000e+01
4.300000e+01,3.200218e+03,-1.000000e+00,5.272003e-01,2.007814e+01,-1.000000e+00,9.505127e+00,-1.000000e+00,-1.500000e+01
4.400000e+01,2.677633e+03,-1.000000e+00,5.271700e-01,2.342377e+01,-1.000000e+00,9.556395e+00,-1.000000e+00,-1.500000e+01
4.500000e+01,2.577474e+03,9.148455e-01,5.272447e-01,1.792043e+01,-1.000000e+00,9.447919e+00,-1.000000e+00,-5.425773e+00
4.600000e+01,2.645175e+03,8.835367e-01,5.272060e-01,1.063992e+01,6.942225e-01,9.133567e+00,9.197379e-01,1.248749e+01
4.700000e+01,2.686649e+03,-1.000000e+00,5.272447e-01,1.256279e+01,6.145838e-01,9.250926e+00,8.751040e-01,2.448439e+00
4.800000e+01,3.199335e+03,-1.000000e+00,5.271743e-01,1.438435e+01,-1.000000e+00,9.330497e+00,-1.000000e+00,-1.500000e+01
4.900000e+01,3.203462e+03,-1.000000e+00,5.271443e-01,2.174521e+01,-1.000000e+00,9.525426e+00,-1.000000e+00,-1.500000e+01
5.000000e+01,2.586501e+03,9.327883e-01,5.272317e-01,1.672304e+01,-1.000000e+00,9.408692e+00,-1.000000e+00,-5.336059e+00
5.100000e+01,3.178669e+03,-1.000000e+00,5.272123e-01,1.728271e+01,-1.000000e+00,9.430612e+00,-1.000000e+00,-1.500000e+01
5.200000e+01,2.519893e+03,-1.000000e+00,5.272157e-01,1.838762e+01,-1.000000e+00,9.460706e+00,-1.000000e+00,-1.500000e+01
5.300000e+01,2.608837e+03,9.449113e-01,5.272303e-01,1.590229e+01,-1.000000e+00,9.385093e+00,-1.000000e+00,-5.275443e+00
5.400000e+01,3.116999e+03,-1.000000e+00,5.271837e-01,2.114402e+01,-1.000000e+00,9.523623e+00,-1.000000e+00,-1.500000e+01
5.500000e+01,2.943135e+03,-1.000000e+00,5.271997e-01,1.414992e+01,-1.000000e+00,9.325467e+00,-1.000000e+00,-1.500000e+01
5.600000e+01,3.013239e+03,-1.000000e+00,5.271507e-01,1.565262e+01,-1.000000e+00,9.375073e+00,-1.000000e+00,-1.500000e+01
5.700000e+01,2.881189e+03,-1.000000e+00,5.272383e-01,2.211377e+01,-1.000000e+00,9.532812e+00,-1.000000e+00,-1.500000e+01
5.800000e+01,2.727554e+03,-1.000000e+00,5.271863e-01,1.752151e+01,-1.000000e+00,9.434639e+00,-1.000000e+00,-1.500000e+01
5.900000e+01,2.820897e+03,-1.000000e+00,5.271580e-01,2.256207e+01,-1.000000e+00,9.538158e+00,-1.000000e+00,-1.500000e+01
6.000000e+01,2.912922e+03,-1.000000e+00,5.271320e-01,1.266733e+01,-1.000000e+00,9.247541e+00,8.788102e-01,-5.605949e+00
6.100000e+01,2.692730e+03,-1.000000e+00,5.272053e-01,2.473453e+01,-1.000000e+00,9.578322e+00,-1.000000e+00,-1.500000e+01
6.200000e+01,2.904392e+03,-1.000000e+00,5.271707e-01,1.683827e+01,-1.000000e+00,9.413645e+00,-1.000000e+00,-1.500000e+01
6.300000e+01,2.995483e+03,-1.000000e+00,5.271383e-01,2.336305e+01,-1.000000e+00,9.555894e+00,-1.000000e+00,-1.500000e+01
6.400000e+01,2.848092e+03,-1.000000e+00,5.271597e-01,2.154867e+01,-1.000000e+00,9.527687e+00,-1.000000e+00,-1.500000e+01
6.500000e+01,3.040461e+03,-1.000000e+00,5.271080e-01,1.172141e+01,6.327847e-01,9.209367e+00,8.950624e-01,2.639235e+00
6.600000e+01,3.166109e+03,-1.000000e+00,5.271437e-01,1.849497e+01,-1.000000e+00,9.467359e+00,-1.000000e+00,-1.500000e+01
6.700000e+01,2.842413e+03,-1.000000e+00,5.272040e-01,2.355426e+01,-1.000000e+00,9.555222e+00,-1.000000e+00,-1.500000e+01
6.800000e+01,2.581068e+03,9.213764e-01,5.272300e-01,1.234670e+01,6.212426e-01,9.228484e+00,8.886995e-01,1.215659e+01
6.900000e+01,2.518986e+03,-1.000000e+00,5.272593e-01,2.028008e+01,-1.000000e+00,9.503126e+00,-1.000000e+00,-1.500000e+01
7.000000e+01,2.653251e+03,-1.000000e+00,5.271973e-01,2.193271e+01,-1.000000e+00,9.536581e+00,-1.000000e+00,-1.500000e+01
7.100000e+01,2.498618e+03,-1.000000e+00,5.271590e-01,1.069129e+01,6.907737e-01,9.127384e+00,9.188704e-01,3.048220e+00
7.200000e+01,3.101072e+03,-1.000000e+00,5.272117e-01,1.619734e+01,-1.000000e+00,9.402763e+00,-1.000000e+00,-1.500000e+01
7.300000e+01,2.716457e+03,-1.000000e+00,5.271783e-01,1.670984e+01,-1.000000e+00,9.406121e+00,-1.000000e+00,-1.500000e+01
7.400000e+01,2.763365e+03,-1.000000e+00,5.271490e-01,2.033497e+01,-1.000000e+00,9.498016e+00,-1.000000e+00,-1.500000e+01
7.500000e+01,2.774916e+03,-1.000000e+00,5.271413e-01,2.347933e+01,-1.000000e+00,9.560916e+00,-1.000000e+00,-1.500000e+01
7.600000e+01,2.842247e+03,-1.000000e+00,5.270460e-01,2.087143e+01,-1.000000e+00,9.517950e+00,-1.000000e+00,-1.500000e+01
7.700000e+01,2.792546e+03,-1.000000e+00,5.272087e-01,1.809152e+01,-1.000000e+00,9.443004e+00,-1.000000e+00,-1.500000e+01
7.800000e+01,2.537407e+03,-1.000000e+00,5.272493e-01,1.409004e+01,-1.000000e+00,9.314873e+00,8.539967e-01,-5.730017e+00
7.900000e+01,2.902629e+03,-1.000000e+00,5.272393e-01,1.136765e+01,6.627195e-01,9.171188e+00,9.186968e-01,2.907081e+00
8.000000e+01,3.069002e+03,-1.000000e+00,5.271403e-01,1.324301e+01,-1.000000e+00,9.287646e+00,8.620168e-01,-5.689916e+00
8.100000e+01,2.851237e+03,-1.000000e+00,5.271570e-01,2.450129e+01,-1.000000e+00,9.576689e+00,-1.000000e+00,-1.500000e+01
8.200000e+01,2.477437e+03,-1.000000e+00,5.271873e-01,1.749986e+01,-1.000000e+00,9.441319e+00,-1.000000e+00,-1.500000e+01
8.300000e+01,3.229759e+03,-1.000000e+00,5.271653e-01,1.774502e+01,-1.000000e+00,9.441496e+00,-1.000000e+00,-1.500000e+01
8.400000e+01,2.953313e+03,-1.000000e+00,5.271753e-01,1.439468e+01,-1.000000e+00,9.338484e+00,-1.000000e+00,-1.500000e+01
8.500000e+01,3.045739e+03,-1.000000e+00,5.271273e-01,1.965225e+01,-1.000000e+00,9.498631e+00,-1.000000e+00,-1.500000e+01
8.600000e+01,2.631147e+03,9.013458e-01,5.272043e-01,1.395508e+01,-1.000000e+00,9.311078e+00,8.577200e-01,3.795329e+00
8.700000e+01,2.583143e+03,9.254803e-01,5.272010e-01,1.573567e+01,-1.000000e+00,9.383628e+00,-1.000000e+00,-5.372599e+00
8.800000e+01,3.040143e+03,-1.000000e+00,5.272103e-01,1.786318e+01,-1.000000e+00,9.452706e+00,-1.000000e+00,-1.500000e+01
8.900000e+01,2.853072e+03,-1.000000e+00,5.272110e-01,2.155610e+01,-1.000000e+00,9.519752e+00,-1.000000e+00,-1.500000e+01
9.000000e+01,2.681749e+03,-1.000000e+00,5.271417e-01,2.504822e+01,-1.000000e+00,9.585489e+00,-1.000000e+00,-1.500000e+01
9.100000e+01,2.447937e+03,-1.000000e+00,5.272440e-01,2.309892e+01,-1.000000e+00,9.557328e+00,-1.000000e+00,-1.500000e+01
9.200000e+01,2.706628e+03,-1.000000e+00,5.272097e-01,1.472430e+01,-1.000000e+00,9.341911e+00,-1.000000e+00,-1.500000e+01
9.300000e+01,2.721554e+03,-1.000000e+00,5.271583e-01,1.462429e+01,-1.000000e+00,9.341520e+00,-1.000000e+00,-1.500000e+01
9.400000e+01,2.666184e+03,-1.000000e+00,5.271770e-01,2.099620e+01,-1.000000e+00,9.514241e+00,-1.000000e+00,-1.500000e+01
9.500000e+01,2.825728e+03,-1.000000e+00,5.271730e-01,1.049681e+01,6.936682e-01,9.110740e+00,9.203141e-01,3.069911e+00
9.600000e+01,3.210660e+03,-1.000000e+00,5.270680e-01,2.266613e+01,-1.000000e+00,9.541005e+00,-1.000000e+00,-1.500000e+01
9.700000e+01,3.173049e+03,-1.000000e+00,5.271893e-01,1.148046e+01,6.490851e-01,9.164491e+00,9.262064e-01,2.876457e+00
9.800000e+01,2.920240e+03,-1.000000e+00,5.271760e-01,1.952735e+01,-1.000000e+00,9.487610e+00,-1.000000e+00,-1.500000e+01
9.900000e+01,3.175646e+03,-1.000000e+00,5.272570e-01,1.726026e+01,-1.000000e+00,9.427198e+00,-1.000000e+00,-1.500000e+01
1.000000e+02,3.044005e+03,-1.000000e+00,5.271830e-01,1.850595e+01,-1.000000e+00,9.470830e+00,-1.000000e+00,-1.500000e+01
1.010000e+02,2.590399e+03,9.427123e-01,5.271910e-01,9.778356e+00,7.468843e-01,9.073976e+00,9.011199e-01,1.295358e+01
1.020000e+02,2.640127e+03,8.894962e-01,5.271580e-01,9.320399e+00,7.374568e-01,9.003199e+00,8.788938e-01,1.252923e+01
1.030000e+02,2.591356e+03,9.454828e-01,5.271797e-01,1.017695e+01,7.052079e-01,9.091599e+00,9.100632e-01,1.280377e+01
1.040000e+02,2.610780e+03,9.395037e-01,5.271517e-01,9.826279e+00,7.274850e-01,9.055039e+00,9.027357e-01,1.284862e+01
1.050000e+02,2.609661e+03,9.425439e-01,5.271813e-01,1.002640e+01,7.213843e-01,9.076134e+00,9.067922e-01,1.285360e+01
1.060000e+02,2.585786e+03,9.311523e-01,5.271927e-01,1.039802e+01,7.171192e-01,9.116332e+00,9.174709e-01,1.282871e+01
1.070000e+02,2.604701e+03,9.592116e-01,5.271823e-01,9.585067e+00,7.502812e-01,9.051709e+00,8.923810e-01,1.300937e+01
1.080000e+02,2.598254e+03,9.747425e-01,5.271757e-01,9.626309e+00,7.993490e-01,9.051822e+00,8.869952e-01,1.330543e+01
1.090000e+02,2.604864e+03,9.585404e-01,5.272390e-01,9.821596e+00,7.649663e-01,9.063664e+00,8.938034e-01,1.308655e+01
1.100000e+02,2.615131e+03,9.291202e-01,5.271717e-01,9.900153e+00,7.374926e-01,9.069313e+00,9.009445e-01,1.283779e+01
1.110000e+02,2.576146e+03,9.125890e-01,5.272903e-01,9.501756e+00,7.654282e-01,9.022872e+00,8.892394e-01,1.283628e+01
1.120000e+02,2.578936e+03,9.174243e-01,5.272393e-01,9.380911e+00,7.754557e-01,9.012492e+00,8.845378e-01,1.288709e+01
1.130000e+02,2.629434e+03,9.038323e-01,5.271647e-01,1.063472e+01,6.884708e-01,9.113814e+00,9.238011e-01,1.258052e+01
1.140000e+02,2.579367e+03,9.182036e-01,5.272410e-01,9.032832e+00,7.303745e-01,8.996046e+00,8.778414e-01,1.263210e+01
1.150000e+02,2.599179e+03,9.825354e-01,5.272180e-01,9.259141e+00,7.672984e-01,9.015117e+00,8.834455e-01,1.316640e+01
1.160000e+02,2.589129e+03,9.392657e-01,5.272780e-01,9.855963e+00,7.471276e-01,9.067012e+00,9.004784e-01,1.293436e+01
1.170000e+02,2.619267e+03,9.207390e-01,5.271937e-01,9.630078e+00,7.761085e-01,9.058052e+00,8.911803e-01,1.294014e+01
1.180000e+02,2.609143e+03,9.440193e-01,5.272267e-01,9.671337e+00,7.645498e-01,9.048652e+00,8.961447e-01,1.302357e+01
1.190000e+02,2.654940e+03,-1.000000e+00,5.270987e-01,9.837817e+00,7.678210e-01,9.077250e+00,8.985524e-01,3.331867e+00
1.200000e+02,2.604012e+03,9.622009e-01,5.270880e-01,9.497635e+00,7.668825e-01,9.033397e+00,8.934738e-01,1.311279e+01
1.210000e+02,2.664986e+03,-1.000000e+00,5.272383e-01,9.800799e+00,7.799500e-01,9.057017e+00,8.975598e-01,3.387549e+00
1.220000e+02,2.613747e+03,9.322148e-01,5.272017e-01,9.117529e+00,7.509729e-01,8.995725e+00,8.792441e-01,1.281216e+01
1.230000e+02,2.624704e+03,9.111823e-01,5.271947e-01,9.417944e+00,7.830143e-01,9.018795e+00,8.822095e-01,1.288203e+01
1.240000e+02,2.610571e+03,9.400594e-01,5.272170e-01,1.000371e+01,7.005777e-01,9.062772e+00,9.047669e-01,1.272702e+01
1.250000e+02,2.592997e+03,9.506636e-01,5.273123e-01,8.995605e+00,7.223792e-01,8.986303e+00,8.745281e-01,1.273785e+01
1.260000e+02,2.645732e+03,8.829053e-01,5.271740e-01,1.023000e+01,7.043966e-01,9.093585e+00,9.120753e-01,1.249689e+01
1.270000e+02,2.602803e+03,9.682122e-01,5.271730e-01,9.525457e+00,7.957889e-01,9.040740e+00,8.856446e-01,1.324823e+01
1.280000e+02,2.601730e+03,9.748514e-01,5.272040e-01,9.519299e+00,7.767852e-01,9.037744e+00,8.958927e-01,1.323765e+01
1.290000e+02,2.561688e+03,8.917503e-01,5.271727e-01,8.929357e+00,7.441350e-01,8.983925e+00,8.733812e-01,1.254633e+01
1.300000e+02,2.575481e+03,9.114853e-01,5.271830e-01,1.042593e+01,7.125676e-01,9.119486e+00,9.167527e-01,1.270403e+01
1.310000e+02,2.568931e+03,9.014575e-01,5.272590e-01,9.680664e+00,7.865539e-01,9.048403e+00,8.891355e-01,1.288573e+01
1.320000e+02,2.567597e+03,8.995750e-01,5.271597e-01,9.487355e+00,7.852571e-01,9.029772e+00,8.864541e-01,1.285643e+01
1.330000e+02,2.593106e+03,9.510275e-01,5.272487e-01,9.555635e+00,7.893203e-01,9.040577e+00,8.925602e-01,1.316454e+01
1.340000e+02,2.607879e+03,9.478223e-01,5.271553e-01,1.134613e+01,6.512506e-01,9.179580e+00,9.114630e-01,1.255268e+01
1.350000e+02,2.604678e+03,9.593102e-01,5.271607e-01,1.249768e+01,6.227428e-01,9.246894e+00,8.769203e-01,1.229487e+01
1.360000e+02,2.583380e+03,9.259669e-01,5.271510e-01,1.029559e+01,7.097391e-01,9.107360e+00,9.164167e-01,1.276061e+01
1.370000e+02,2.591443e+03,9.457436e-01,5.272237e-01,9.903719e+00,7.276845e-01,9.071880e+00,9.094154e-01,1.291422e+01
1.380000e+02,2.600151e+03,9.924439e-01,5.271527e-01,9.530874e+00,7.502569e-01,9.043025e+00,8.876214e-01,1.315161e+01
1.390000e+02,2.562858e+03,8.932384e-01,5.272190e-01,1.026297e+01,7.406238e-01,9.112509e+00,9.083099e-01,1.271086e+01
1.400000e+02,2.579064e+03,9.176546e-01,5.271697e-01,9.848896e+00,7.470153e-01,9.062190e+00,9.035405e-01,1.284105e+01
1.410000e+02,2.562852e+03,8.932306e-01,5.272170e-01,9.541561e+00,7.588066e-01,9.023569e+00,8.886013e-01,1.270319e+01
1.420000e+02,2.619965e+03,9.194319e-01,5.272087e-01,9.882037e+00,7.349460e-01,9.067130e+00,9.039195e-01,1.279149e+01
1.430000e+02,2.621909e+03,9.159226e-01,5.272730e-01,9.891094e+00,7.751049e-01,9.069489e+00,8.965096e-01,1.293769e+01
1.440000e+02,2.586778e+03,9.334353e-01,5.272447e-01,1.009780e+01,7.275967e-01,9.096362e+00,9.094647e-01,1.285248e+01
1.450000e+02,2.619652e+03,9.200152e-01,5.272050e-01,9.966678e+00,7.223584e-01,9.068241e+00,9.022261e-01,1.272300e+01
1.460000e+02,2.578874e+03,9.173123e-01,5.273200e-01,9.459236e+00,7.421466e-01,9.015965e+00,8.829469e-01,1.271203e+01
1.470000e+02,2.536453e+03,-1.000000e+00,5.271897e-01,9.317642e+00,7.409971e-01,9.003186e+00,8.784805e-01,3.097388e+00
1.480000e+02,2.609759e+03,9.422712e-01,5.271340e-01,9.430604e+00,7.710177e-01,9.034834e+00,8.885844e-01,1.300937e+01
1.490000e+02,2.566376e+03,8.978915e-01,5.272080e-01,1.038215e+01,7.136662e-01,9.115749e+00,9.126347e-01,1.262096e+01
1.500000e+02,2.583861e+03,9.269683e-01,5.271543e-01,1.014093e+01,7.209860e-01,9.086516e+00,9.097638e-01,1.278859e+01
1.510000e+02,2.560098e+03,8.897731e-01,5.271190e-01,9.147374e+00,7.712874e-01,9.000072e+00,8.727265e-01,1.266893e+01
1.520000e+02,2.601751e+03,9.747066e-01,5.271637e-01,1.093775e+01,6.734775e-01,9.146043e+00,9.285446e-01,1.288364e+01
1.530000e+02,2.618887e+03,9.214633e-01,5.272323e-01,9.703864e+00,7.596826e-01,9.046728e+00,8.997017e-01,1.290424e+01
1.540000e+02,2.633258e+03,8.983923e-01,5.271793e-01,9.649385e+00,7.868893e-01,9.060183e+00,8.955334e-01,1.290407e+01
1.550000e+02,2.585936e+03,9.314903e-01,5.271870e-01,9.380677e+00,7.579217e-01,9.020196e+00,8.869758e-01,1.288194e+01
1.560000e+02,2.631520e+03,9.008161e-01,5.272097e-01,1.005271e+01,7.639540e-01,9.088341e+00,9.025233e-01,1.283647e+01
1.570000e+02,2.639828e+03,8.898640e-01,5.272920e-01,9.684292e+00,7.521435e-01,9.057583e+00,8.995970e-01,1.270802e+01
1.580000e+02,2.601843e+03,9.740646e-01,5.271180e-01,1.015878e+01,7.187646e-01,9.078129e+00,9.048761e-01,1.298853e+01
1.590000e+02,2.598641e+03,9.776519e-01,5.271820e-01,9.214975e+00,7.548683e-01,9.024099e+00,8.881858e-01,1.310353e+01
1.600000e+02,2.622248e+03,9.153292e-01,5.271867e-01,9.547868e+00,7.914406e-01,9.041504e+00,8.915196e-01,1.299145e+01
1.610000e+02,2.578753e+03,9.170949e-01,5.271803e-01,9.777422e+00,7.725707e-01,9.065168e+00,9.014918e-01,1.295579e+01
1.620000e+02,2.604295e+03,9.609453e-01,5.272180e-01,8.949016e+00,7.341919e-01,8.992117e+00,8.768909e-01,1.286014e+01
1.630000e+02,2.578750e+03,9.170903e-01,5.272117e-01,9.505469e+00,7.662950e-01,9.038654e+00,8.875470e-01,1.285466e+01
1.640000e+02,2.581035e+03,9.213133e-01,5.271987e-01,9.370467e+00,7.709437e-01,9.033517e+00,8.876088e-01,1.289933e+01
1.650000e+02,2.612387e+03,9.354324e-01,5.271147e-01,9.353829e+00,7.550732e-01,9.018709e+00,8.865908e-01,1.288548e+01
1.660000e+02,2.617792e+03,9.235966e-01,5.272473e-01,1.012186e+01,7.490086e-01,9.088662e+00,9.009457e-01,1.286775e+01
1.670000e+02,2.586925e+03,9.337824e-01,5.271783e-01,1.008076e+01,7.130502e-01,9.087637e+00,9.095669e-01,1.278200e+01
1.680000e+02,2.587705e+03,9.356578e-01,5.272133e-01,9.449229e+00,7.844576e-01,9.028006e+00,8.878142e-01,1.303965e+01
1.690000e+02,2.564821e+03,8.958003e-01,5.271870e-01,9.752575e+00,7.785023e-01,9.056585e+00,8.957800e-01,1.285041e+01
1.700000e+02,2.601332e+03,9.778677e-01,5.272357e-01,9.240817e+00,7.521892e-01,9.006487e+00,8.831243e-01,1.306591e+01
1.710000e+02,2.585909e+03,9.314310e-01,5.271107e-01,9.678377e+00,7.812649e-01,9.059923e+00,8.902207e-01,1.301458e+01
1.720000e+02,2.614495e+03,9.305212e-01,5.272477e-01,9.501456e+00,7.837295e-01,9.029696e+00,8.905036e-01,1.302377e+01
1.730000e+02,2.600049e+03,9.956946e-01,5.272137e-01,9.608181e+00,7.782683e-01,9.047829e+00,8.944892e-01,1.334226e+01
1.740000e+02,2.608395e+03,9.462308e-01,5.271773e-01,1.041595e+01,6.953525e-01,9.106286e+00,9.217156e-01,1.281649e+01
1.750000e+02,2.604828e+03,9.586873e-01,5.272200e-01,1.006708e+01,7.057281e-01,9.077570e+00,9.109241e-01,1.287670e+01
1.760000e+02,2.608955e+03,9.445665e-01,5.271320e-01,9.008894e+00,7.343772e-01,8.981733e+00,8.755357e-01,1.277240e+01
1.770000e+02,2.631932e+03,9.002345e-01,5.271517e-01,9.842681e+00,7.619700e-01,9.069303e+00,8.945944e-01,1.278399e+01
1.780000e+02,2.601791e+03,9.744284e-01,5.271847e-01,1.037258e+01,6.947666e-01,9.100741e+00,9.201303e-01,1.294663e+01
1.790000e+02,2.600649e+03,9.844482e-01,5.272713e-01,9.271881e+00,7.539562e-01,9.013932e+00,8.861277e-01,1.312266e+01
1.800000e+02,2.571315e+03,9.049472e-01,5.272140e-01,9.243655e+00,7.655601e-01,9.016907e+00,8.825830e-01,1.276545e+01
1.810000e+02,2.577266e+03,9.144868e-01,5.271850e-01,9.719759e+00,7.692362e-01,9.064443e+00,8.946790e-01,1.289201e+01
1.820000e+02,2.626355e+03,9.085294e-01,5.271860e-01,9.990251e+00,7.551917e-01,9.081577e+00,8.990702e-01,1.281396e+01
1.830000e+02,2.572402e+03,9.065952e-01,5.271560e-01,9.586449e+00,7.829984e-01,9.049576e+00,8.937682e-01,1.291681e+01
1.840000e+02,2.597106e+03,9.677148e-01,5.271743e-01,9.673873e+00,7.803240e-01,9.043362e+00,8.919137e-01,1.319976e+01
1.850000e+02,2.593710e+03,9.531218e-01,5.272260e-01,1.059920e+01,6.931279e-01,9.123011e+00,9.252810e-01,1.285765e+01
1.860000e+02,2.587210e+03,9.344595e-01,5.271930e-01,1.020119e+01,7.042194e-01,9.073594e+00,9.104737e-01,1.274576e+01
1.870000e+02,2.580649e+03,9.205812e-01,5.271920e-01,9.793525e+00,7.604589e-01,9.061520e+00,9.008715e-01,1.290956e+01
1.880000e+02,2.605259e+03,9.569601e-01,5.272350e-01,9.345030e+00,7.502286e-01,9.010208e+00,8.820146e-01,1.294602e+01
1.890000e+02,2.641363e+03,8.879969e-01,5.271507e-01,9.377364e+00,7.411021e-01,9.005577e+00,8.804485e-01,1.254774e+01
1.900000e+02,2.590407e+03,9.427348e-01,5.273050e-01,9.180164e+00,7.396631e-01,8.997710e+00,8.773144e-01,1.279856e+01
1.910000e+02,2.598179e+03,9.742193e-01,5.271710e-01,1.013114e+01,7.227343e-01,9.081619e+00,9.082169e-01,1.302585e+01
1.920000e+02,2.599602e+03,9.877781e-01,5.270897e-01,9.077157e+00,7.313788e-01,8.996715e+00,8.771407e-01,1.298149e+01
1.930000e+02,2.619742e+03,9.198466e-01,5.271940e-01,1.005932e+01,7.078124e-01,9.062587e+00,9.060500e-01,1.266855e+01
1.940000e+02,2.591588e+03,9.461796e-01,5.271860e-01,1.013461e+01,7.356206e-01,9.089249e+00,9.061635e-01,1.293982e+01
1.950000e+02,2.588868e+03,9.385849e-01,5.271353e-01,9.902868e+00,7.517968e-01,9.058768e+00,8.982728e-01,1.294327e+01
1.960000e+02,2.611491e+03,9.376633e-01,5.272243e-01,8.930171e+00,7.223454e-01,8.989997e+00,8.707276e-01,1.265368e+01
1.970000e+02,2.603114e+03,9.665516e-01,5.272087e-01,1.061110e+01,6.909544e-01,9.124785e+00,9.221210e-01,1.289814e+01
1.980000e+02,2.615480e+03,9.283652e-01,5.271990e-01,1.014221e+01,7.094332e-01,9.070758e+00,9.060195e-01,1.271909e+01
1.990000e+02,2.595039e+03,9.581476e-01,5.272407e-01,9.496926e+00,7.824447e-01,9.036863e+00,8.871125e-01,1.313852e+01
2.000000e+02,2.633266e+03,8.983812e-01,5.271997e-01,9.273146e+00,7.527796e-01,9.010539e+00,8.848038e-01,1.267982e+01
2.010000e+02,2.600787e+03,9.829022e-01,5.272530e-01,1.115293e+01,6.819992e-01,9.159040e+00,9.212029e-01,1.293052e+01
2.020000e+02,2.651498e+03,-1.000000e+00,5.270923e-01,9.463421e+00,7.707874e-01,9.044772e+00,8.916230e-01,3.312052e+00
2.030000e+02,2.598380e+03,9.756484e-01,5.271933e-01,9.564918e+00,7.524788e-01,9.033599e+00,8.945424e-01,1.311335e+01
2.040000e+02,2.626895e+03,9.076820e-01,5.271780e-01,9.559542e+00,8.037662e-01,9.052442e+00,8.870940e-01,1.299271e+01
2.050000e+02,2.581609e+03,9.224209e-01,5.272633e-01,9.426632e+00,7.669844e-01,9.024323e+00,8.890366e-01,1.289221e+01
2.060000e+02,2.601851e+03,9.740105e-01,5.272010e-01,9.558938e+00,7.812229e-01,9.029777e+00,8.859595e-01,1.320596e+01
2.070000e+02,2.630820e+03,9.018143e-01,5.272070e-01,9.813783e+00,7.650067e-01,9.064134e+00,8.954251e-01,1.281123e+01
2.080000e+02,2.603818e+03,9.630924e-01,5.272073e-01,8.991639e+00,7.434278e-01,8.990768e+00,8.776504e-01,1.292085e+01
2.090000e+02,2.607479e+03,9.490962e-01,5.271157e-01,9.700276e+00,7.925287e-01,9.049977e+00,8.906526e-01,1.316139e+01
2.100000e+02,2.573976e+03,9.090530e-01,5.272473e-01,8.818539e+00,7.131867e-01,8.985158e+00,8.767830e-01,1.249511e+01
2.110000e+02,2.590601e+03,9.432845e-01,5.271733e-01,1.127392e+01,6.444270e-01,9.161266e+00,9.276364e-01,1.257674e+01
2.120000e+02,2.575508e+03,9.115296e-01,5.271840e-01,9.056779e+00,7.455519e-01,8.996463e+00,8.774342e-01,1.267258e+01
2.130000e+02,2.606456e+03,9.525362e-01,5.272180e-01,1.091135e+01,6.714988e-01,9.145227e+00,9.294081e-01,1.276722e+01
2.140000e+02,2.607484e+03,9.490815e-01,5.271327e-01,1.003524e+01,7.080566e-01,9.074808e+00,9.096800e-01,1.283409e+01
2.150000e+02,2.587648e+03,9.355187e-01,5.272970e-01,1.105879e+01,6.920937e-01,9.155733e+00,9.226587e-01,1.275136e+01
2.160000e+02,2.635843e+03,8.949244e-01,5.272057e-01,9.060655e+00,7.317568e-01,8.984672e+00,8.737961e-01,1.250239e+01
2.170000e+02,2.579296e+03,9.180743e-01,5.271647e-01,9.456790e+00,7.556871e-01,9.038181e+00,8.833289e-01,1.278545e+01
2.180000e+02,2.574473e+03,9.098462e-01,5.272073e-01,9.611601e+00,7.929795e-01,9.046923e+00,8.934971e-01,1.298161e+01
2.190000e+02,2.560534e+03,8.903106e-01,5.272410e-01,9.142030e+00,7.446559e-01,8.999454e+00,8.803808e-01,1.257674e+01
2.200000e+02,2.577613e+03,9.150877e-01,5.272517e-01,9.984052e+00,7.475479e-01,9.069813e+00,9.034743e-01,1.283055e+01
2.210000e+02,2.588891e+03,9.386455e-01,5.271803e-01,1.025437e+01,7.044570e-01,9.103768e+00,9.163395e-01,1.279721e+01
2.220000e+02,2.604182e+03,9.614424e-01,5.271533e-01,9.469133e+00,7.823272e-01,9.027782e+00,8.813679e-01,1.312569e+01
2.230000e+02,2.584861e+03,9.291026e-01,5.272053e-01,1.063051e+01,6.941300e-01,9.126229e+00,9.196680e-01,1.271450e+01
2.240000e+02,2.600159e+03,9.922476e-01,5.272040e-01,9.124330e+00,7.163109e-01,8.993556e+00,8.731386e-01,1.290849e+01
2.250000e+02,2.592372e+03,9.486183e-01,5.271813e-01,9.529623e+00,7.752757e-01,9.040387e+00,8.930747e-01,1.308484e+01
2.260000e+02,2.586339e+03,9.324120e-01,5.271360e-01,1.037837e+01,7.187381e-01,9.098715e+00,9.106670e-01,1.280909e+01
2.270000e+02,2.614744e+03,9.299682e-01,5.271153e-01,9.591539e+00,7.532129e-01,9.045600e+00,8.993397e-01,1.291260e+01
2.280000e+02,2.623366e+03,9.134102e-01,5.272183e-01,1.062297e+01,6.982749e-01,9.120366e+00,9.136429e-01,1.262664e+01
2.290000e+02,2.622815e+03,9.143484e-01,5.270553e-01,1.000474e+01,7.489678e-01,9.070951e+00,8.993969e-01,1.281357e+01
2.300000e+02,2.591991e+03,9.474174e-01,5.272100e-01,9.546860e+00,7.575984e-01,9.051643e+00,8.894870e-01,1.297251e+01
2.310000e+02,2.577357e+03,9.146448e-01,5.271567e-01,9.314572e+00,7.502811e-01,9.026616e+00,8.884290e-01,1.276677e+01
2.320000e+02,2.578713e+03,9.170237e-01,5.271577e-01,9.815500e+00,7.977282e-01,9.074368e+00,8.921421e-01,1.303447e+01
2.330000e+02,2.564740e+03,8.956935e-01,5.271487e-01,9.084949e+00,7.363113e-01,8.989814e+00,8.749905e-01,1.253498e+01
2.340000e+02,2.566283e+03,8.977650e-01,5.272513e-01,1.022344e+01,7.439738e-01,9.097302e+00,9.033413e-01,1.272540e+01
2.350000e+02,2.615819e+03,9.276432e-01,5.272593e-01,1.228042e+01,6.331548e-01,9.238628e+00,8.811820e-01,1.220990e+01
2.360000e+02,2.631641e+03,9.006443e-01,5.271770e-01,9.115458e+00,7.356342e-01,9.004323e+00,8.797892e-01,1.258034e+01
2.370000e+02,2.607743e+03,9.482516e-01,5.271230e-01,9.137092e+00,7.476931e-01,9.011026e+00,8.847048e-01,1.290325e+01
2.380000e+02,2.585898e+03,9.314061e-01,5.272523e-01,1.137172e+01,6.633095e-01,9.174697e+00,9.161409e-01,1.255428e+01
2.390000e+02,2.574178e+03,9.093743e-01,5.272303e-01,8.746546e+00,7.163605e-01,8.972112e+00,8.710087e-01,1.248372e+01
2.400000e+02,2.578387e+03,9.164437e-01,5.272153e-01,9.369463e+00,7.789820e-01,9.027353e+00,8.826591e-01,1.289042e+01
2.410000e+02,2.628769e+03,9.048220e-01,5.272067e-01,9.930879e+00,7.348843e-01,9.066255e+00,9.033421e-01,1.271524e+01
2.420000e+02,2.602571e+03,9.695102e-01,5.272350e-01,9.421559e+00,7.613197e-01,9.033617e+00,8.861151e-01,1.308472e+01
2.430000e+02,2.574043e+03,9.091590e-01,5.272290e-01,9.747850e+00,7.308181e-01,9.046738e+00,8.980332e-01,1.269005e+01
2.440000e+02,2.609749e+03,9.422997e-01,5.271997e-01,9.834114e+00,7.967110e-01,9.067955e+00,8.915825e-01,1.315297e+01
2.450000e+02,2.605546e+03,9.558548e-01,5.272210e-01,1.035810e+01,7.152228e-01,9.104983e+00,9.100243e-01,1.290551e+01
2.460000e+02,2.593042e+03,9.508144e-01,5.271253e-01,9.907492e+00,7.951958e-01,9.070664e+00,8.910456e-01,1.318528e+01
2.470000e+02,2.604544e+03,9.598713e-01,5.271930e-01,9.276704e+00,7.475778e-01,9.005663e+00,8.829595e-01,1.295204e+01
2.480000e+02,2.570843e+03,9.042433e-01,5.271990e-01,1.110518e+01,6.621996e-01,9.153783e+00,9.253086e-01,1.245876e+01
2.490000e+02,2.585466e+03,9.304352e-01,5.271830e-01,9.603981e+00,7.742884e-01,9.041550e+00,8.932637e-01,1.298994e+01
2.500000e+02,2.611275e+03,9.382164e-01,5.272230e-01,1.087980e+01,6.694340e-01,9.142010e+00,9.294470e-01,1.268549e+01
2.510000e+02,2.601911e+03,9.736078e-01,5.271733e-01,1.020433e+01,7.380952e-01,9.107032e+00,9.081838e-01,1.309943e+01
2.520000e+02,2.602105e+03,9.723324e-01,5.272570e-01,9.420035e+00,7.695812e-01,9.021881e+00,8.893357e-01,1.315625e+01
2.530000e+02,2.601967e+03,9.732319e-01,5.272073e-01,9.500165e+00,7.661676e-01,9.034816e+00,8.932162e-01,1.316308e+01
2.540000e+02,2.625822e+03,9.093737e-01,5.271960e-01,1.132786e+01,6.592019e-01,9.172585e+00,9.172603e-01,1.242918e+01
2.550000e+02,2.586476e+03,9.327291e-01,5.271610e-01,9.557717e+00,7.827427e-01,9.042080e+00,8.939944e-01,1.304733e+01
2.560000e+02,2.591535e+03,9.460200e-01,5.271573e-01,9.253446e+00,7.598191e-01,9.014490e+00,8.853328e-01,1.295586e+01
