# step_count,fitted_elastic_modulus,elastic_modulus_match_degree,average_bond_length,average_persistence_length,persistence_length_match_degree,average_end_to_end_distance,end_to_end_distance_match_degree,reward_value
1.000000e+00,2.724959e+03,-1.000000e+00,5.271557e-01,2.194406e+01,-1.000000e+00,9.529799e+00,-1.000000e+00,-1.500000e+01
2.000000e+00,2.640360e+03,8.892120e-01,5.272477e-01,1.922518e+01,-1.000000e+00,9.482173e+00,-1.000000e+00,-5.553940e+00
3.000000e+00,2.967232e+03,-1.000000e+00,5.271213e-01,1.838183e+01,-1.000000e+00,9.451567e+00,-1.000000e+00,-1.500000e+01
4.000000e+00,2.545251e+03,-1.000000e+00,5.272047e-01,1.663345e+01,-1.000000e+00,9.412611e+00,-1.000000e+00,-1.500000e+01
5.000000e+00,2.877180e+03,-1.000000e+00,5.271020e-01,2.183812e+01,-1.000000e+00,9.530561e+00,-1.000000e+00,-1.500000e+01
6.000000e+00,2.870274e+03,-1.000000e+00,5.271953e-01,1.071540e+01,6.892363e-01,9.138486e+00,9.214611e-01,3.053487e+00
7.000000e+00,2.464737e+03,-1.000000e+00,5.272490e-01,1.932015e+01,-1.000000e+00,9.472805e+00,-1.000000e+00,-1.500000e+01
8.000000e+00,2.854383e+03,-1.000000e+00,5.271680e-01,1.395119e+01,-1.000000e+00,9.309256e+00,8.541099e-01,-5.729451e+00
9.000000e+00,2.526724e+03,-1.000000e+00,5.272460e-01,1.621482e+01,-1.000000e+00,9.400652e+00,-1.000000e+00,-1.500000e+01
1.000000e+01,2.797138e+03,-1.000000e+00,5.270687e-01,1.749469e+01,-1.000000e+00,9.436101e+00,-1.000000e+00,-1.500000e+01
1.100000e+01,2.485741e+03,-1.000000e+00,5.271723e-01,2.148346e+01,-1.000000e+00,9.523321e+00,-1.000000e+00,-1.500000e+01
1.200000e+01,2.970551e+03,-1.000000e+00,5.271917e-01,1.832851e+01,-1.000000e+00,9.461989e+00,-1.000000e+00,-1.500000e+01
1.300000e+01,2.555757e+03,8.846055e-01,5.271097e-01,1.996042e+01,-1.000000e+00,9.499896e+00,-1.000000e+00,-5.576973e+00
1.400000e+01,2.814069e+03,-1.000000e+00,5.272773e-01,2.035768e+01,-1.000000e+00,9.510481e+00,-1.000000e+00,-1.500000e+01
1.500000e+01,2.999780e+03,-1.000000e+00,5.271600e-01,9.718123e+00,7.885655e-01,9.056112e+00,8.908923e-01,3.397289e+00
1.600000e+01,2.633424e+03,8.981642e-01,5.272540e-01,1.696426e+01,-1.000000e+00,9.421599e+00,-1.000000e+00,-5.509179e+00
1.700000e+01,2.807485e+03,-1.000000e+00,5.272040e-01,1.638227e+01,-1.000000e+00,9.400637e+00,-1.000000e+00,-1.500000e+01
1.800000e+01,2.474530e+03,-1.000000e+00,5.272007e-01,2.201348e+01,-1.000000e+00,9.538953e+00,-1.000000e+00,-1.500000e+01
1.900000e+01,3.207990e+03,-1.000000e+00,5.271620e-01,1.681857e+01,-1.000000e+00,9.419727e+00,-1.000000e+00,-1.500000e+01
2.000000e+01,2.516739e+03,-1.000000e+00,5.271877e-01,1.962771e+01,-1.000000e+00,9.488137e+00,-1.000000e+00,-1.500000e+01
2.100000e+01,2.802237e+03,-1.000000e+00,5.271317e-01,1.459872e+01,-1.000000e+00,9.338304e+00,-1.000000e+00,-1.500000e+01
2.200000e+01,2.514847e+03,-1.000000e+00,5.270850e-01,1.094065e+01,6.642577e-01,9.143121e+00,9.331028e-01,2.986802e+00
2.300000e+01,2.734063e+03,-1.000000e+00,5.272437e-01,1.215443e+01,6.218885e-01,9.227364e+00,8.886129e-01,2.552507e+00
2.400000e+01,2.719206e+03,-1.000000e+00,5.271307e-01,1.929648e+01,-1.000000e+00,9.476964e+00,-1.000000e+00,-1.500000e+01
2.500000e+01,2.441302e+03,-1.000000e+00,5.271733e-01,9.913938e+00,7.578222e-01,9.072038e+00,9.025334e-01,3.301778e+00
2.600000e+01,3.131240e+03,-1.000000e+00,5.272400e-01,1.262869e+01,6.130103e-01,9.253029e+00,8.723945e-01,2.427024e+00
2.700000e+01,2.981863e+03,-1.000000e+00,5.271597e-01,1.217339e+01,6.380151e-01,9.230525e+00,8.813139e-01,2.596645e+00
2.800000e+01,2.563787e+03,8.944401e-01,5.272363e-01,2.323691e+01,-1.000000e+00,9.553389e+00,-1.000000e+00,-5.527800e+00
2.900000e+01,3.105614e+03,-1.000000e+00,5.271587e-01,1.724895e+01,-1.000000e+00,9.423337e+00,-1.000000e+00,-1.500000e+01
3.000000e+01,2.896056e+03,-1.000000e+00,5.273033e-01,1.757070e+01,-1.000000e+00,9.447130e+00,-1.000000e+00,-1.500000e+01
3.100000e+01,3.004690e+03,-1.000000e+00,5.271750e-01,2.299762e+01,-1.000000e+00,9.552775e+00,-1.000000e+00,-1.500000e+01
3.200000e+01,3.150474e+03,-1.000000e+00,5.272120e-01,1.682438e+01,-1.000000e+00,9.425556e+00,-1.000000e+00,-1.500000e+01
3.300000e+01,2.750685e+03,-1.000000e+00,5.271810e-01,2.372441e+01,-1.000000e+00,9.562232e+00,-1.000000e+00,-1.500000e+01
3.400000e+01,2.841472e+03,-1.000000e+00,5.271990e-01,1.831835e+01,-1.000000e+00,9.461827e+00,-1.000000e+00,-1.500000e+01
3.500000e+01,2.864275e+03,-1.000000e+00,5.272200e-01,1.910252e+01,-1.000000e+00,9.476933e+00,-1.000000e+00,-1.500000e+01
3.600000e+01,3.202237e+03,-1.000000e+00,5.272513e-01,9.327484e+00,7.505916e-01,9.032402e+00,8.883958e-01,3.194937e+00
3.700000e+01,2.605034e+03,9.578532e-01,5.271930e-01,1.964630e+01,-1.000000e+00,9.490684e+00,-1.000000e+00,-5.210734e+00
3.800000e+01,2.929408e+03,-1.000000e+00,5.271703e-01,1.367583e+01,-1.000000e+00,9.300715e+00,8.590139e-01,-5.704931e+00
3.900000e+01,3.033512e+03,-1.000000e+00,5.272520e-01,1.362938e+01,-1.000000e+00,9.291327e+00,8.632475e-01,-5.683763e+00
4.000000e+01,2.610182e+03,9.411063e-01,5.272260e-01,1.463884e+01,-1.000000e+00,9.333689e+00,-1.000000e+00,-5.294468e+00
4.100000e+01,2.848970e+03,-1.000000e+00,5.271863e-01,2.420769e+01,-1.000000e+00,9.574141e+00,-1.000000e+00,-1.500000e+01
4.200000e+01,2.716118e+03,-1.000000e+00,5.271913e-01,1.134066e+01,6.543036e-01,9.175809e+00,9.165291e-01,2.854164e+00
4.300000e+01,2.600484e+03,9.865405e-01,5.271857e-01,2.205689e+01,-1.000000e+00,9.531554e+00,-1.000000e+00,-5.067297e+00
4.400000e+01,2.745553e+03,-1.000000e+00,5.270793e-01,1.154276e+01,6.550735e-01,9.184046e+00,9.085799e-01,2.818267e+00
4.500000e+01,2.974596e+03,-1.000000e+00,5.271953e-01,2.191747e+01,-1.000000e+00,9.528489e+00,-1.000000e+00,-1.500000e+01
4.600000e+01,2.759247e+03,-1.000000e+00,5.271827e-01,1.202668e+01,6.272658e-01,9.215816e+00,8.913833e-01,2.593245e+00
4.700000e+01,3.235619e+03,-1.000000e+00,5.271367e-01,1.925346e+01,-1.000000e+00,9.489361e+00,-1.000000e+00,-1.500000e+01
4.800000e+01,2.544958e+03,-1.000000e+00,5.272407e-01,8.751224e+00,7.168722e-01,8.967248e+00,8.687140e-01,2.927931e+00
4.900000e+01,2.937347e+03,-1.000000e+00,5.271417e-01,2.494166e+01,-1.000000e+00,9.581386e+00,-1.000000e+00,-1.500000e+01
5.000000e+01,2.689985e+03,-1.000000e+00,5.271550e-01,2.407978e+01,-1.000000e+00,9.570942e+00,-1.000000e+00,-1.500000e+01
5.100000e+01,2.806821e+03,-1.000000e+00,5.270693e-01,1.287681e+01,-1.000000e+00,9.263366e+00,8.726877e-01,-5.636561e+00
5.200000e+01,2.584732e+03,9.288234e-01,5.271770e-01,1.123553e+01,6.703507e-01,9.169698e+00,9.181099e-01,1.258642e+01
5.300000e+01,2.699002e+03,-1.000000e+00,5.271733e-01,1.176297e+01,6.514098e-01,9.198482e+00,9.022348e-01,2.768223e+00
5.400000e+01,2.577969e+03,9.157072e-01,5.271653e-01,1.710929e+01,-1.000000e+00,9.422500e+00,-1.000000e+00,-5.421464e+00
5.500000e+01,2.635932e+03,8.948073e-01,5.271207e-01,1.646943e+01,-1.000000e+00,9.411333e+00,-1.000000e+00,-5.525964e+00
5.600000e+01,3.182391e+03,-1.000000e+00,5.272043e-01,1.337791e+01,-1.000000e+00,9.282997e+00,8.645940e-01,-5.677030e+00
5.700000e+01,2.987314e+03,-1.000000e+00,5.272177e-01,8.787482e+00,7.276038e-01,8.971567e+00,8.673737e-01,2.974887e+00
5.800000e+01,2.608905e+03,9.447115e-01,5.272223e-01,1.605296e+01,-1.000000e+00,9.383051e+00,-1.000000e+00,-5.276442e+00
5.900000e+01,2.555097e+03,8.838479e-01,5.272727e-01,1.704238e+01,-1.000000e+00,9.420283e+00,-1.000000e+00,-5.580760e+00
6.000000e+01,2.705266e+03,-1.000000e+00,5.271803e-01,1.425758e+01,-1.000000e+00,9.329699e+00,-1.000000e+00,-1.500000e+01
6.100000e+01,2.677480e+03,-1.000000e+00,5.271437e-01,1.920411e+01,-1.000000e+00,9.477506e+00,-1.000000e+00,-1.500000e+01
6.200000e+01,2.545547e+03,-1.000000e+00,5.271820e-01,1.107826e+01,6.719391e-01,9.161731e+00,9.257849e-01,2.988620e+00
6.300000e+01,2.830451e+03,-1.000000e+00,5.271283e-01,1.071962e+01,6.801367e-01,9.134741e+00,9.245841e-01,3.023604e+00
6.400000e+01,2.535731e+03,-1.000000e+00,5.272160e-01,1.199280e+01,6.192778e-01,9.208054e+00,8.988350e-01,2.590564e+00
6.500000e+01,2.577488e+03,9.148697e-01,5.271403e-01,1.397597e+01,-1.000000e+00,9.308790e+00,8.568116e-01,3.858407e+00
6.600000e+01,2.881387e+03,-1.000000e+00,5.271660e-01,2.334753e+01,-1.000000e+00,9.551479e+00,-1.000000e+00,-1.500000e+01
6.700000e+01,3.036036e+03,-1.000000e+00,5.272287e-01,1.274905e+01,6.155619e-01,9.264969e+00,8.690113e-01,2.422866e+00
6.800000e+01,2.881392e+03,-1.000000e+00,5.272047e-01,1.544448e+01,-1.000000e+00,9.374758e+00,-1.000000e+00,-1.500000e+01
6.900000e+01,2.616193e+03,9.268550e-01,5.272580e-01,1.916337e+01,-1.000000e+00,9.473830e+00,-1.000000e+00,-5.365725e+00
7.000000e+01,2.861917e+03,-1.000000e+00,5.272407e-01,2.225489e+01,-1.000000e+00,9.537136e+00,-1.000000e+00,-1.500000e+01
7.100000e+01,3.008442e+03,-1.000000e+00,5.272040e-01,2.042853e+01,-1.000000e+00,9.503462e+00,-1.000000e+00,-1.500000e+01
7.200000e+01,2.946607e+03,-1.000000e+00,5.272520e-01,2.334255e+01,-1.000000e+00,9.556384e+00,-1.000000e+00,-1.500000e+01
7.300000e+01,2.806617e+03,-1.000000e+00,5.272020e-01,1.904318e+01,-1.000000e+00,9.476158e+00,-1.000000e+00,-1.500000e+01
7.400000e+01,2.865304e+03,-1.000000e+00,5.271380e-01,2.209781e+01,-1.000000e+00,9.544696e+00,-1.000000e+00,-1.500000e+01
7.500000e+01,2.659911e+03,-1.000000e+00,5.272117e-01,1.521427e+01,-1.000000e+00,9.369416e+00,-1.000000e+00,-1.500000e+01
7.600000e+01,2.869105e+03,-1.000000e+00,5.271523e-01,1.684273e+01,-1.000000e+00,9.421093e+00,-1.000000e+00,-1.500000e+01
7.700000e+01,2.839392e+03,-1.000000e+00,5.271860e-01,9.477857e+00,7.817493e-01,9.031469e+00,8.900691e-01,3.359092e+00
7.800000e+01,2.512765e+03,-1.000000e+00,5.271653e-01,1.301592e+01,-1.000000e+00,9.271967e+00,8.701048e-01,-5.649476e+00
7.900000e+01,2.872948e+03,-1.000000e+00,5.272113e-01,1.969155e+01,-1.000000e+00,9.489270e+00,-1.000000e+00,-1.500000e+01
8.000000e+01,2.753812e+03,-1.000000e+00,5.271450e-01,2.025446e+01,-1.000000e+00,9.499105e+00,-1.000000e+00,-1.500000e+01
8.100000e+01,3.068350e+03,-1.000000e+00,5.271717e-01,2.186851e+01,-1.000000e+00,9.527981e+00,-1.000000e+00,-1.500000e+01
8.200000e+01,2.876604e+03,-1.000000e+00,5.272333e-01,1.838473e+01,-1.000000e+00,9.466402e+00,-1.000000e+00,-1.500000e+01
8.300000e+01,2.700756e+03,-1.000000e+00,5.271843e-01,1.239413e+01,6.148874e-01,9.220817e+00,8.922646e-01,2.535760e+00
8.400000e+01,3.170840e+03,-1.000000e+00,5.271420e-01,1.717544e+01,-1.000000e+00,9.432178e+00,-1.000000e+00,-1.500000e+01
8.500000e+01,2.759562e+03,-1.000000e+00,5.271847e-01,1.735981e+01,-1.000000e+00,9.427301e+00,-1.000000e+00,-1.500000e+01
8.600000e+01,3.234632e+03,-1.000000e+00,5.271483e-01,2.396877e+01,-1.000000e+00,9.566767e+00,-1.000000e+00,-1.500000e+01
8.700000e+01,3.120667e+03,-1.000000e+00,5.272133e-01,2.155063e+01,-1.000000e+00,9.523008e+00,-1.000000e+00,-1.500000e+01
8.800000e+01,2.698904e+03,-1.000000e+00,5.271620e-01,1.809648e+01,-1.000000e+00,9.452053e+00,-1.000000e+00,-1.500000e+01
8.900000e+01,3.016007e+03,-1.000000e+00,5.271587e-01,2.078485e+01,-1.000000e+00,9.515636e+00,-1.000000e+00,-1.500000e+01
9.000000e+01,2.715518e+03,-1.000000e+00,5.271293e-01,1.317276e+01,-1.000000e+00,9.278934e+00,8.644071e-01,-5.677965e+00
9.100000e+01,2.543386e+03,-1.000000e+00,5.271147e-01,1.982549e+01,-1.000000e+00,9.484919e+00,-1.000000e+00,-1.500000e+01
9.200000e+01,2.982737e+03,-1.000000e+00,5.272223e-01,1.021916e+01,7.223862e-01,9.090611e+00,9.084665e-01,3.154264e+00
9.300000e+01,2.793380e+03,-1.000000e+00,5.271630e-01,1.001313e+01,7.713284e-01,9.072458e+00,8.976772e-01,3.345028e+00
9.400000e+01,3.078863e+03,-1.000000e+00,5.272023e-01,1.245587e+01,6.206662e-01,9.239767e+00,8.773392e-01,2.490027e+00
9.500000e+01,2.682828e+03,-1.000000e+00,5.272460e-01,1.731499e+01,-1.000000e+00,9.438727e+00,-1.000000e+00,-1.500000e+01
9.600000e+01,3.126708e+03,-1.000000e+00,5.271603e-01,1.246543e+01,6.191814e-01,9.238919e+00,8.807616e-01,2.499715e+00
9.700000e+01,3.041428e+03,-1.000000e+00,5.271960e-01,2.039838e+01,-1.000000e+00,9.499415e+00,-1.000000e+00,-1.500000e+01
9.800000e+01,2.776714e+03,-1.000000e+00,5.271467e-01,1.696461e+01,-1.000000e+00,9.428686e+00,-1.000000e+00,-1.500000e+01
9.900000e+01,2.457578e+03,-1.000000e+00,5.271577e-01,2.450808e+01,-1.000000e+00,9.580038e+00,-1.000000e+00,-1.500000e+01
1.000000e+02,2.935798e+03,-1.000000e+00,5.272143e-01,1.584748e+01,-1.000000e+00,9.387195e+00,-1.000000e+00,-1.500000e+01
1.010000e+02,2.605677e+03,9.553583e-01,5.271377e-01,9.229226e+00,7.600407e-01,9.021423e+00,8.768728e-01,1.296136e+01
1.020000e+02,2.605261e+03,9.569548e-01,5.272100e-01,9.546498e+00,7.713822e-01,9.035224e+00,8.931200e-01,1.310729e+01
1.030000e+02,2.558686e+03,8.880552e-01,5.272310e-01,9.125796e+00,7.385632e-01,8.996406e+00,8.782222e-01,1.252420e+01
1.040000e+02,2.641712e+03,8.875786e-01,5.272087e-01,9.311017e+00,7.747990e-01,9.024108e+00,8.866773e-01,1.274528e+01
1.050000e+02,2.626798e+03,9.078341e-01,5.271707e-01,8.718594e+00,7.108665e-01,8.959021e+00,8.640364e-01,1.241369e+01
1.060000e+02,2.665808e+03,-1.000000e+00,5.271817e-01,9.050834e+00,7.353674e-01,8.985354e+00,8.755652e-01,3.054663e+00
1.070000e+02,2.585750e+03,9.310711e-01,5.271903e-01,1.217024e+01,6.345137e-01,9.232586e+00,8.847238e-01,1.225154e+01
1.080000e+02,2.602825e+03,9.680875e-01,5.271467e-01,9.517758e+00,8.037059e-01,9.036319e+00,8.833343e-01,1.327564e+01
1.090000e+02,2.602690e+03,9.688345e-01,5.271823e-01,1.265756e+01,6.109127e-01,9.255639e+00,8.738379e-01,1.226793e+01
1.100000e+02,2.610910e+03,9.391635e-01,5.271790e-01,9.108977e+00,7.370549e-01,9.006634e+00,8.832746e-01,1.279746e+01
1.110000e+02,2.651196e+03,-1.000000e+00,5.271743e-01,9.167084e+00,7.305470e-01,9.007414e+00,8.799780e-01,3.052625e+00
1.120000e+02,2.615345e+03,9.286563e-01,5.271857e-01,9.208268e+00,7.498430e-01,9.001156e+00,8.827334e-01,1.280616e+01
1.130000e+02,2.632318e+03,8.996926e-01,5.271397e-01,1.054016e+01,7.002559e-01,9.121701e+00,9.228033e-01,1.261376e+01
1.140000e+02,2.589612e+03,9.405500e-01,5.271970e-01,1.025283e+01,7.189517e-01,9.100401e+00,9.076659e-01,1.283584e+01
1.150000e+02,2.613325e+03,9.331925e-01,5.272877e-01,1.045067e+01,6.940917e-01,9.111542e+00,9.166637e-01,1.271974e+01
1.160000e+02,2.624428e+03,9.116360e-01,5.271617e-01,9.792492e+00,7.700099e-01,9.048740e+00,8.910952e-01,1.286371e+01
1.170000e+02,2.603772e+03,9.633078e-01,5.271680e-01,9.387596e+00,7.504704e-01,9.014605e+00,8.836140e-01,1.298696e+01
1.180000e+02,2.600359e+03,9.883814e-01,5.271067e-01,9.860015e+00,7.565584e-01,9.063929e+00,8.964088e-01,1.320674e+01
1.190000e+02,2.631951e+03,9.002071e-01,5.271703e-01,9.389469e+00,7.608021e-01,9.021989e+00,8.870022e-01,1.274006e+01
1.200000e+02,2.563054e+03,8.934902e-01,5.272907e-01,9.458100e+00,7.797435e-01,9.030974e+00,8.869949e-01,1.280114e+01
1.210000e+02,2.603293e+03,9.656323e-01,5.272500e-01,9.168318e+00,7.385910e-01,8.992506e+00,8.753578e-01,1.289791e+01
1.220000e+02,2.594461e+03,9.558794e-01,5.271883e-01,1.243323e+01,6.248425e-01,9.232018e+00,8.863207e-01,1.233521e+01
1.230000e+02,2.598633e+03,9.775843e-01,5.272063e-01,9.049290e+00,7.400132e-01,8.990516e+00,8.776460e-01,1.297622e+01
1.240000e+02,2.598629e+03,9.775498e-01,5.270983e-01,9.637583e+00,7.772156e-01,9.037922e+00,8.935651e-01,1.324165e+01
1.250000e+02,2.642437e+03,8.867157e-01,5.272007e-01,1.104536e+01,6.617123e-01,9.159383e+00,9.284011e-01,1.238415e+01
1.260000e+02,2.618950e+03,9.213417e-01,5.271500e-01,9.795452e+00,7.507936e-01,9.055080e+00,8.935698e-01,1.282853e+01
1.270000e+02,2.596640e+03,9.652981e-01,5.272463e-01,9.867409e+00,7.311527e-01,9.060733e+00,9.024218e-01,1.299436e+01
1.280000e+02,2.653963e+03,-1.000000e+00,5.272013e-01,9.572565e+00,7.501461e-01,9.028503e+00,8.891464e-01,3.196462e+00
1.290000e+02,2.629070e+03,9.043727e-01,5.272153e-01,8.967267e+00,7.249779e-01,9.002145e+00,8.808283e-01,1.255089e+01
1.300000e+02,2.582079e+03,9.233414e-01,5.272167e-01,9.441232e+00,7.857399e-01,9.039651e+00,8.828522e-01,1.295967e+01
1.310000e+02,2.580780e+03,9.208285e-01,5.272547e-01,9.440673e+00,7.858818e-01,9.034494e+00,8.881704e-01,1.297440e+01
1.320000e+02,2.578963e+03,9.174729e-01,5.271403e-01,9.702323e+00,7.636248e-01,9.058257e+00,8.969747e-01,1.289036e+01
1.330000e+02,2.617460e+03,9.242602e-01,5.271360e-01,8.973026e+00,7.349478e-01,8.999609e+00,8.809485e-01,1.270078e+01
1.340000e+02,2.581627e+03,9.224565e-01,5.272147e-01,9.227273e+00,7.520756e-01,9.015544e+00,8.851829e-01,1.279858e+01
1.350000e+02,2.580805e+03,9.208760e-01,5.272317e-01,9.207334e+00,7.390966e-01,9.001506e+00,8.795376e-01,1.269755e+01
1.360000e+02,2.574389e+03,9.097121e-01,5.272097e-01,9.190806e+00,7.615666e-01,9.014388e+00,8.805911e-01,1.275935e+01
1.370000e+02,2.608253e+03,9.466646e-01,5.271757e-01,9.555733e+00,7.581010e-01,9.035607e+00,8.942596e-01,1.299513e+01
1.380000e+02,2.575747e+03,9.119242e-01,5.271547e-01,9.347708e+00,7.512613e-01,9.043970e+00,8.857603e-01,1.274473e+01
1.390000e+02,2.576304e+03,9.128525e-01,5.271817e-01,9.442046e+00,7.746885e-01,9.027577e+00,8.862815e-01,1.286911e+01
1.400000e+02,2.606790e+03,9.513803e-01,5.271837e-01,8.784531e+00,7.354975e-01,8.981687e+00,8.695602e-01,1.278219e+01
1.410000e+02,2.628736e+03,9.048714e-01,5.271390e-01,9.557728e+00,8.121644e-01,9.043713e+00,8.871753e-01,1.302106e+01
1.420000e+02,2.619491e+03,9.203161e-01,5.271337e-01,9.537319e+00,7.693354e-01,9.032799e+00,8.938325e-01,1.291742e+01
1.430000e+02,2.625145e+03,9.104635e-01,5.271447e-01,9.749547e+00,7.800354e-01,9.060066e+00,8.967955e-01,1.293647e+01
1.440000e+02,2.603329e+03,9.654543e-01,5.270923e-01,9.537160e+00,7.524593e-01,9.044210e+00,8.922248e-01,1.305069e+01
1.450000e+02,2.589088e+03,9.391568e-01,5.272037e-01,9.357877e+00,7.637832e-01,9.021103e+00,8.881785e-01,1.295559e+01
1.460000e+02,2.604506e+03,9.600332e-01,5.271527e-01,9.498987e+00,7.754580e-01,9.032456e+00,8.934277e-01,1.314459e+01
1.470000e+02,2.594613e+03,9.564628e-01,5.271703e-01,9.717062e+00,7.287944e-01,9.050161e+00,8.994260e-01,1.292342e+01
1.480000e+02,2.623109e+03,9.138466e-01,5.271613e-01,9.395560e+00,7.630725e-01,9.029924e+00,8.920816e-01,1.284500e+01
1.490000e+02,2.601190e+03,9.790555e-01,5.271583e-01,9.717769e+00,7.382604e-01,9.055791e+00,9.011385e-01,1.309227e+01
1.500000e+02,2.566479e+03,8.980316e-01,5.272863e-01,1.034641e+01,7.252339e-01,9.105097e+00,9.095598e-01,1.266413e+01
1.510000e+02,2.591536e+03,9.460236e-01,5.271863e-01,9.322673e+00,7.583195e-01,9.020827e+00,8.869843e-01,1.295664e+01
1.520000e+02,2.572964e+03,9.074639e-01,5.271280e-01,9.225576e+00,7.394020e-01,9.013550e+00,8.842876e-01,1.265577e+01
1.530000e+02,2.557883e+03,8.870957e-01,5.272600e-01,9.838490e+00,7.640389e-01,9.065113e+00,8.992907e-01,1.275213e+01
1.540000e+02,2.620846e+03,9.178172e-01,5.272423e-01,9.573236e+00,7.619637e-01,9.044510e+00,8.943562e-01,1.287069e+01
1.550000e+02,2.582596e+03,9.243713e-01,5.271423e-01,9.359209e+00,7.761056e-01,9.020566e+00,8.857635e-01,1.293120e+01
1.560000e+02,2.606693e+03,9.517127e-01,5.272103e-01,9.029080e+00,7.366971e-01,8.996664e+00,8.805092e-01,1.284459e+01
1.570000e+02,2.585594e+03,9.307209e-01,5.271420e-01,9.465631e+00,7.716909e-01,9.039587e+00,8.860867e-01,1.294249e+01
1.580000e+02,2.583766e+03,9.267675e-01,5.272403e-01,9.573538e+00,7.844865e-01,9.043238e+00,8.899817e-01,1.300618e+01
1.590000e+02,2.592979e+03,9.506019e-01,5.271987e-01,9.610641e+00,7.499904e-01,9.051126e+00,8.977351e-01,1.299164e+01
1.600000e+02,2.563088e+03,8.935349e-01,5.271353e-01,9.534782e+00,7.465130e-01,9.030098e+00,8.901303e-01,1.265089e+01
1.610000e+02,2.581612e+03,9.224268e-01,5.272697e-01,9.618543e+00,7.694411e-01,9.045869e+00,8.931289e-01,1.292498e+01
1.620000e+02,2.575170e+03,9.109758e-01,5.273047e-01,1.006626e+01,7.338973e-01,9.074189e+00,9.045069e-01,1.274690e+01
1.630000e+02,2.601860e+03,9.739477e-01,5.271610e-01,1.161955e+01,6.410305e-01,9.186580e+00,9.108619e-01,1.262920e+01
1.640000e+02,2.596755e+03,9.658771e-01,5.271720e-01,9.509903e+00,7.667671e-01,9.037027e+00,8.918138e-01,1.312229e+01
1.650000e+02,2.586344e+03,9.324238e-01,5.271600e-01,1.095080e+01,6.577018e-01,9.140127e+00,9.262743e-01,1.258200e+01
1.660000e+02,2.578953e+03,9.174553e-01,5.272117e-01,9.350806e+00,7.475630e-01,9.025018e+00,8.886325e-01,1.276825e+01
1.670000e+02,2.551253e+03,8.795639e-01,5.272430e-01,9.601668e+00,7.432289e-01,9.038077e+00,8.926719e-01,1.257732e+01
1.680000e+02,2.601310e+03,9.780445e-01,5.271727e-01,1.022344e+01,7.345734e-01,9.087921e+00,9.027304e-01,1.307674e+01
1.690000e+02,2.547367e+03,-1.000000e+00,5.272720e-01,9.233704e+00,7.595204e-01,9.011784e+00,8.812622e-01,3.203913e+00
1.700000e+02,2.586240e+03,9.321846e-01,5.271330e-01,1.040163e+01,6.963345e-01,9.103265e+00,9.207406e-01,1.274630e+01
1.710000e+02,2.570354e+03,9.035213e-01,5.272010e-01,9.480120e+00,7.719610e-01,9.038942e+00,8.933201e-01,1.284401e+01
1.720000e+02,2.569961e+03,9.029445e-01,5.271813e-01,9.257212e+00,7.802675e-01,9.017021e+00,8.787225e-01,1.280967e+01
1.730000e+02,2.578553e+03,9.167392e-01,5.271560e-01,9.477859e+00,7.846752e-01,9.038130e+00,8.863345e-01,1.293874e+01
1.740000e+02,2.588544e+03,9.377528e-01,5.271583e-01,1.103629e+01,6.614128e-01,9.138751e+00,9.273542e-01,1.263260e+01
1.750000e+02,2.645768e+03,8.828641e-01,5.271780e-01,9.869867e+00,7.790892e-01,9.072892e+00,8.965397e-01,1.279247e+01
1.760000e+02,2.596498e+03,9.645976e-01,5.271553e-01,9.379482e+00,7.623503e-01,9.022669e+00,8.867510e-01,1.306849e+01
1.770000e+02,2.586690e+03,9.332279e-01,5.272133e-01,9.641517e+00,7.725065e-01,9.040897e+00,8.931995e-01,1.299467e+01
1.780000e+02,2.588154e+03,9.367695e-01,5.271393e-01,9.547320e+00,7.818199e-01,9.042645e+00,8.923203e-01,1.305455e+01
1.790000e+02,2.581143e+03,9.215215e-01,5.271773e-01,9.044852e+00,7.486060e-01,8.995582e+00,8.797014e-01,1.274914e+01
1.800000e+02,2.579896e+03,9.191729e-01,5.271683e-01,9.677523e+00,7.571409e-01,9.057237e+00,8.973737e-01,1.286844e+01
1.810000e+02,2.598395e+03,9.757560e-01,5.271930e-01,9.894906e+00,7.466237e-01,9.063911e+00,9.012157e-01,1.311798e+01
1.820000e+02,2.579346e+03,9.181647e-01,5.271867e-01,1.071757e+01,6.874059e-01,9.135154e+00,9.246469e-01,1.265109e+01
1.830000e+02,2.578912e+03,9.173813e-01,5.272500e-01,9.339241e+00,7.521603e-01,9.017087e+00,8.868630e-01,1.278202e+01
1.840000e+02,2.623657e+03,9.129183e-01,5.272027e-01,9.733721e+00,7.580364e-01,9.061973e+00,8.989810e-01,1.284968e+01
1.850000e+02,2.577350e+03,9.146326e-01,5.272467e-01,9.803223e+00,7.629900e-01,9.056677e+00,8.955573e-01,1.286590e+01
1.860000e+02,2.586626e+03,9.330797e-01,5.271683e-01,9.400164e+00,7.655387e-01,9.028147e+00,8.918207e-01,1.295220e+01
1.870000e+02,2.538584e+03,-1.000000e+00,5.271803e-01,9.736679e+00,7.619455e-01,9.050895e+00,8.967231e-01,3.293343e+00
1.880000e+02,2.615532e+03,9.282554e-01,5.271013e-01,1.015880e+01,7.448408e-01,9.094245e+00,9.041285e-01,1.288612e+01
1.890000e+02,2.586350e+03,9.324383e-01,5.271917e-01,9.989069e+00,7.733485e-01,9.084903e+00,8.974667e-01,1.301627e+01
1.900000e+02,2.619807e+03,9.197253e-01,5.271823e-01,9.554890e+00,7.945409e-01,9.038967e+00,8.919169e-01,1.303092e+01
1.910000e+02,2.572288e+03,9.064206e-01,5.272080e-01,1.083982e+01,6.767242e-01,9.138990e+00,9.281197e-01,1.255632e+01
1.920000e+02,2.600231e+03,9.906630e-01,5.271337e-01,9.943631e+00,7.644606e-01,9.067180e+00,9.000073e-01,1.327565e+01
1.930000e+02,2.618792e+03,9.216458e-01,5.271540e-01,9.606341e+00,7.747665e-01,9.043810e+00,8.948657e-01,1.295639e+01
1.940000e+02,2.581552e+03,9.223093e-01,5.271173e-01,1.180266e+01,6.367828e-01,9.204718e+00,8.990187e-01,1.229055e+01
1.950000e+02,2.581346e+03,9.219118e-01,5.271810e-01,9.282722e+00,7.529733e-01,9.016766e+00,8.850316e-01,1.279958e+01
1.960000e+02,2.578755e+03,9.170992e-01,5.271497e-01,9.486044e+00,7.600232e-01,9.031599e+00,8.924170e-01,1.284770e+01
1.970000e+02,2.564537e+03,8.954248e-01,5.272453e-01,9.366276e+00,7.857174e-01,9.024613e+00,8.845057e-01,1.282824e+01
1.980000e+02,2.569348e+03,9.020558e-01,5.272813e-01,9.889094e+00,7.546518e-01,9.069161e+00,8.969739e-01,1.276841e+01
1.990000e+02,2.608193e+03,9.468489e-01,5.272333e-01,1.187953e+01,6.290097e-01,9.203951e+00,9.013793e-01,1.238619e+01
2.000000e+02,2.603940e+03,9.625307e-01,5.271460e-01,9.434397e+00,7.662025e-01,9.035222e+00,8.849508e-01,1.306842e+01
2.010000e+02,2.600095e+03,9.939826e-01,5.271870e-01,9.750449e+00,7.937550e-01,9.060333e+00,8.907141e-01,1.339226e+01
2.020000e+02,2.580478e+03,9.202591e-01,5.271673e-01,9.536134e+00,7.788118e-01,9.037399e+00,8.921273e-01,1.295599e+01
2.030000e+02,2.584848e+03,9.290751e-01,5.271950e-01,1.008169e+01,7.138735e-01,9.086205e+00,9.075310e-01,1.275240e+01
2.040000e+02,2.653966e+03,-1.000000e+00,5.271863e-01,9.611842e+00,7.602533e-01,9.049258e+00,8.966616e-01,3.284574e+00
2.050000e+02,2.612044e+03,9.362765e-01,5.271300e-01,9.250104e+00,7.575596e-01,9.016388e+00,8.800126e-01,1.286924e+01
2.060000e+02,2.628954e+03,9.045452e-01,5.271370e-01,9.452047e+00,7.315279e-01,9.010371e+00,8.785539e-01,1.257314e+01
2.070000e+02,2.565075e+03,8.961376e-01,5.272413e-01,9.468515e+00,7.728939e-01,9.035727e+00,8.947953e-01,1.281913e+01
2.080000e+02,2.572082e+03,9.061060e-01,5.271560e-01,9.511496e+00,7.403389e-01,9.043160e+00,8.923263e-01,1.269386e+01
2.090000e+02,2.596760e+03,9.659014e-01,5.271970e-01,9.863820e+00,7.538367e-01,9.067636e+00,8.973865e-01,1.308562e+01
2.100000e+02,2.579824e+03,9.190408e-01,5.271853e-01,9.835985e+00,7.806889e-01,9.060093e+00,8.965695e-01,1.298150e+01
2.110000e+02,2.594596e+03,9.563977e-01,5.271693e-01,9.814625e+00,7.678942e-01,9.071504e+00,9.001454e-01,1.312219e+01
2.120000e+02,2.623959e+03,9.124126e-01,5.272383e-01,9.356191e+00,7.682374e-01,9.011623e+00,8.850229e-01,1.282836e+01
2.130000e+02,2.615031e+03,9.293378e-01,5.272177e-01,9.486056e+00,7.674469e-01,9.045761e+00,8.886621e-01,1.292723e+01
2.140000e+02,2.626469e+03,9.083495e-01,5.271290e-01,1.067668e+01,6.951229e-01,9.125713e+00,9.164128e-01,1.259943e+01
2.150000e+02,2.597961e+03,9.727561e-01,5.271770e-01,1.231040e+01,6.270432e-01,9.233422e+00,8.840168e-01,1.241908e+01
2.160000e+02,2.573340e+03,9.080496e-01,5.271967e-01,9.273610e+00,7.430788e-01,9.010972e+00,8.848047e-01,1.267967e+01
2.170000e+02,2.598808e+03,9.790410e-01,5.272257e-01,9.674252e+00,7.986588e-01,9.071191e+00,8.926497e-01,1.335175e+01
2.180000e+02,2.580617e+03,9.205194e-01,5.271347e-01,9.379809e+00,7.597921e-01,9.020453e+00,8.844920e-01,1.282402e+01
2.190000e+02,2.564977e+03,8.960075e-01,5.271990e-01,9.506084e+00,7.686142e-01,9.030756e+00,8.927410e-01,1.278681e+01
2.200000e+02,2.581956e+03,9.230991e-01,5.272680e-01,1.036762e+01,7.014986e-01,9.110853e+00,9.187892e-01,1.271693e+01
2.210000e+02,2.559504e+03,8.890453e-01,5.272260e-01,9.808293e+00,7.595578e-01,9.058189e+00,8.968744e-01,1.272739e+01
2.220000e+02,2.613465e+03,9.328680e-01,5.272337e-01,9.293845e+00,7.406960e-01,9.029715e+00,8.833409e-01,1.278452e+01
2.230000e+02,2.587487e+03,9.351275e-01,5.272230e-01,9.702336e+00,7.580300e-01,9.036170e+00,8.947835e-01,1.293971e+01
2.240000e+02,2.627477e+03,9.067822e-01,5.272323e-01,9.531339e+00,7.800498e-01,9.038855e+00,8.929989e-01,1.289915e+01
2.250000e+02,2.576706e+03,9.135312e-01,5.271730e-01,8.966762e+00,7.303830e-01,8.992652e+00,8.784160e-01,1.261165e+01
2.260000e+02,2.564873e+03,8.958698e-01,5.271193e-01,1.048115e+01,6.962055e-01,9.110837e+00,9.228387e-01,1.257457e+01
2.270000e+02,2.569596e+03,9.024149e-01,5.271897e-01,9.562015e+00,7.849645e-01,9.035439e+00,8.907114e-01,1.289045e+01
2.280000e+02,2.593861e+03,9.536609e-01,5.272070e-01,1.194258e+01,6.406451e-01,9.214431e+00,8.920586e-01,1.243182e+01
2.290000e+02,2.608186e+03,9.468705e-01,5.271960e-01,9.964656e+00,7.556678e-01,9.075030e+00,8.992370e-01,1.300888e+01
2.300000e+02,2.618670e+03,9.218802e-01,5.272077e-01,9.371882e+00,7.880131e-01,9.027287e+00,8.817221e-01,1.295808e+01
2.310000e+02,2.634033e+03,8.973366e-01,5.272027e-01,9.167315e+00,7.553429e-01,9.018245e+00,8.804759e-01,1.266578e+01
2.320000e+02,2.619278e+03,9.207182e-01,5.270523e-01,9.640432e+00,7.473646e-01,9.022638e+00,8.871582e-01,1.277621e+01
2.330000e+02,2.595061e+03,9.582344e-01,5.271973e-01,9.683406e+00,7.796018e-01,9.059130e+00,8.983135e-01,1.318075e+01
2.340000e+02,2.580773e+03,9.208160e-01,5.272410e-01,9.377726e+00,7.818618e-01,9.022863e+00,8.840615e-01,1.293370e+01
2.350000e+02,2.554540e+03,8.832137e-01,5.271543e-01,9.044690e+00,7.396255e-01,9.006574e+00,8.735017e-01,1.248170e+01
2.360000e+02,2.587926e+03,9.362008e-01,5.271727e-01,9.712042e+00,7.413210e-01,9.048130e+00,8.999543e-01,1.288738e+01
2.370000e+02,2.599837e+03,9.921340e-01,5.271977e-01,1.111031e+01,6.909354e-01,9.171189e+00,9.142415e-01,1.298655e+01
2.380000e+02,2.561949e+03,8.920805e-01,5.273163e-01,9.375814e+00,7.645758e-01,9.023353e+00,8.891986e-01,1.272927e+01
2.390000e+02,2.583677e+03,9.265833e-01,5.272163e-01,9.628810e+00,7.965398e-01,9.058534e+00,8.932394e-01,1.308181e+01
2.400000e+02,2.627670e+03,9.064856e-01,5.271123e-01,9.447213e+00,7.602157e-01,9.020970e+00,8.885999e-01,1.277651e+01
2.410000e+02,2.615298e+03,9.287578e-01,5.272743e-01,9.565012e+00,7.478513e-01,9.024353e+00,8.869922e-01,1.281801e+01
2.420000e+02,2.598200e+03,9.743629e-01,5.272643e-01,9.338108e+00,7.563304e-01,9.015335e+00,8.867849e-01,1.308739e+01
2.430000e+02,2.585720e+03,9.310022e-01,5.270627e-01,9.499644e+00,7.650404e-01,9.030961e+00,8.893693e-01,1.292706e+01
2.440000e+02,2.608445e+03,9.460805e-01,5.272450e-01,9.804773e+00,7.637054e-01,9.066993e+00,9.027458e-01,1.306266e+01
2.450000e+02,2.615108e+03,9.291713e-01,5.271923e-01,1.055682e+01,6.792913e-01,9.126411e+00,9.247148e-01,1.266589e+01
2.460000e+02,2.578593e+03,9.168094e-01,5.271730e-01,9.660822e+00,7.479259e-01,9.039388e+00,8.965273e-01,1.280631e+01
2.470000e+02,2.627359e+03,9.069632e-01,5.271893e-01,1.115140e+01,6.775801e-01,9.166152e+00,9.199891e-01,1.252266e+01
2.480000e+02,2.602221e+03,9.715997e-01,5.272370e-01,9.351164e+00,7.640390e-01,9.022698e+00,8.823052e-01,1.308972e+01
2.490000e+02,2.601060e+03,9.802085e-01,5.271520e-01,1.075615e+01,6.889196e-01,9.119816e+00,9.205183e-01,1.294823e+01
2.500000e+02,2.636141e+03,8.945344e-01,5.272080e-01,1.051370e+01,7.007566e-01,9.122762e+00,9.155275e-01,1.255409e+01
2.510000e+02,2.540584e+03,-1.000000e+00,5.271887e-01,9.634128e+00,7.750100e-01,9.050252e+00,8.940103e-01,3.345102e+00
2.520000e+02,2.614741e+03,9.299751e-01,5.272453e-01,9.465628e+00,7.668428e-01,9.036628e+00,8.905291e-01,1.293673e+01
2.530000e+02,2.599342e+03,9.843455e-01,5.272307e-01,9.674869e+00,7.718565e-01,9.055027e+00,8.943968e-01,1.325299e+01
2.540000e+02,2.571436e+03,9.051288e-01,5.271250e-01,9.673484e+00,7.795341e-01,9.053467e+00,8.931795e-01,1.288921e+01
2.550000e+02,2.568819e+03,9.012981e-01,5.272053e-01,1.003006e+01,7.212066e-01,9.068433e+00,9.062750e-01,1.264390e+01
2.560000e+02,2.585853e+03,9.313021e-01,5.271857e-01,1.040976e+01,7.132388e-01,9.118008e+00,9.147394e-01,1.279640e+01
