# step_count,fitted_elastic_modulus,elastic_modulus_match_degree,average_bond_length,average_persistence_length,persistence_length_match_degree,average_end_to_end_distance,end_to_end_distance_match_degree,reward_value
1.000000e+00,2.438159e+03,-1.000000e+00,5.272130e-01,2.034005e+01,-1.000000e+00,9.493861e+00,-1.000000e+00,-1.500000e+01
2.000000e+00,2.461981e+03,-1.000000e+00,5.271873e-01,1.174284e+01,6.489688e-01,9.194885e+00,9.006703e-01,2.748196e+00
3.000000e+00,2.533968e+03,-1.000000e+00,5.272447e-01,1.221963e+01,6.177294e-01,9.229363e+00,8.878486e-01,2.527890e+00
4.000000e+00,3.133929e+03,-1.000000e+00,5.272070e-01,1.258025e+01,6.113477e-01,9.256704e+00,8.741289e-01,2.427383e+00
5.000000e+00,2.917759e+03,-1.000000e+00,5.271783e-01,2.214577e+01,-1.000000e+00,9.542269e+00,-1.000000e+00,-1.500000e+01
6.000000e+00,2.721171e+03,-1.000000e+00,5.272063e-01,2.105379e+01,-1.000000e+00,9.515778e+00,-1.000000e+00,-1.500000e+01
7.000000e+00,2.912083e+03,-1.000000e+00,5.272063e-01,1.849901e+01,-1.000000e+00,9.461269e+00,-1.000000e+00,-1.500000e+01
8.000000e+00,2.946726e+03,-1.000000e+00,5.271610e-01,1.336625e+01,-1.000000e+00,9.273820e+00,8.664541e-01,-5.667730e+00
9.000000e+00,2.776973e+03,-1.000000e+00,5.270833e-01,2.240619e+01,-1.000000e+00,9.536274e+00,-1.000000e+00,-1.500000e+01
1.000000e+01,2.469726e+03,-1.000000e+00,5.271563e-01,2.323168e+01,-1.000000e+00,9.552353e+00,-1.000000e+00,-1.500000e+01
1.100000e+01,3.140872e+03,-1.000000e+00,5.271887e-01,1.776694e+01,-1.000000e+00,9.431259e+00,-1.000000e+00,-1.500000e+01
1.200000e+01,2.539893e+03,-1.000000e+00,5.272137e-01,1.692259e+01,-1.000000e+00,9.414250e+00,-1.000000e+00,-1.500000e+01
1.300000e+01,2.738071e+03,-1.000000e+00,5.272067e-01,1.489626e+01,-1.000000e+00,9.348820e+00,-1.000000e+00,-1.500000e+01
1.400000e+01,2.974503e+03,-1.000000e+00,5.272007e-01,1.878404e+01,-1.000000e+00,9.476409e+00,-1.000000e+00,-1.500000e+01
1.500000e+01,2.697603e+03,-1.000000e+00,5.272597e-01,1.780759e+01,-1.000000e+00,9.442217e+00,-1.000000e+00,-1.500000e+01
1.600000e+01,2.554681e+03,8.833729e-01,5.272283e-01,1.247408e+01,6.147013e-01,9.234454e+00,8.831498e-01,1.190612e+01
1.700000e+01,3.117482e+03,-1.000000e+00,5.271657e-01,1.432207e+01,-1.000000e+00,9.331329e+00,-1.000000e+00,-1.500000e+01
1.800000e+01,3.041829e+03,-1.000000e+00,5.272607e-01,1.008371e+01,7.239844e-01,9.094558e+00,9.089885e-01,3.164864e+00
1.900000e+01,2.448775e+03,-1.000000e+00,5.272850e-01,2.443758e+01,-1.000000e+00,9.573400e+00,-1.000000e+00,-1.500000e+01
2.000000e+01,3.072956e+03,-1.000000e+00,5.272187e-01,1.140465e+01,6.623198e-01,9.180035e+00,9.075462e-01,2.849330e+00
2.100000e+01,2.883473e+03,-1.000000e+00,5.271807e-01,2.394788e+01,-1.000000e+00,9.562913e+00,-1.000000e+00,-1.500000e+01
2.200000e+01,2.467728e+03,-1.000000e+00,5.272167e-01,2.108705e+01,-1.000000e+00,9.513526e+00,-1.000000e+00,-1.500000e+01
2.300000e+01,2.647890e+03,8.805003e-01,5.271460e-01,1.248057e+01,-1.000000e+00,9.243613e+00,8.813269e-01,3.809136e+00
2.400000e+01,3.163916e+03,-1.000000e+00,5.272127e-01,1.363318e+01,-1.000000e+00,9.297628e+00,8.622738e-01,-5.688631e+00
2.500000e+01,2.810504e+03,-1.000000e+00,5.271867e-01,1.816799e+01,-1.000000e+00,9.449573e+00,-1.000000e+00,-1.500000e+01
2.600000e+01,2.920210e+03,-1.000000e+00,5.271973e-01,9.810755e+00,7.252646e-01,9.045157e+00,8.986433e-01,3.119540e+00
2.700000e+01,2.589182e+03,9.394039e-01,5.271577e-01,2.118901e+01,-1.000000e+00,9.517569e+00,-1.000000e+00,-5.302981e+00
2.800000e+01,3.015680e+03,-1.000000e+00,5.271813e-01,2.125734e+01,-1.000000e+00,9.520835e+00,-1.000000e+00,-1.500000e+01
2.900000e+01,2.879685e+03,-1.000000e+00,5.272083e-01,1.836440e+01,-1.000000e+00,9.463528e+00,-1.000000e+00,-1.500000e+01
3.000000e+01,2.667895e+03,-1.000000e+00,5.271817e-01,2.020699e+01,-1.000000e+00,9.506161e+00,-1.000000e+00,-1.500000e+01
3.100000e+01,2.595421e+03,9.597246e-01,5.271683e-01,2.241651e+01,-1.000000e+00,9.543103e+00,-1.000000e+00,-5.201377e+00
3.200000e+01,3.138754e+03,-1.000000e+00,5.271460e-01,1.986997e+01,-1.000000e+00,9.493588e+00,-1.000000e+00,-1.500000e+01
3.300000e+01,2.976578e+03,-1.000000e+00,5.271983e-01,1.617510e+01,-1.000000e+00,9.398847e+00,-1.000000e+00,-1.500000e+01
3.400000e+01,2.985631e+03,-1.000000e+00,5.271790e-01,1.819270e+01,-1.000000e+00,9.456992e+00,-1.000000e+00,-1.500000e+01
3.500000e+01,3.201101e+03,-1.000000e+00,5.271767e-01,1.667698e+01,-1.000000e+00,9.412117e+00,-1.000000e+00,-1.500000e+01
3.600000e+01,2.546656e+03,-1.000000e+00,5.272347e-01,1.139256e+01,6.491546e-01,9.171642e+00,9.169321e-01,2.830433e+00
3.700000e+01,3.169018e+03,-1.000000e+00,5.271750e-01,1.814009e+01,-1.000000e+00,9.457583e+00,-1.000000e+00,-1.500000e+01
3.800000e+01,2.734021e+03,-1.000000e+00,5.271920e-01,1.982588e+01,-1.000000e+00,9.487253e+00,-1.000000e+00,-1.500000e+01
3.900000e+01,3.076276e+03,-1.000000e+00,5.271590e-01,1.116136e+01,6.574420e-01,9.161606e+00,9.277241e-01,2.925831e+00
4.000000e+01,2.719010e+03,-1.000000e+00,5.270987e-01,1.885290e+01,-1.000000e+00,9.471463e+00,-1.000000e+00,-1.500000e+01
4.100000e+01,2.623310e+03,9.135049e-01,5.272570e-01,1.386502e+01,-1.000000e+00,9.307865e+00,8.554027e-01,3.844538e+00
4.200000e+01,2.789312e+03,-1.000000e+00,5.271857e-01,1.326816e+01,-1.000000e+00,9.285109e+00,8.650613e-01,-5.674693e+00
4.300000e+01,2.773851e+03,-1.000000e+00,5.271380e-01,2.094808e+01,-1.000000e+00,9.516946e+00,-1.000000e+00,-1.500000e+01
4.400000e+01,2.562504e+03,8.927852e-01,5.271470e-01,2.424857e+01,-1.000000e+00,9.568363e+00,-1.000000e+00,-5.536074e+00
4.500000e+01,2.642078e+03,8.871417e-01,5.271633e-01,1.021382e+01,7.264367e-01,9.092909e+00,9.104536e-01,1.262016e+01
4.600000e+01,2.474948e+03,-1.000000e+00,5.271913e-01,1.999422e+01,-1.000000e+00,9.496874e+00,-1.000000e+00,-1.500000e+01
4.700000e+01,3.071687e+03,-1.000000e+00,5.271753e-01,2.245541e+01,-1.000000e+00,9.538620e+00,-1.000000e+00,-1.500000e+01
4.800000e+01,2.578680e+03,9.169661e-01,5.271570e-01,2.123023e+01,-1.000000e+00,9.517270e+00,-1.000000e+00,-5.415169e+00
4.900000e+01,2.799617e+03,-1.000000e+00,5.271060e-01,2.122004e+01,-1.000000e+00,9.525818e+00,-1.000000e+00,-1.500000e+01
5.000000e+01,2.887517e+03,-1.000000e+00,5.271793e-01,1.789559e+01,-1.000000e+00,9.445849e+00,-1.000000e+00,-1.500000e+01
5.100000e+01,2.985649e+03,-1.000000e+00,5.271797e-01,1.308362e+01,-1.000000e+00,9.260346e+00,8.754312e-01,-5.622844e+00
5.200000e+01,2.698832e+03,-1.000000e+00,5.271693e-01,2.119029e+01,-1.000000e+00,9.524716e+00,-1.000000e+00,-1.500000e+01
5.300000e+01,2.888767e+03,-1.000000e+00,5.272050e-01,1.679280e+01,-1.000000e+00,9.416723e+00,-1.000000e+00,-1.500000e+01
5.400000e+01,2.528668e+03,-1.000000e+00,5.272133e-01,2.221443e+01,-1.000000e+00,9.531859e+00,-1.000000e+00,-1.500000e+01
5.500000e+01,3.047815e+03,-1.000000e+00,5.272087e-01,2.250794e+01,-1.000000e+00,9.541471e+00,-1.000000e+00,-1.500000e+01
5.600000e+01,2.609584e+03,9.427626e-01,5.271587e-01,2.229906e+01,-1.000000e+00,9.532684e+00,-1.000000e+00,-5.286187e+00
5.700000e+01,2.548935e+03,-1.000000e+00,5.271883e-01,1.897047e+01,-1.000000e+00,9.473494e+00,-1.000000e+00,-1.500000e+01
5.800000e+01,3.176071e+03,-1.000000e+00,5.271547e-01,2.026147e+01,-1.000000e+00,9.499303e+00,-1.000000e+00,-1.500000e+01
5.900000e+01,2.459994e+03,-1.000000e+00,5.272370e-01,1.832436e+01,-1.000000e+00,9.462239e+00,-1.000000e+00,-1.500000e+01
6.000000e+01,2.831002e+03,-1.000000e+00,5.271390e-01,1.866914e+01,-1.000000e+00,9.466637e+00,-1.000000e+00,-1.500000e+01
6.100000e+01,3.015906e+03,-1.000000e+00,5.271987e-01,2.229516e+01,-1.000000e+00,9.539349e+00,-1.000000e+00,-1.500000e+01
6.200000e+01,2.811967e+03,-1.000000e+00,5.272053e-01,9.820120e+00,7.407305e-01,9.059773e+00,8.992474e-01,3.199890e+00
6.300000e+01,2.898673e+03,-1.000000e+00,5.271217e-01,1.467193e+01,-1.000000e+00,9.345920e+00,-1.000000e+00,-1.500000e+01
6.400000e+01,2.853518e+03,-1.000000e+00,5.271097e-01,2.293695e+01,-1.000000e+00,9.552309e+00,-1.000000e+00,-1.500000e+01
6.500000e+01,2.985205e+03,-1.000000e+00,5.272413e-01,1.910725e+01,-1.000000e+00,9.470733e+00,-1.000000e+00,-1.500000e+01
6.600000e+01,2.946167e+03,-1.000000e+00,5.271700e-01,2.249646e+01,-1.000000e+00,9.546315e+00,-1.000000e+00,-1.500000e+01
6.700000e+01,3.138363e+03,-1.000000e+00,5.272410e-01,2.517123e+01,-1.000000e+00,9.585347e+00,-1.000000e+00,-1.500000e+01
6.800000e+01,2.772314e+03,-1.000000e+00,5.271813e-01,1.885385e+01,-1.000000e+00,9.471477e+00,-1.000000e+00,-1.500000e+01
6.900000e+01,2.967981e+03,-1.000000e+00,5.272103e-01,2.014239e+01,-1.000000e+00,9.505615e+00,-1.000000e+00,-1.500000e+01
7.000000e+01,2.701706e+03,-1.000000e+00,5.271340e-01,1.750937e+01,-1.000000e+00,9.430227e+00,-1.000000e+00,-1.500000e+01
7.100000e+01,2.669734e+03,-1.000000e+00,5.271437e-01,2.279289e+01,-1.000000e+00,9.546403e+00,-1.000000e+00,-1.500000e+01
7.200000e+01,2.550827e+03,8.791027e-01,5.272030e-01,1.894363e+01,-1.000000e+00,9.473434e+00,-1.000000e+00,-5.604486e+00
7.300000e+01,2.844875e+03,-1.000000e+00,5.271803e-01,1.008174e+01,7.403690e-01,9.078258e+00,9.007679e-01,3.205685e+00
7.400000e+01,2.702383e+03,-1.000000e+00,5.272067e-01,2.183054e+01,-1.000000e+00,9.527949e+00,-1.000000e+00,-1.500000e+01
7.500000e+01,2.516825e+03,-1.000000e+00,5.271857e-01,1.126218e+01,6.585286e-01,9.174765e+00,9.188758e-01,2.887022e+00
7.600000e+01,3.120548e+03,-1.000000e+00,5.271873e-01,2.088556e+01,-1.000000e+00,9.514510e+00,-1.000000e+00,-1.500000e+01
7.700000e+01,2.938819e+03,-1.000000e+00,5.272337e-01,2.032150e+01,-1.000000e+00,9.506836e+00,-1.000000e+00,-1.500000e+01
7.800000e+01,2.999736e+03,-1.000000e+00,5.272203e-01,1.875290e+01,-1.000000e+00,9.455786e+00,-1.000000e+00,-1.500000e+01
7.900000e+01,2.664313e+03,-1.000000e+00,5.271863e-01,9.021154e+00,7.278723e-01,8.983620e+00,8.730543e-01,3.004633e+00
8.000000e+01,2.647090e+03,8.813846e-01,5.271600e-01,1.910552e+01,-1.000000e+00,9.480191e+00,-1.000000e+00,-5.593077e+00
8.100000e+01,2.547336e+03,-1.000000e+00,5.271730e-01,2.304920e+01,-1.000000e+00,9.547814e+00,-1.000000e+00,-1.500000e+01
8.200000e+01,2.887093e+03,-1.000000e+00,5.272027e-01,1.961320e+01,-1.000000e+00,9.484710e+00,-1.000000e+00,-1.500000e+01
8.300000e+01,2.707469e+03,-1.000000e+00,5.271833e-01,1.515651e+01,-1.000000e+00,9.360772e+00,-1.000000e+00,-1.500000e+01
8.400000e+01,2.669385e+03,-1.000000e+00,5.272133e-01,2.349456e+01,-1.000000e+00,9.563906e+00,-1.000000e+00,-1.500000e+01
8.500000e+01,2.885628e+03,-1.000000e+00,5.271903e-01,1.847552e+01,-1.000000e+00,9.467237e+00,-1.000000e+00,-1.500000e+01
8.600000e+01,3.011404e+03,-1.000000e+00,5.272490e-01,1.761654e+01,-1.000000e+00,9.444406e+00,-1.000000e+00,-1.500000e+01
8.700000e+01,3.055625e+03,-1.000000e+00,5.271637e-01,1.733731e+01,-1.000000e+00,9.438030e+00,-1.000000e+00,-1.500000e+01
8.800000e+01,2.889063e+03,-1.000000e+00,5.271953e-01,1.374102e+01,-1.000000e+00,9.300899e+00,8.579333e-01,-5.710334e+00
8.900000e+01,2.452541e+03,-1.000000e+00,5.271027e-01,2.093517e+01,-1.000000e+00,9.515087e+00,-1.000000e+00,-1.500000e+01
9.000000e+01,2.903509e+03,-1.000000e+00,5.271943e-01,2.568788e+01,-1.000000e+00,9.585927e+00,-1.000000e+00,-1.500000e+01
9.100000e+01,2.993459e+03,-1.000000e+00,5.271827e-01,1.861101e+01,-1.000000e+00,9.461056e+00,-1.000000e+00,-1.500000e+01
9.200000e+01,3.108473e+03,-1.000000e+00,5.271823e-01,2.343824e+01,-1.000000e+00,9.548064e+00,-1.000000e+00,-1.500000e+01
9.300000e+01,3.113765e+03,-1.000000e+00,5.271910e-01,1.961345e+01,-1.000000e+00,9.488735e+00,-1.000000e+00,-1.500000e+01
9.400000e+01,3.186093e+03,-1.000000e+00,5.271697e-01,9.203985e+00,7.644142e-01,9.007891e+00,8.764320e-01,3.204231e+00
9.500000e+01,2.450170e+03,-1.000000e+00,5.271977e-01,2.031832e+01,-1.000000e+00,9.504321e+00,-1.000000e+00,-1.500000e+01
9.600000e+01,2.451913e+03,-1.000000e+00,5.272353e-01,1.858217e+01,-1.000000e+00,9.474647e+00,-1.000000e+00,-1.500000e+01
9.700000e+01,2.636614e+03,8.939193e-01,5.272493e-01,2.271288e+01,-1.000000e+00,9.546252e+00,-1.000000e+00,-5.530404e+00
9.800000e+01,2.851092e+03,-1.000000e+00,5.271727e-01,2.239019e+01,-1.000000e+00,9.535064e+00,-1.000000e+00,-1.500000e+01
9.900000e+01,2.561695e+03,8.917602e-01,5.272327e-01,1.931309e+01,-1.000000e+00,9.484689e+00,-1.000000e+00,-5.541199e+00
1.000000e+02,2.596623e+03,9.652139e-01,5.272757e-01,1.853729e+01,-1.000000e+00,9.458695e+00,-1.000000e+00,-5.173931e+00
1.010000e+02,2.622215e+03,9.153865e-01,5.271623e-01,1.018753e+01,7.127970e-01,9.081890e+00,9.090560e-01,1.268620e+01
1.020000e+02,2.573367e+03,9.080921e-01,5.272283e-01,9.350768e+00,7.564982e-01,9.023300e+00,8.882538e-01,1.276422e+01
1.030000e+02,2.556191e+03,8.851072e-01,5.271737e-01,9.377645e+00,7.587066e-01,9.031060e+00,8.876877e-01,1.265751e+01
1.040000e+02,2.579747e+03,9.188993e-01,5.271833e-01,9.316107e+00,7.355140e-01,9.015045e+00,8.867385e-01,1.270576e+01
1.050000e+02,2.590032e+03,9.416922e-01,5.271437e-01,9.347999e+00,7.538585e-01,9.019898e+00,8.869564e-01,1.291254e+01
1.060000e+02,2.609947e+03,9.417508e-01,5.272267e-01,9.390524e+00,7.645779e-01,9.028755e+00,8.878973e-01,1.297113e+01
1.070000e+02,2.586562e+03,9.329307e-01,5.271580e-01,9.170947e+00,7.377446e-01,9.004973e+00,8.818585e-01,1.276267e+01
1.080000e+02,2.579504e+03,9.184533e-01,5.272343e-01,9.063490e+00,7.272714e-01,8.980952e+00,8.729552e-01,1.259340e+01
1.090000e+02,2.582479e+03,9.241378e-01,5.271623e-01,9.332352e+00,7.649532e-01,9.015810e+00,8.853529e-01,1.287222e+01
1.100000e+02,2.611603e+03,9.373800e-01,5.272107e-01,9.276928e+00,7.448513e-01,9.007969e+00,8.818195e-01,1.282025e+01
1.110000e+02,2.577846e+03,9.154928e-01,5.272310e-01,8.910720e+00,7.239356e-01,8.974767e+00,8.701123e-01,1.254770e+01
1.120000e+02,2.587873e+03,9.360715e-01,5.271637e-01,9.678666e+00,7.707033e-01,9.057485e+00,8.982214e-01,1.302498e+01
1.130000e+02,2.542468e+03,-1.000000e+00,5.272250e-01,9.574588e+00,7.856360e-01,9.047223e+00,8.919685e-01,3.388022e+00
1.140000e+02,2.567851e+03,8.999297e-01,5.271423e-01,9.190898e+00,7.512497e-01,9.008012e+00,8.834559e-01,1.267318e+01
1.150000e+02,2.609688e+03,9.424707e-01,5.271727e-01,9.455452e+00,7.745783e-01,9.034149e+00,8.894139e-01,1.303231e+01
1.160000e+02,2.571072e+03,9.045841e-01,5.271527e-01,9.388745e+00,7.700168e-01,9.019359e+00,8.877689e-01,1.281185e+01
1.170000e+02,2.577266e+03,9.144882e-01,5.272073e-01,8.778548e+00,7.173317e-01,8.959738e+00,8.649301e-01,1.248375e+01
1.180000e+02,2.581440e+03,9.220930e-01,5.271417e-01,9.825406e+00,7.756538e-01,9.068259e+00,9.011061e-01,1.299426e+01
1.190000e+02,2.617424e+03,9.243320e-01,5.272453e-01,9.013462e+00,7.576250e-01,8.990388e+00,8.704466e-01,1.276202e+01
1.200000e+02,2.557568e+03,8.867214e-01,5.271197e-01,9.640005e+00,7.857682e-01,9.056825e+00,8.944870e-01,1.283488e+01
1.210000e+02,2.580284e+03,9.198952e-01,5.271863e-01,9.512433e+00,7.704617e-01,9.047753e+00,8.872349e-01,1.288796e+01
1.220000e+02,2.577309e+03,9.145616e-01,5.271697e-01,9.680560e+00,7.451200e-01,9.052660e+00,9.010993e-01,1.280390e+01
1.230000e+02,2.593721e+03,9.531575e-01,5.271203e-01,9.353841e+00,7.347763e-01,9.032183e+00,8.884129e-01,1.288173e+01
1.240000e+02,2.581021e+03,9.212864e-01,5.272113e-01,9.901168e+00,7.237522e-01,9.078884e+00,9.045306e-01,1.274785e+01
1.250000e+02,2.586811e+03,9.335120e-01,5.271853e-01,9.158152e+00,7.641394e-01,9.007158e+00,8.768628e-01,1.287257e+01
1.260000e+02,2.623905e+03,9.125031e-01,5.271647e-01,9.287411e+00,7.662907e-01,9.008469e+00,8.828240e-01,1.280809e+01
1.270000e+02,2.577536e+03,9.149539e-01,5.272100e-01,9.536895e+00,7.609082e-01,9.031955e+00,8.935225e-01,1.284692e+01
1.280000e+02,2.584693e+03,9.287400e-01,5.271690e-01,9.029001e+00,7.372909e-01,8.991725e+00,8.779140e-01,1.271972e+01
1.290000e+02,2.584183e+03,9.276465e-01,5.271723e-01,1.048630e+01,6.885326e-01,9.103536e+00,9.183588e-01,1.267269e+01
1.300000e+02,2.623777e+03,9.127180e-01,5.271177e-01,1.007121e+01,7.234242e-01,9.089219e+00,9.121449e-01,1.274144e+01
1.310000e+02,2.560451e+03,8.902075e-01,5.272283e-01,9.224288e+00,7.473708e-01,9.016841e+00,8.829113e-01,1.260245e+01
1.320000e+02,2.602353e+03,9.707957e-01,5.271270e-01,1.009383e+01,7.308027e-01,9.080992e+00,9.055869e-01,1.303593e+01
1.330000e+02,2.588003e+03,9.363915e-01,5.271980e-01,9.603880e+00,7.801501e-01,9.059071e+00,8.961954e-01,1.306369e+01
1.340000e+02,2.577710e+03,9.152554e-01,5.272263e-01,9.526806e+00,7.720993e-01,9.038746e+00,8.957962e-01,1.291575e+01
1.350000e+02,2.610739e+03,9.396119e-01,5.271863e-01,9.444796e+00,7.834859e-01,9.031259e+00,8.833981e-01,1.303248e+01
1.360000e+02,2.590947e+03,9.442801e-01,5.272613e-01,8.946353e+00,7.312714e-01,8.980004e+00,8.725675e-01,1.274059e+01
1.370000e+02,2.570522e+03,9.037679e-01,5.271813e-01,1.081014e+01,6.837515e-01,9.137575e+00,9.288712e-01,1.258195e+01
1.380000e+02,2.569279e+03,9.019572e-01,5.272250e-01,9.303603e+00,7.419279e-01,9.025811e+00,8.837429e-01,1.263814e+01
1.390000e+02,2.632984e+03,8.987694e-01,5.271623e-01,9.887887e+00,7.622842e-01,9.068980e+00,8.974106e-01,1.279232e+01
1.400000e+02,2.566108e+03,8.975267e-01,5.272060e-01,9.388532e+00,7.627072e-01,9.030736e+00,8.902699e-01,1.275252e+01
1.410000e+02,2.615370e+03,9.286021e-01,5.271563e-01,1.005777e+01,7.362945e-01,9.077048e+00,9.062950e-01,1.285596e+01
1.420000e+02,2.604218e+03,9.612803e-01,5.271610e-01,9.668856e+00,7.608920e-01,9.049271e+00,8.980287e-01,1.310100e+01
1.430000e+02,2.593000e+03,9.506728e-01,5.271687e-01,9.558347e+00,7.664573e-01,9.035503e+00,8.939445e-01,1.305537e+01
1.440000e+02,2.566782e+03,8.984473e-01,5.272093e-01,9.451991e+00,7.677182e-01,9.027622e+00,8.910403e-01,1.278603e+01
1.450000e+02,2.580472e+03,9.202475e-01,5.272107e-01,9.446741e+00,7.786434e-01,9.039511e+00,8.882840e-01,1.293587e+01
1.460000e+02,2.590844e+03,9.439812e-01,5.271590e-01,1.065640e+01,6.884003e-01,9.127493e+00,9.191198e-01,1.275751e+01
1.470000e+02,2.556647e+03,8.856388e-01,5.271637e-01,9.440777e+00,7.577539e-01,9.036972e+00,8.884411e-01,1.265917e+01
1.480000e+02,2.601783e+03,9.744830e-01,5.272173e-01,1.044668e+01,7.148359e-01,9.105252e+00,9.106769e-01,1.299998e+01
1.490000e+02,2.576623e+03,9.133900e-01,5.270657e-01,9.492687e+00,7.812299e-01,9.040441e+00,8.811846e-01,1.287902e+01
1.500000e+02,2.573130e+03,9.077212e-01,5.272420e-01,9.509407e+00,7.797469e-01,9.038464e+00,8.865020e-01,1.286985e+01
1.510000e+02,2.547171e+03,-1.000000e+00,5.272107e-01,8.545513e+00,7.031340e-01,8.945696e+00,8.615756e-01,2.823548e+00
1.520000e+02,2.568466e+03,9.007962e-01,5.272057e-01,9.723152e+00,8.034690e-01,9.072288e+00,8.918534e-01,1.298059e+01
1.530000e+02,2.548586e+03,-1.000000e+00,5.272210e-01,9.354553e+00,7.483752e-01,9.017192e+00,8.847205e-01,3.165479e+00
1.540000e+02,2.618828e+03,9.215755e-01,5.272337e-01,9.461895e+00,7.893773e-01,9.025981e+00,8.867336e-01,1.298843e+01
1.550000e+02,2.591364e+03,9.455084e-01,5.271123e-01,9.855277e+00,7.546409e-01,9.058290e+00,8.987461e-01,1.299448e+01
1.560000e+02,2.614974e+03,9.294637e-01,5.271807e-01,9.924072e+00,7.428755e-01,9.064706e+00,9.013572e-01,1.286848e+01
1.570000e+02,2.578602e+03,9.168255e-01,5.272010e-01,8.989407e+00,7.382618e-01,8.984562e+00,8.741903e-01,1.264639e+01
1.580000e+02,2.585191e+03,9.298264e-01,5.272263e-01,9.311865e+00,7.644103e-01,9.017385e+00,8.847202e-01,1.289478e+01
1.590000e+02,2.655407e+03,-1.000000e+00,5.271223e-01,9.505253e+00,7.656963e-01,9.040162e+00,8.914676e-01,3.285819e+00
1.600000e+02,2.580131e+03,9.196099e-01,5.272767e-01,9.730251e+00,7.922322e-01,9.064647e+00,8.930979e-01,1.302470e+01
1.610000e+02,2.624399e+03,9.116836e-01,5.271383e-01,9.393340e+00,7.655078e-01,9.035872e+00,8.855310e-01,1.281361e+01
1.620000e+02,2.621469e+03,9.167001e-01,5.271793e-01,9.216607e+00,7.529511e-01,9.011697e+00,8.801965e-01,1.274924e+01
1.630000e+02,2.578033e+03,9.158195e-01,5.271927e-01,9.899335e+00,7.135526e-01,9.065543e+00,9.080818e-01,1.268727e+01
1.640000e+02,2.596581e+03,9.650062e-01,5.271780e-01,9.103871e+00,7.430464e-01,8.987737e+00,8.768331e-01,1.292443e+01
1.650000e+02,2.566064e+03,8.974677e-01,5.272133e-01,9.565925e+00,7.654039e-01,9.046855e+00,8.920700e-01,1.277471e+01
1.660000e+02,2.600526e+03,9.859734e-01,5.271977e-01,9.514216e+00,7.819679e-01,9.035192e+00,8.916730e-01,1.329807e+01
1.670000e+02,2.563954e+03,8.946592e-01,5.272090e-01,8.639829e+00,7.056779e-01,8.952868e+00,8.633958e-01,1.231866e+01
1.680000e+02,2.600594e+03,9.851064e-01,5.271537e-01,9.341443e+00,7.661367e-01,9.024335e+00,8.850265e-01,1.318135e+01
1.690000e+02,2.600439e+03,9.871760e-01,5.271570e-01,8.868284e+00,7.459725e-01,8.986659e+00,8.715103e-01,1.302329e+01
1.700000e+02,2.568721e+03,9.011588e-01,5.271737e-01,9.749270e+00,7.576635e-01,9.054604e+00,8.978770e-01,1.278350e+01
1.710000e+02,2.613243e+03,9.333850e-01,5.271843e-01,9.853771e+00,7.847187e-01,9.072280e+00,8.930520e-01,1.305578e+01
1.720000e+02,2.574409e+03,9.097448e-01,5.271800e-01,1.062329e+01,6.993171e-01,9.121796e+00,9.207169e-01,1.264889e+01
1.730000e+02,2.631218e+03,9.012455e-01,5.272420e-01,9.417251e+00,7.657499e-01,9.028096e+00,8.862527e-01,1.276624e+01
1.740000e+02,2.591747e+03,9.466643e-01,5.271863e-01,9.819656e+00,7.608727e-01,9.067517e+00,8.993930e-01,1.303465e+01
1.750000e+02,2.557566e+03,8.867189e-01,5.272193e-01,8.971697e+00,7.166974e-01,8.980472e+00,8.682752e-01,1.235846e+01
1.760000e+02,2.599979e+03,9.971801e-01,5.272600e-01,9.086393e+00,7.331055e-01,8.999199e+00,8.776050e-01,1.303945e+01
1.770000e+02,2.602883e+03,9.677731e-01,5.271520e-01,9.599235e+00,7.763921e-01,9.049702e+00,8.901459e-01,1.317156e+01
1.780000e+02,2.589267e+03,9.396291e-01,5.272170e-01,9.954234e+00,7.311233e-01,9.078794e+00,9.072365e-01,1.288994e+01
1.790000e+02,2.578248e+03,9.161980e-01,5.271187e-01,9.152151e+00,7.527374e-01,9.012687e+00,8.801539e-01,1.274545e+01
1.800000e+02,2.575068e+03,9.108095e-01,5.271777e-01,9.525253e+00,7.774231e-01,9.029482e+00,8.919874e-01,1.290110e+01
1.810000e+02,2.617695e+03,9.237898e-01,5.272670e-01,9.629179e+00,7.810038e-01,9.048118e+00,8.922005e-01,1.298497e+01
1.820000e+02,2.587550e+03,9.352809e-01,5.272103e-01,9.724002e+00,7.533324e-01,9.059475e+00,8.972038e-01,1.292908e+01
1.830000e+02,2.592598e+03,9.493471e-01,5.272170e-01,9.910738e+00,7.526152e-01,9.069286e+00,9.021586e-01,1.302060e+01
1.840000e+02,2.643152e+03,8.858737e-01,5.272223e-01,1.012913e+01,7.036804e-01,9.080710e+00,9.122716e-01,1.250913e+01
1.850000e+02,2.604837e+03,9.586521e-01,5.272743e-01,9.544390e+00,8.032922e-01,9.034982e+00,8.857008e-01,1.323823e+01
1.860000e+02,2.621157e+03,9.172566e-01,5.271370e-01,8.538000e+00,6.925542e-01,8.953426e+00,8.663498e-01,1.238080e+01
1.870000e+02,2.569861e+03,9.027992e-01,5.272770e-01,9.569347e+00,7.831829e-01,9.050642e+00,8.902400e-01,1.288111e+01
1.880000e+02,2.565902e+03,8.972477e-01,5.271497e-01,1.011643e+01,7.125440e-01,9.067565e+00,9.076090e-01,1.258700e+01
1.890000e+02,2.620247e+03,9.189099e-01,5.271580e-01,9.278472e+00,7.638860e-01,9.015835e+00,8.831409e-01,1.282968e+01
1.900000e+02,2.594629e+03,9.565268e-01,5.272360e-01,9.141233e+00,7.456509e-01,9.005517e+00,8.819768e-01,1.292077e+01
1.910000e+02,2.576921e+03,9.138968e-01,5.272480e-01,9.281271e+00,7.604793e-01,9.028175e+00,8.876677e-01,1.281022e+01
1.920000e+02,2.609477e+03,9.430649e-01,5.271733e-01,9.365420e+00,7.560193e-01,9.029327e+00,8.927481e-01,1.295916e+01
1.930000e+02,2.604488e+03,9.601122e-01,5.271937e-01,8.944008e+00,7.059059e-01,8.973036e+00,8.667698e-01,1.266394e+01
1.940000e+02,2.604053e+03,9.620170e-01,5.271790e-01,9.520084e+00,7.733689e-01,9.027965e+00,8.916584e-01,1.313522e+01
1.950000e+02,2.615117e+03,9.291510e-01,5.271873e-01,9.059428e+00,7.248401e-01,9.007098e+00,8.803981e-01,1.267195e+01
1.960000e+02,2.569872e+03,9.028153e-01,5.272127e-01,9.103179e+00,7.495023e-01,8.996660e+00,8.797695e-01,1.266044e+01
1.970000e+02,2.601625e+03,9.756095e-01,5.272677e-01,9.556767e+00,7.654324e-01,9.028731e+00,8.915417e-01,1.316292e+01
1.980000e+02,2.627039e+03,9.074587e-01,5.271843e-01,9.431048e+00,7.718368e-01,9.027908e+00,8.899670e-01,1.284631e+01
1.990000e+02,2.584740e+03,9.288408e-01,5.271497e-01,8.676310e+00,7.145177e-01,8.954101e+00,8.658562e-01,1.254607e+01
2.000000e+02,2.609018e+03,9.443823e-01,5.271880e-01,9.601617e+00,7.801335e-01,9.044977e+00,8.953184e-01,1.309917e+01
2.010000e+02,2.584036e+03,9.273362e-01,5.271720e-01,1.015019e+01,6.977379e-01,9.081663e+00,9.120610e-01,1.268568e+01
2.020000e+02,2.618423e+03,9.223583e-01,5.271913e-01,9.820926e+00,7.549035e-01,9.073663e+00,9.003502e-01,1.288806e+01
2.030000e+02,2.601906e+03,9.736367e-01,5.272147e-01,9.969882e+00,7.296508e-01,9.076317e+00,9.096372e-01,1.306462e+01
2.040000e+02,2.574107e+03,9.092615e-01,5.272490e-01,9.232335e+00,7.311364e-01,9.013135e+00,8.849461e-01,1.262672e+01
2.050000e+02,2.596825e+03,9.662369e-01,5.272083e-01,9.297874e+00,7.531832e-01,9.000727e+00,8.807231e-01,1.300072e+01
2.060000e+02,2.562882e+03,8.932694e-01,5.272723e-01,9.236523e+00,7.438654e-01,9.024591e+00,8.821037e-01,1.259619e+01
2.070000e+02,2.636333e+03,8.942846e-01,5.272580e-01,1.250423e+01,6.172515e-01,9.237188e+00,8.847145e-01,1.198125e+01
2.080000e+02,2.594294e+03,9.552487e-01,5.271920e-01,9.137186e+00,7.436219e-01,9.005814e+00,8.836522e-01,1.291261e+01
2.090000e+02,2.593350e+03,9.518618e-01,5.271737e-01,9.011709e+00,7.378809e-01,8.984919e+00,8.761596e-01,1.282951e+01
2.100000e+02,2.580848e+03,9.209569e-01,5.272583e-01,1.101956e+01,6.617827e-01,9.157146e+00,9.298004e-01,1.256270e+01
2.110000e+02,2.595922e+03,9.619054e-01,5.271863e-01,9.876269e+00,7.343663e-01,9.060881e+00,9.004572e-01,1.298364e+01
2.120000e+02,2.621088e+03,9.173814e-01,5.271933e-01,9.426146e+00,7.753921e-01,9.023260e+00,8.851332e-01,1.288953e+01
2.130000e+02,2.623481e+03,9.132142e-01,5.272513e-01,9.519881e+00,7.721580e-01,9.032153e+00,8.933414e-01,1.289357e+01
2.140000e+02,2.578221e+03,9.161499e-01,5.272230e-01,9.739768e+00,7.595813e-01,9.039512e+00,8.952451e-01,1.285488e+01
2.150000e+02,2.578944e+03,9.174377e-01,5.271547e-01,9.356342e+00,7.537364e-01,9.022277e+00,8.882215e-01,1.279698e+01
2.160000e+02,2.593954e+03,9.539954e-01,5.271843e-01,9.492364e+00,7.517801e-01,9.039164e+00,8.886510e-01,1.297213e+01
2.170000e+02,2.589698e+03,9.407821e-01,5.272083e-01,9.269413e+00,7.388933e-01,9.019000e+00,8.807976e-01,1.280236e+01
2.180000e+02,2.573743e+03,9.086830e-01,5.272693e-01,9.107872e+00,7.273960e-01,8.987031e+00,8.724845e-01,1.254282e+01
2.190000e+02,2.571336e+03,9.049784e-01,5.271560e-01,9.094070e+00,7.394454e-01,9.002862e+00,8.811836e-01,1.262804e+01
2.200000e+02,2.600720e+03,9.836278e-01,5.272000e-01,1.020229e+01,7.086665e-01,9.087010e+00,9.109776e-01,1.301636e+01
2.210000e+02,2.618625e+03,9.219678e-01,5.271827e-01,1.190186e+01,6.282368e-01,9.209901e+00,8.964026e-01,1.223304e+01
2.220000e+02,2.591266e+03,9.452163e-01,5.271390e-01,1.125959e+01,6.755172e-01,9.172815e+00,9.104940e-01,1.265614e+01
2.230000e+02,2.605475e+03,9.561264e-01,5.271813e-01,9.475760e+00,7.656567e-01,9.027027e+00,8.911821e-01,1.306483e+01
2.240000e+02,2.602157e+03,9.720016e-01,5.272007e-01,8.942817e+00,7.286530e-01,8.981460e+00,8.739992e-01,1.287327e+01
2.250000e+02,2.571142e+03,9.046883e-01,5.271363e-01,1.010553e+01,7.387282e-01,9.090396e+00,9.031707e-01,1.273294e+01
2.260000e+02,2.594696e+03,9.567864e-01,5.272227e-01,9.765672e+00,7.857425e-01,9.061593e+00,8.963033e-01,1.319416e+01
2.270000e+02,2.632581e+03,8.993272e-01,5.271023e-01,1.079987e+01,6.877213e-01,9.138923e+00,9.259626e-01,1.256506e+01
2.280000e+02,2.618193e+03,9.228068e-01,5.272317e-01,9.532474e+00,7.716238e-01,9.039244e+00,8.909925e-01,1.292712e+01
2.290000e+02,2.592154e+03,9.479278e-01,5.271470e-01,9.257997e+00,7.549924e-01,9.009930e+00,8.820564e-01,1.292488e+01
2.300000e+02,2.574569e+03,9.100015e-01,5.272027e-01,9.163172e+00,7.275933e-01,9.012120e+00,8.861652e-01,1.261880e+01
2.310000e+02,2.616070e+03,9.271123e-01,5.272907e-01,9.389813e+00,7.669677e-01,9.021432e+00,8.870111e-01,1.290546e+01
2.320000e+02,2.595771e+03,9.612334e-01,5.271880e-01,9.902304e+00,7.513110e-01,9.064580e+00,9.036685e-01,1.308106e+01
2.330000e+02,2.617891e+03,9.234014e-01,5.272453e-01,9.695098e+00,7.537101e-01,9.052532e+00,8.983627e-01,1.287737e+01
2.340000e+02,2.608031e+03,9.473496e-01,5.272193e-01,9.263001e+00,7.431710e-01,9.010555e+00,8.828924e-01,1.286707e+01
2.350000e+02,2.605629e+03,9.555380e-01,5.271547e-01,9.419623e+00,7.499121e-01,9.041642e+00,8.937463e-01,1.299598e+01
2.360000e+02,2.646056e+03,8.825403e-01,5.272333e-01,9.460359e+00,7.580212e-01,9.039253e+00,8.888838e-01,1.264723e+01
2.370000e+02,2.615950e+03,9.273658e-01,5.272477e-01,9.628465e+00,7.842289e-01,9.042876e+00,8.941806e-01,1.302888e+01
2.380000e+02,2.617630e+03,9.239189e-01,5.271353e-01,9.266882e+00,7.747705e-01,9.031688e+00,8.765599e-01,1.287625e+01
2.390000e+02,2.590263e+03,9.423332e-01,5.271960e-01,9.876027e+00,7.256331e-01,9.062143e+00,9.065723e-01,1.287269e+01
2.400000e+02,2.585676e+03,9.309039e-01,5.272533e-01,9.281734e+00,7.651990e-01,9.014398e+00,8.816095e-01,1.288856e+01
2.410000e+02,2.643323e+03,8.856732e-01,5.271903e-01,9.452047e+00,7.859669e-01,9.031275e+00,8.899132e-01,1.280777e+01
2.420000e+02,2.601227e+03,9.787402e-01,5.271920e-01,9.784852e+00,7.530310e-01,9.047972e+00,8.984871e-01,1.315129e+01
2.430000e+02,2.554386e+03,8.830392e-01,5.270873e-01,9.445726e+00,7.472524e-01,9.043101e+00,8.911598e-01,1.260726e+01
2.440000e+02,2.597235e+03,9.684193e-01,5.272350e-01,9.817772e+00,7.729301e-01,9.067025e+00,8.979289e-01,1.319639e+01
2.450000e+02,2.615053e+03,9.292903e-01,5.272247e-01,9.817950e+00,7.530041e-01,9.055728e+00,8.974437e-01,1.289869e+01
2.460000e+02,2.614088e+03,9.314373e-01,5.271303e-01,1.345182e+01,-1.000000e+00,9.287581e+00,8.637405e-01,3.975889e+00
2.470000e+02,2.569233e+03,9.018914e-01,5.271517e-01,8.905055e+00,7.198165e-01,8.963391e+00,8.655966e-01,1.243652e+01
2.480000e+02,2.570174e+03,9.032567e-01,5.271800e-01,1.002109e+01,7.240256e-01,9.087646e+00,9.062271e-01,1.266755e+01
2.490000e+02,2.603173e+03,9.662464e-01,5.272357e-01,9.447562e+00,7.656757e-01,9.032585e+00,8.905674e-01,1.311245e+01
2.500000e+02,2.631188e+03,9.012886e-01,5.271893e-01,9.640350e+00,7.979216e-01,9.049837e+00,8.884243e-01,1.293817e+01
2.510000e+02,2.572535e+03,9.068001e-01,5.272440e-01,9.254682e+00,7.476568e-01,9.013588e+00,8.844306e-01,1.269444e+01
2.520000e+02,2.630814e+03,9.018238e-01,5.272193e-01,9.215520e+00,7.454793e-01,9.011448e+00,8.805345e-01,1.263919e+01
2.530000e+02,2.590235e+03,9.422550e-01,5.271723e-01,9.040500e+00,7.180357e-01,8.998227e+00,8.801630e-01,1.270227e+01
2.540000e+02,2.623984e+03,9.123715e-01,5.271637e-01,9.665110e+00,7.600675e-01,9.055798e+00,8.977150e-01,1.285077e+01
2.550000e+02,2.566039e+03,8.974336e-01,5.272170e-01,9.490640e+00,7.715882e-01,9.034886e+00,8.940103e-01,1.281516e+01
2.560000e+02,2.609857e+03,9.419979e-01,5.272747e-01,9.715723e+00,7.399875e-01,9.049862e+00,9.001305e-01,1.291058e+01
