# step_count,fitted_elastic_modulus,elastic_modulus_match_degree,average_bond_length,average_persistence_length,persistence_length_match_degree,average_end_to_end_distance,end_to_end_distance_match_degree,reward_value
1.000000e+00,2.457605e+03,-1.000000e+00,5.272263e-01,2.479729e+01,-1.000000e+00,9.576752e+00,-1.000000e+00,-1.500000e+01
2.000000e+00,2.761618e+03,-1.000000e+00,5.271237e-01,1.954243e+01,-1.000000e+00,9.487825e+00,-1.000000e+00,-1.500000e+01
3.000000e+00,2.715333e+03,-1.000000e+00,5.272387e-01,1.564300e+01,-1.000000e+00,9.384760e+00,-1.000000e+00,-1.500000e+01
4.000000e+00,3.131621e+03,-1.000000e+00,5.271460e-01,2.208093e+01,-1.000000e+00,9.543589e+00,-1.000000e+00,-1.500000e+01
5.000000e+00,2.982737e+03,-1.000000e+00,5.272183e-01,1.988702e+01,-1.000000e+00,9.500111e+00,-1.000000e+00,-1.500000e+01
6.000000e+00,2.778154e+03,-1.000000e+00,5.271987e-01,1.924582e+01,-1.000000e+00,9.478548e+00,-1.000000e+00,-1.500000e+01
7.000000e+00,2.981330e+03,-1.000000e+00,5.271273e-01,1.769963e+01,-1.000000e+00,9.443866e+00,-1.000000e+00,-1.500000e+01
8.000000e+00,2.651887e+03,-1.000000e+00,5.272360e-01,1.829249e+01,-1.000000e+00,9.461334e+00,-1.000000e+00,-1.500000e+01
9.000000e+00,2.998447e+03,-1.000000e+00,5.271490e-01,1.581926e+01,-1.000000e+00,9.384140e+00,-1.000000e+00,-1.500000e+01
1.000000e+01,2.850986e+03,-1.000000e+00,5.270853e-01,1.050286e+01,7.143026e-01,9.121615e+00,9.145587e-01,3.144306e+00
1.100000e+01,2.909220e+03,-1.000000e+00,5.272760e-01,1.386132e+01,-1.000000e+00,9.305553e+00,8.573554e-01,-5.713223e+00
1.200000e+01,2.977946e+03,-1.000000e+00,5.272063e-01,1.876968e+01,-1.000000e+00,9.478528e+00,-1.000000e+00,-1.500000e+01
1.300000e+01,3.111730e+03,-1.000000e+00,5.271453e-01,1.181447e+01,6.344128e-01,9.208430e+00,8.960910e-01,2.652519e+00
1.400000e+01,2.788693e+03,-1.000000e+00,5.271890e-01,1.411169e+01,-1.000000e+00,9.321451e+00,-1.000000e+00,-1.500000e+01
1.500000e+01,3.225564e+03,-1.000000e+00,5.272280e-01,1.061679e+01,6.731000e-01,9.134825e+00,9.321772e-01,3.026386e+00
1.600000e+01,3.139291e+03,-1.000000e+00,5.271693e-01,2.553067e+01,-1.000000e+00,9.589596e+00,-1.000000e+00,-1.500000e+01
1.700000e+01,2.796280e+03,-1.000000e+00,5.271477e-01,2.086977e+01,-1.000000e+00,9.515763e+00,-1.000000e+00,-1.500000e+01
1.800000e+01,2.647903e+03,8.804863e-01,5.272197e-01,2.194240e+01,-1.000000e+00,9.534755e+00,-1.000000e+00,-5.597569e+00
1.900000e+01,2.750411e+03,-1.000000e+00,5.272500e-01,1.493761e+01,-1.000000e+00,9.362661e+00,-1.000000e+00,-1.500000e+01
2.000000e+01,2.735110e+03,-1.000000e+00,5.271993e-01,1.698450e+01,-1.000000e+00,9.422474e+00,-1.000000e+00,-1.500000e+01
2.100000e+01,2.670742e+03,-1.000000e+00,5.271907e-01,2.217210e+01,-1.000000e+00,9.537525e+00,-1.000000e+00,-1.500000e+01
2.200000e+01,2.561086e+03,8.909957e-01,5.271320e-01,2.238038e+01,-1.000000e+00,9.545228e+00,-1.000000e+00,-5.545021e+00
2.300000e+01,2.772136e+03,-1.000000e+00,5.271253e-01,1.797818e+01,-1.000000e+00,9.450189e+00,-1.000000e+00,-1.500000e+01
2.400000e+01,2.875550e+03,-1.000000e+00,5.271620e-01,1.922717e+01,-1.000000e+00,9.481053e+00,-1.000000e+00,-1.500000e+01
2.500000e+01,2.579722e+03,9.188522e-01,5.272013e-01,2.199213e+01,-1.000000e+00,9.526044e+00,-1.000000e+00,-5.405739e+00
2.600000e+01,2.777404e+03,-1.000000e+00,5.271330e-01,1.050144e+01,7.076402e-01,9.115900e+00,9.167903e-01,3.122152e+00
2.700000e+01,2.588713e+03,9.381856e-01,5.272603e-01,2.385676e+01,-1.000000e+00,9.567569e+00,-1.000000e+00,-5.309072e+00
2.800000e+01,2.917653e+03,-1.000000e+00,5.271957e-01,2.191433e+01,-1.000000e+00,9.538647e+00,-1.000000e+00,-1.500000e+01
2.900000e+01,2.833405e+03,-1.000000e+00,5.271697e-01,1.866890e+01,-1.000000e+00,9.476708e+00,-1.000000e+00,-1.500000e+01
3.000000e+01,2.470128e+03,-1.000000e+00,5.272233e-01,1.429722e+01,-1.000000e+00,9.328085e+00,-1.000000e+00,-1.500000e+01
3.100000e+01,2.946240e+03,-1.000000e+00,5.272480e-01,1.124935e+01,6.499124e-01,9.168190e+00,9.218079e-01,2.858601e+00
3.200000e+01,3.114393e+03,-1.000000e+00,5.272653e-01,2.333093e+01,-1.000000e+00,9.553090e+00,-1.000000e+00,-1.500000e+01
3.300000e+01,2.873124e+03,-1.000000e+00,5.271907e-01,2.135012e+01,-1.000000e+00,9.519015e+00,-1.000000e+00,-1.500000e+01
3.400000e+01,2.839276e+03,-1.000000e+00,5.271300e-01,2.031362e+01,-1.000000e+00,9.504775e+00,-1.000000e+00,-1.500000e+01
3.500000e+01,2.951949e+03,-1.000000e+00,5.271813e-01,1.352399e+01,-1.000000e+00,9.291720e+00,8.602694e-01,-5.698653e+00
3.600000e+01,3.075247e+03,-1.000000e+00,5.272287e-01,1.281466e+01,6.225507e-01,9.261729e+00,8.698425e-01,2.461966e+00
3.700000e+01,2.805850e+03,-1.000000e+00,5.271350e-01,1.256398e+01,6.196542e-01,9.248726e+00,8.746495e-01,2.471519e+00
3.800000e+01,2.675532e+03,-1.000000e+00,5.272883e-01,1.702488e+01,-1.000000e+00,9.432789e+00,-1.000000e+00,-1.500000e+01
3.900000e+01,3.219264e+03,-1.000000e+00,5.271173e-01,1.403364e+01,-1.000000e+00,9.326445e+00,-1.000000e+00,-1.500000e+01
4.000000e+01,2.737615e+03,-1.000000e+00,5.271570e-01,1.823568e+01,-1.000000e+00,9.447465e+00,-1.000000e+00,-1.500000e+01
4.100000e+01,2.980256e+03,-1.000000e+00,5.272880e-01,1.068754e+01,6.923691e-01,9.137148e+00,9.205068e-01,3.064379e+00
4.200000e+01,2.894014e+03,-1.000000e+00,5.271857e-01,2.369804e+01,-1.000000e+00,9.565968e+00,-1.000000e+00,-1.500000e+01
4.300000e+01,2.921543e+03,-1.000000e+00,5.271713e-01,1.885397e+01,-1.000000e+00,9.469655e+00,-1.000000e+00,-1.500000e+01
4.400000e+01,2.665386e+03,-1.000000e+00,5.271340e-01,1.525966e+01,-1.000000e+00,9.355225e+00,-1.000000e+00,-1.500000e+01
4.500000e+01,2.684189e+03,-1.000000e+00,5.272013e-01,1.971528e+01,-1.000000e+00,9.494762e+00,-1.000000e+00,-1.500000e+01
4.600000e+01,2.831974e+03,-1.000000e+00,5.271747e-01,1.370657e+01,-1.000000e+00,9.293913e+00,8.622100e-01,-5.688950e+00
4.700000e+01,2.661363e+03,-1.000000e+00,5.272100e-01,2.272416e+01,-1.000000e+00,9.552033e+00,-1.000000e+00,-1.500000e+01
4.800000e+01,2.604367e+03,9.606302e-01,5.271710e-01,1.022150e+01,7.330741e-01,9.112225e+00,9.129531e-01,1.303329e+01
4.900000e+01,2.539648e+03,-1.000000e+00,5.271723e-01,9.193804e+00,7.387692e-01,9.015629e+00,8.869295e-01,3.128494e+00
5.000000e+01,2.714578e+03,-1.000000e+00,5.271933e-01,1.847907e+01,-1.000000e+00,9.465693e+00,-1.000000e+00,-1.500000e+01
5.100000e+01,3.037223e+03,-1.000000e+00,5.271927e-01,1.934816e+01,-1.000000e+00,9.482726e+00,-1.000000e+00,-1.500000e+01
5.200000e+01,2.670234e+03,-1.000000e+00,5.271617e-01,1.970447e+01,-1.000000e+00,9.483679e+00,-1.000000e+00,-1.500000e+01
5.300000e+01,2.968803e+03,-1.000000e+00,5.271290e-01,2.263132e+01,-1.000000e+00,9.540737e+00,-1.000000e+00,-1.500000e+01
5.400000e+01,2.469213e+03,-1.000000e+00,5.272240e-01,2.089416e+01,-1.000000e+00,9.514643e+00,-1.000000e+00,-1.500000e+01
5.500000e+01,2.506005e+03,-1.000000e+00,5.272550e-01,1.745438e+01,-1.000000e+00,9.440068e+00,-1.000000e+00,-1.500000e+01
5.600000e+01,2.641825e+03,8.874433e-01,5.272407e-01,1.316618e+01,-1.000000e+00,9.269353e+00,8.694431e-01,3.784432e+00
5.700000e+01,2.904780e+03,-1.000000e+00,5.271290e-01,1.222038e+01,6.267207e-01,9.227773e+00,8.863001e-01,2.565104e+00
5.800000e+01,2.910050e+03,-1.000000e+00,5.271377e-01,2.368297e+01,-1.000000e+00,9.562070e+00,-1.000000e+00,-1.500000e+01
5.900000e+01,2.532892e+03,-1.000000e+00,5.271863e-01,2.240942e+01,-1.000000e+00,9.541077e+00,-1.000000e+00,-1.500000e+01
6.000000e+01,3.060667e+03,-1.000000e+00,5.271980e-01,1.959625e+01,-1.000000e+00,9.491604e+00,-1.000000e+00,-1.500000e+01
6.100000e+01,2.747369e+03,-1.000000e+00,5.272133e-01,1.743586e+01,-1.000000e+00,9.442711e+00,-1.000000e+00,-1.500000e+01
6.200000e+01,2.679212e+03,-1.000000e+00,5.272320e-01,1.220807e+01,6.197275e-01,9.236637e+00,8.827050e-01,2.512163e+00
6.300000e+01,2.480076e+03,-1.000000e+00,5.272550e-01,1.919476e+01,-1.000000e+00,9.471860e+00,-1.000000e+00,-1.500000e+01
6.400000e+01,3.034507e+03,-1.000000e+00,5.272000e-01,2.182996e+01,-1.000000e+00,9.532401e+00,-1.000000e+00,-1.500000e+01
6.500000e+01,2.711407e+03,-1.000000e+00,5.272833e-01,1.317887e+01,-1.000000e+00,9.275443e+00,8.694279e-01,-5.652860e+00
6.600000e+01,2.939126e+03,-1.000000e+00,5.272353e-01,2.062208e+01,-1.000000e+00,9.511262e+00,-1.000000e+00,-1.500000e+01
6.700000e+01,3.063494e+03,-1.000000e+00,5.272210e-01,2.020786e+01,-1.000000e+00,9.498259e+00,-1.000000e+00,-1.500000e+01
6.800000e+01,2.513176e+03,-1.000000e+00,5.271547e-01,2.308800e+01,-1.000000e+00,9.551340e+00,-1.000000e+00,-1.500000e+01
6.900000e+01,2.832704e+03,-1.000000e+00,5.271987e-01,1.873411e+01,-1.000000e+00,9.465185e+00,-1.000000e+00,-1.500000e+01
7.000000e+01,2.575404e+03,9.113587e-01,5.271817e-01,2.254011e+01,-1.000000e+00,9.549145e+00,-1.000000e+00,-5.443206e+00
7.100000e+01,2.580252e+03,9.198348e-01,5.271717e-01,1.651004e+01,-1.000000e+00,9.408676e+00,-1.000000e+00,-5.400826e+00
7.200000e+01,3.150026e+03,-1.000000e+00,5.271590e-01,1.408097e+01,-1.000000e+00,9.311269e+00,8.555486e-01,-5.722257e+00
7.300000e+01,2.669113e+03,-1.000000e+00,5.272263e-01,1.728028e+01,-1.000000e+00,9.432204e+00,-1.000000e+00,-1.500000e+01
7.400000e+01,3.112346e+03,-1.000000e+00,5.271837e-01,1.787295e+01,-1.000000e+00,9.450075e+00,-1.000000e+00,-1.500000e+01
7.500000e+01,3.021022e+03,-1.000000e+00,5.271343e-01,2.083039e+01,-1.000000e+00,9.514575e+00,-1.000000e+00,-1.500000e+01
7.600000e+01,2.818626e+03,-1.000000e+00,5.272137e-01,1.811482e+01,-1.000000e+00,9.450866e+00,-1.000000e+00,-1.500000e+01
7.700000e+01,2.741474e+03,-1.000000e+00,5.271927e-01,2.056872e+01,-1.000000e+00,9.504460e+00,-1.000000e+00,-1.500000e+01
7.800000e+01,3.166097e+03,-1.000000e+00,5.271933e-01,1.729091e+01,-1.000000e+00,9.429272e+00,-1.000000e+00,-1.500000e+01
7.900000e+01,3.208886e+03,-1.000000e+00,5.272100e-01,2.219706e+01,-1.000000e+00,9.534526e+00,-1.000000e+00,-1.500000e+01
8.000000e+01,3.210947e+03,-1.000000e+00,5.270480e-01,1.164062e+01,6.437915e-01,9.192551e+00,9.085632e-01,2.761774e+00
8.100000e+01,3.030239e+03,-1.000000e+00,5.271557e-01,1.334069e+01,-1.000000e+00,9.293335e+00,8.596454e-01,-5.701773e+00
8.200000e+01,2.879082e+03,-1.000000e+00,5.272003e-01,2.255295e+01,-1.000000e+00,9.546350e+00,-1.000000e+00,-1.500000e+01
8.300000e+01,2.983626e+03,-1.000000e+00,5.271087e-01,1.833145e+01,-1.000000e+00,9.468022e+00,-1.000000e+00,-1.500000e+01
8.400000e+01,2.882230e+03,-1.000000e+00,5.272377e-01,1.067405e+01,6.790316e-01,9.117809e+00,9.257492e-01,3.023904e+00
8.500000e+01,2.677646e+03,-1.000000e+00,5.271587e-01,2.375124e+01,-1.000000e+00,9.570948e+00,-1.000000e+00,-1.500000e+01
8.600000e+01,3.220500e+03,-1.000000e+00,5.271417e-01,2.297337e+01,-1.000000e+00,9.553352e+00,-1.000000e+00,-1.500000e+01
8.700000e+01,3.118926e+03,-1.000000e+00,5.271733e-01,1.210088e+01,6.281225e-01,9.212025e+00,8.968601e-01,2.624913e+00
8.800000e+01,2.739096e+03,-1.000000e+00,5.273200e-01,1.935067e+01,-1.000000e+00,9.481904e+00,-1.000000e+00,-1.500000e+01
8.900000e+01,2.547120e+03,-1.000000e+00,5.272240e-01,2.132714e+01,-1.000000e+00,9.520280e+00,-1.000000e+00,-1.500000e+01
9.000000e+01,2.872991e+03,-1.000000e+00,5.271933e-01,1.658720e+01,-1.000000e+00,9.408988e+00,-1.000000e+00,-1.500000e+01
9.100000e+01,2.717633e+03,-1.000000e+00,5.272797e-01,2.016241e+01,-1.000000e+00,9.498956e+00,-1.000000e+00,-1.500000e+01
9.200000e+01,3.125384e+03,-1.000000e+00,5.271983e-01,2.343262e+01,-1.000000e+00,9.561014e+00,-1.000000e+00,-1.500000e+01
9.300000e+01,2.623767e+03,9.127345e-01,5.271343e-01,9.838369e+00,7.452321e-01,9.060184e+00,9.008235e-01,1.279395e+01
9.400000e+01,3.168353e+03,-1.000000e+00,5.272157e-01,1.096297e+01,6.790660e-01,9.149942e+00,9.245768e-01,3.018214e+00
9.500000e+01,3.090204e+03,-1.000000e+00,5.272487e-01,1.084093e+01,6.864939e-01,9.151660e+00,9.286944e-01,3.075942e+00
9.600000e+01,2.732590e+03,-1.000000e+00,5.271950e-01,1.482658e+01,-1.000000e+00,9.358825e+00,-1.000000e+00,-1.500000e+01
9.700000e+01,2.938421e+03,-1.000000e+00,5.271617e-01,1.694273e+01,-1.000000e+00,9.426089e+00,-1.000000e+00,-1.500000e+01
9.800000e+01,3.212973e+03,-1.000000e+00,5.271647e-01,2.425347e+01,-1.000000e+00,9.570810e+00,-1.000000e+00,-1.500000e+01
9.900000e+01,3.056000e+03,-1.000000e+00,5.271933e-01,1.261776e+01,6.145992e-01,9.246992e+00,8.775318e-01,2.460655e+00
1.000000e+02,3.054705e+03,-1.000000e+00,5.271863e-01,1.664167e+01,-1.000000e+00,9.407913e+00,-1.000000e+00,-1.500000e+01
1.010000e+02,2.624583e+03,9.113810e-01,5.272337e-01,9.222611e+00,7.540100e-01,9.022617e+00,8.861922e-01,1.275792e+01
1.020000e+02,2.581680e+03,9.225593e-01,5.272033e-01,9.184329e+00,7.641743e-01,9.006370e+00,8.780129e-01,1.282373e+01
1.030000e+02,2.586674e+03,9.331900e-01,5.271900e-01,9.064941e+00,7.480087e-01,8.990733e+00,8.735848e-01,1.277392e+01
1.040000e+02,2.615215e+03,9.289379e-01,5.272123e-01,9.851763e+00,7.397349e-01,9.052822e+00,8.967366e-01,1.282705e+01
1.050000e+02,2.617910e+03,9.233635e-01,5.271930e-01,9.133755e+00,7.415386e-01,8.999674e+00,8.800342e-01,1.272468e+01
1.060000e+02,2.598110e+03,9.737464e-01,5.272087e-01,1.048027e+01,7.098130e-01,9.111723e+00,9.138334e-01,1.298696e+01
1.070000e+02,2.587063e+03,9.341077e-01,5.271290e-01,1.044132e+01,7.228468e-01,9.120385e+00,9.080035e-01,1.282479e+01
1.080000e+02,2.597123e+03,9.678064e-01,5.271353e-01,9.131279e+00,7.390208e-01,9.000551e+00,8.794566e-01,1.293142e+01
1.090000e+02,2.612428e+03,9.353333e-01,5.271900e-01,9.375773e+00,7.366721e-01,9.007655e+00,8.813909e-01,1.276698e+01
1.100000e+02,2.611616e+03,9.373466e-01,5.271827e-01,9.405237e+00,7.587501e-01,9.015301e+00,8.863340e-01,1.291215e+01
1.110000e+02,2.592466e+03,9.489184e-01,5.271710e-01,1.024957e+01,7.449677e-01,9.101083e+00,9.037406e-01,1.298813e+01
1.120000e+02,2.616751e+03,9.256978e-01,5.272133e-01,9.685070e+00,7.629614e-01,9.050299e+00,8.949554e-01,1.291807e+01
1.130000e+02,2.624000e+03,9.123446e-01,5.271723e-01,9.562773e+00,7.589461e-01,9.026823e+00,8.897254e-01,1.280508e+01
1.140000e+02,2.622790e+03,9.143908e-01,5.272033e-01,9.682047e+00,7.847530e-01,9.044716e+00,8.921548e-01,1.295649e+01
1.150000e+02,2.656771e+03,-1.000000e+00,5.272007e-01,1.074862e+01,6.773611e-01,9.140210e+00,9.279078e-01,3.026345e+00
1.160000e+02,2.622002e+03,9.157582e-01,5.272050e-01,1.019118e+01,7.445686e-01,9.102392e+00,9.029198e-01,1.281623e+01
1.170000e+02,2.622470e+03,9.149431e-01,5.271867e-01,1.113451e+01,6.800100e-01,9.164098e+00,9.219979e-01,1.258475e+01
1.180000e+02,2.593127e+03,9.511006e-01,5.271167e-01,1.151698e+01,6.531604e-01,9.200640e+00,8.983195e-01,1.251290e+01
1.190000e+02,2.574728e+03,9.102575e-01,5.271663e-01,8.775044e+00,7.249132e-01,8.969909e+00,8.707590e-01,1.252965e+01
1.200000e+02,2.597730e+03,9.713005e-01,5.272420e-01,9.545965e+00,7.873529e-01,9.033734e+00,8.901143e-01,1.324384e+01
1.210000e+02,2.623008e+03,9.140188e-01,5.272817e-01,9.874323e+00,6.997275e-01,9.042032e+00,8.906864e-01,1.252216e+01
1.220000e+02,2.582273e+03,9.237273e-01,5.271467e-01,9.571148e+00,7.754652e-01,9.041721e+00,8.886898e-01,1.293941e+01
1.230000e+02,2.616748e+03,9.257034e-01,5.271677e-01,9.868532e+00,7.453403e-01,9.070409e+00,9.003397e-01,1.285692e+01
1.240000e+02,2.572599e+03,9.068993e-01,5.271193e-01,1.080965e+01,6.901267e-01,9.138468e+00,9.237988e-01,1.260412e+01
1.250000e+02,2.622010e+03,9.157450e-01,5.272157e-01,9.412894e+00,7.889330e-01,9.029583e+00,8.873787e-01,1.296028e+01
1.260000e+02,2.591500e+03,9.459148e-01,5.272170e-01,8.809353e+00,7.143246e-01,8.970224e+00,8.695557e-01,1.264898e+01
1.270000e+02,2.632761e+03,8.990772e-01,5.271773e-01,9.841985e+00,7.474977e-01,9.063368e+00,9.018924e-01,1.274234e+01
1.280000e+02,2.646147e+03,8.824373e-01,5.271167e-01,9.326901e+00,7.894528e-01,9.023146e+00,8.811889e-01,1.276540e+01
1.290000e+02,2.621154e+03,9.172632e-01,5.273383e-01,1.028638e+01,7.677849e-01,9.112965e+00,9.023695e-01,1.293709e+01
1.300000e+02,2.575308e+03,9.112009e-01,5.271427e-01,9.531432e+00,7.556023e-01,9.027944e+00,8.881123e-01,1.277458e+01
1.310000e+02,2.612189e+03,9.359190e-01,5.271480e-01,9.723730e+00,7.788927e-01,9.058016e+00,8.951189e-01,1.304965e+01
1.320000e+02,2.631789e+03,9.004353e-01,5.272063e-01,9.446560e+00,7.569405e-01,9.039113e+00,8.922037e-01,1.274790e+01
1.330000e+02,2.620256e+03,9.188934e-01,5.271570e-01,9.142120e+00,7.417120e-01,9.002501e+00,8.814352e-01,1.271020e+01
1.340000e+02,2.607153e+03,9.501640e-01,5.271900e-01,9.740169e+00,7.902510e-01,9.044662e+00,8.928142e-01,1.316615e+01
1.350000e+02,2.583071e+03,9.253324e-01,5.272770e-01,8.513504e+00,7.064395e-01,8.941105e+00,8.608361e-01,1.246304e+01
1.360000e+02,2.656526e+03,-1.000000e+00,5.272103e-01,8.898933e+00,7.419677e-01,8.984909e+00,8.720023e-01,3.069850e+00
1.370000e+02,2.595561e+03,9.603181e-01,5.271910e-01,9.248181e+00,7.581982e-01,9.019896e+00,8.853558e-01,1.301936e+01
1.380000e+02,2.627479e+03,9.067789e-01,5.271837e-01,9.761646e+00,7.393217e-01,9.062972e+00,8.998582e-01,1.272979e+01
1.390000e+02,2.603710e+03,9.636020e-01,5.271893e-01,9.163223e+00,7.294827e-01,9.007267e+00,8.810695e-01,1.287077e+01
1.400000e+02,2.596093e+03,9.626805e-01,5.271160e-01,9.224486e+00,7.634562e-01,9.004323e+00,8.780696e-01,1.302103e+01
1.410000e+02,2.595652e+03,9.607141e-01,5.271990e-01,9.643301e+00,7.541746e-01,9.050344e+00,8.986381e-01,1.306763e+01
1.420000e+02,2.603849e+03,9.629501e-01,5.271520e-01,9.671060e+00,7.746048e-01,9.060963e+00,8.939303e-01,1.315743e+01
1.430000e+02,2.575140e+03,9.109274e-01,5.271747e-01,9.098052e+00,7.252284e-01,8.997975e+00,8.790992e-01,1.257628e+01
1.440000e+02,2.605864e+03,9.546621e-01,5.271753e-01,9.892041e+00,7.417577e-01,9.065774e+00,9.039767e-01,1.300198e+01
1.450000e+02,2.605637e+03,9.555074e-01,5.273313e-01,1.020616e+01,7.261049e-01,9.103863e+00,9.084144e-01,1.295013e+01
1.460000e+02,2.620143e+03,9.191024e-01,5.271353e-01,1.036009e+01,7.074487e-01,9.101314e+00,9.129853e-01,1.269768e+01
1.470000e+02,2.625808e+03,9.093973e-01,5.272130e-01,9.714929e+00,7.685189e-01,9.057985e+00,8.973255e-01,1.287621e+01
1.480000e+02,2.615788e+03,9.277082e-01,5.271853e-01,9.588143e+00,7.763593e-01,9.041080e+00,8.924930e-01,1.298280e+01
1.490000e+02,2.606206e+03,9.534207e-01,5.273103e-01,9.416268e+00,7.460635e-01,9.018024e+00,8.849563e-01,1.292220e+01
1.500000e+02,2.613444e+03,9.329165e-01,5.271347e-01,9.704143e+00,7.630416e-01,9.058875e+00,8.990260e-01,1.297492e+01
1.510000e+02,2.582407e+03,9.239926e-01,5.272073e-01,9.369351e+00,7.660615e-01,9.029607e+00,8.872051e-01,1.288630e+01
1.520000e+02,2.606488e+03,9.524215e-01,5.272147e-01,9.286342e+00,7.494638e-01,9.022625e+00,8.835281e-01,1.292707e+01
1.530000e+02,2.588715e+03,9.381906e-01,5.272730e-01,9.336817e+00,7.578031e-01,9.029005e+00,8.882123e-01,1.292103e+01
1.540000e+02,2.607071e+03,9.504360e-01,5.272453e-01,1.166172e+01,6.456262e-01,9.190558e+00,9.052020e-01,1.250632e+01
1.550000e+02,2.608329e+03,9.464325e-01,5.272180e-01,9.195108e+00,7.510098e-01,9.001687e+00,8.820119e-01,1.289727e+01
1.560000e+02,2.608827e+03,9.449419e-01,5.271750e-01,9.071294e+00,7.376751e-01,8.995346e+00,8.784043e-01,1.280511e+01
1.570000e+02,2.614904e+03,9.296161e-01,5.271877e-01,9.439991e+00,7.702923e-01,9.030406e+00,8.855096e-01,1.292709e+01
1.580000e+02,2.583389e+03,9.259856e-01,5.271590e-01,9.558165e+00,7.392474e-01,9.021885e+00,8.834945e-01,1.274364e+01
1.590000e+02,2.589522e+03,9.403084e-01,5.271580e-01,9.844074e+00,7.866579e-01,9.060852e+00,8.888365e-01,1.307901e+01
1.600000e+02,2.580080e+03,9.195138e-01,5.271863e-01,9.182432e+00,7.461499e-01,9.005961e+00,8.825855e-01,1.274125e+01
1.610000e+02,2.623916e+03,9.124841e-01,5.271673e-01,9.712894e+00,7.516820e-01,9.068499e+00,8.991588e-01,1.281662e+01
1.620000e+02,2.572121e+03,9.061662e-01,5.271273e-01,9.709595e+00,7.806231e-01,9.065820e+00,8.961973e-01,1.291493e+01
1.630000e+02,2.602978e+03,9.672631e-01,5.271003e-01,9.081354e+00,7.245199e-01,9.007325e+00,8.788851e-01,1.285334e+01
1.640000e+02,2.629888e+03,9.031664e-01,5.271843e-01,9.491728e+00,7.683247e-01,9.038792e+00,8.888912e-01,1.280191e+01
1.650000e+02,2.568583e+03,9.009615e-01,5.271773e-01,9.340031e+00,7.720064e-01,9.007834e+00,8.845762e-01,1.278772e+01
1.660000e+02,2.572946e+03,9.074349e-01,5.271337e-01,8.976408e+00,7.266918e-01,8.986289e+00,8.768886e-01,1.255508e+01
1.670000e+02,2.593596e+03,9.527158e-01,5.271220e-01,8.868664e+00,7.328222e-01,8.974296e+00,8.707522e-01,1.278145e+01
1.680000e+02,2.604541e+03,9.598852e-01,5.272217e-01,9.146609e+00,7.267011e-01,8.987240e+00,8.745569e-01,1.280572e+01
1.690000e+02,2.596990e+03,9.670934e-01,5.270953e-01,9.401471e+00,7.701526e-01,9.026978e+00,8.893731e-01,1.313309e+01
1.700000e+02,2.604187e+03,9.614198e-01,5.272223e-01,1.014742e+01,7.306697e-01,9.095927e+00,9.068752e-01,1.299482e+01
1.710000e+02,2.599226e+03,9.830360e-01,5.272260e-01,9.425542e+00,7.523572e-01,9.044389e+00,8.886665e-01,1.312030e+01
1.720000e+02,2.639253e+03,8.905737e-01,5.271013e-01,1.009625e+01,7.305921e-01,9.076730e+00,9.033242e-01,1.262245e+01
1.730000e+02,2.579010e+03,9.175580e-01,5.272367e-01,8.928694e+00,7.241100e-01,8.976419e+00,8.700853e-01,1.255877e+01
1.740000e+02,2.597532e+03,9.701135e-01,5.271717e-01,9.294070e+00,7.622111e-01,9.012687e+00,8.815736e-01,1.306949e+01
1.750000e+02,2.602276e+03,9.712652e-01,5.271803e-01,9.806679e+00,7.790801e-01,9.063122e+00,8.917619e-01,1.321054e+01
1.760000e+02,2.593114e+03,9.510551e-01,5.271840e-01,9.325822e+00,7.540257e-01,9.020707e+00,8.855531e-01,1.295317e+01
1.770000e+02,2.602981e+03,9.672507e-01,5.271367e-01,9.698673e+00,7.746203e-01,9.061375e+00,8.981039e-01,1.319987e+01
1.780000e+02,2.599914e+03,9.942959e-01,5.271573e-01,1.035948e+01,6.989291e-01,9.096738e+00,9.118763e-01,1.302551e+01
1.790000e+02,2.610150e+03,9.411935e-01,5.271670e-01,1.183011e+01,6.449428e-01,9.201345e+00,8.982268e-01,1.242182e+01
1.800000e+02,2.579389e+03,9.182430e-01,5.271670e-01,8.890102e+00,7.056766e-01,8.962461e+00,8.636363e-01,1.243778e+01
1.810000e+02,2.603218e+03,9.660141e-01,5.271927e-01,9.188342e+00,7.473663e-01,9.006062e+00,8.825942e-01,1.297987e+01
1.820000e+02,2.623010e+03,9.140148e-01,5.271757e-01,9.698630e+00,7.662350e-01,9.055486e+00,8.965457e-01,1.288398e+01
1.830000e+02,2.599049e+03,9.812363e-01,5.271827e-01,9.271862e+00,7.473586e-01,9.026462e+00,8.888311e-01,1.308713e+01
1.840000e+02,2.576834e+03,9.137493e-01,5.272383e-01,9.012341e+00,7.206467e-01,8.994349e+00,8.777033e-01,1.256050e+01
1.850000e+02,2.611910e+03,9.366088e-01,5.271847e-01,9.719739e+00,7.628193e-01,9.052643e+00,8.958128e-01,1.297620e+01
1.860000e+02,2.588536e+03,9.377322e-01,5.271957e-01,9.655950e+00,7.462417e-01,9.051167e+00,8.961491e-01,1.290061e+01
1.870000e+02,2.615616e+03,9.280741e-01,5.271603e-01,9.152037e+00,7.528345e-01,9.002122e+00,8.796908e-01,1.280300e+01
1.880000e+02,2.604505e+03,9.600378e-01,5.271530e-01,1.213528e+01,6.389683e-01,9.222280e+00,8.870963e-01,1.243051e+01
1.890000e+02,2.589995e+03,9.415892e-01,5.272533e-01,8.717922e+00,7.107280e-01,8.974725e+00,8.727036e-01,1.262510e+01
1.900000e+02,2.624324e+03,9.118071e-01,5.272020e-01,9.440702e+00,7.503411e-01,9.026512e+00,8.878890e-01,1.275019e+01
1.910000e+02,2.591475e+03,9.458411e-01,5.272373e-01,9.744057e+00,7.707580e-01,9.057253e+00,8.974083e-01,1.307004e+01
1.920000e+02,2.612867e+03,9.342757e-01,5.271523e-01,9.786891e+00,8.047689e-01,9.065715e+00,8.909557e-01,1.315000e+01
1.930000e+02,2.609681e+03,9.424904e-01,5.272317e-01,1.002887e+01,7.465570e-01,9.070274e+00,9.016673e-01,1.295357e+01
1.940000e+02,2.576613e+03,9.133738e-01,5.272090e-01,9.368577e+00,7.861234e-01,9.027939e+00,8.818402e-01,1.290669e+01
1.950000e+02,2.590205e+03,9.421723e-01,5.271820e-01,9.407381e+00,7.445967e-01,9.044293e+00,8.878743e-01,1.287322e+01
1.960000e+02,2.615346e+03,9.286554e-01,5.272340e-01,1.144250e+01,6.474181e-01,9.196581e+00,9.028507e-01,1.239462e+01
1.970000e+02,2.611637e+03,9.372951e-01,5.271800e-01,8.980542e+00,7.424485e-01,8.996598e+00,8.757322e-01,1.277738e+01
1.980000e+02,2.603844e+03,9.629748e-01,5.272210e-01,8.945375e+00,7.218830e-01,8.992861e+00,8.768169e-01,1.280837e+01
1.990000e+02,2.610554e+03,9.401039e-01,5.271917e-01,9.483636e+00,7.755982e-01,9.032692e+00,8.918033e-01,1.303753e+01
2.000000e+02,2.592541e+03,9.491604e-01,5.271800e-01,1.204457e+01,6.235128e-01,9.211104e+00,8.994760e-01,1.236075e+01
2.010000e+02,2.575917e+03,9.122069e-01,5.272310e-01,9.081755e+00,7.454514e-01,8.986465e+00,8.759897e-01,1.266824e+01
2.020000e+02,2.612623e+03,9.348604e-01,5.271850e-01,9.764102e+00,7.506342e-01,9.062028e+00,8.999583e-01,1.292726e+01
2.030000e+02,2.605253e+03,9.569860e-01,5.271570e-01,9.759773e+00,7.943352e-01,9.074977e+00,8.936784e-01,1.322500e+01
2.040000e+02,2.602031e+03,9.728132e-01,5.271603e-01,8.965645e+00,7.329614e-01,9.004372e+00,8.816187e-01,1.293697e+01
2.050000e+02,2.593812e+03,9.534824e-01,5.270977e-01,1.093589e+01,6.741956e-01,9.147017e+00,9.264844e-01,1.277081e+01
2.060000e+02,2.623718e+03,9.128156e-01,5.272033e-01,9.208922e+00,7.577294e-01,9.010790e+00,8.844743e-01,1.277510e+01
2.070000e+02,2.589039e+03,9.390303e-01,5.271780e-01,8.784417e+00,7.115444e-01,8.955459e+00,8.641651e-01,1.257370e+01
2.080000e+02,2.603813e+03,9.631174e-01,5.271793e-01,9.872915e+00,7.157565e-01,9.054560e+00,9.011468e-01,1.290010e+01
2.090000e+02,2.608322e+03,9.464544e-01,5.272347e-01,8.680247e+00,7.158095e-01,8.956122e+00,8.647334e-01,1.263499e+01
2.100000e+02,2.586775e+03,9.334281e-01,5.272037e-01,9.645491e+00,7.710386e-01,9.053286e+00,8.978210e-01,1.301144e+01
2.110000e+02,2.632215e+03,8.998368e-01,5.272233e-01,9.944600e+00,7.759842e-01,9.077516e+00,8.970758e-01,1.286448e+01
2.120000e+02,2.609259e+03,9.436856e-01,5.271290e-01,8.917137e+00,7.224629e-01,8.976790e+00,8.737944e-01,1.269971e+01
2.130000e+02,2.584697e+03,9.287485e-01,5.272253e-01,9.480575e+00,7.688349e-01,9.024018e+00,8.904013e-01,1.293992e+01
2.140000e+02,2.629968e+03,9.030484e-01,5.271483e-01,9.472238e+00,7.816921e-01,9.043047e+00,8.863286e-01,1.285535e+01
2.150000e+02,2.610293e+03,9.408046e-01,5.271323e-01,9.936906e+00,7.126328e-01,9.072311e+00,9.117651e-01,1.282601e+01
2.160000e+02,2.572630e+03,9.069463e-01,5.272463e-01,9.641614e+00,7.737862e-01,9.052993e+00,8.978270e-01,1.289280e+01
2.170000e+02,2.611259e+03,9.382584e-01,5.272057e-01,8.948800e+00,7.138905e-01,8.988058e+00,8.777769e-01,1.264963e+01
2.180000e+02,2.612455e+03,9.352669e-01,5.272167e-01,1.015043e+01,7.397218e-01,9.086097e+00,9.055112e-01,1.290250e+01
2.190000e+02,2.585711e+03,9.309829e-01,5.272697e-01,8.737002e+00,7.037729e-01,8.957987e+00,8.623046e-01,1.248530e+01
2.200000e+02,2.623505e+03,9.131748e-01,5.271777e-01,9.419957e+00,7.721146e-01,9.028744e+00,8.882639e-01,1.286777e+01
2.210000e+02,2.617247e+03,9.246883e-01,5.271957e-01,9.411247e+00,7.708504e-01,9.031992e+00,8.895306e-01,1.292535e+01
2.220000e+02,2.595593e+03,9.604568e-01,5.271237e-01,9.489084e+00,7.893938e-01,9.043924e+00,8.861585e-01,1.318005e+01
2.230000e+02,2.567654e+03,8.996548e-01,5.271110e-01,8.644647e+00,7.077101e-01,8.957993e+00,8.683421e-01,1.237854e+01
2.240000e+02,2.611966e+03,9.364689e-01,5.271993e-01,9.764800e+00,7.875965e-01,9.061435e+00,8.922798e-01,1.308173e+01
2.250000e+02,2.574425e+03,9.097697e-01,5.272113e-01,1.038671e+01,7.293310e-01,9.104640e+00,9.056007e-01,1.272351e+01
2.260000e+02,2.610474e+03,9.403187e-01,5.272150e-01,9.856116e+00,7.630064e-01,9.074896e+00,8.989498e-01,1.301137e+01
2.270000e+02,2.591521e+03,9.459790e-01,5.271160e-01,1.052759e+01,7.282861e-01,9.130175e+00,9.079357e-01,1.291100e+01
2.280000e+02,2.619612e+03,9.200897e-01,5.271960e-01,1.034946e+01,7.006059e-01,9.104206e+00,9.196272e-01,1.270161e+01
2.290000e+02,2.585933e+03,9.314852e-01,5.271677e-01,9.454909e+00,7.459791e-01,9.020370e+00,8.862714e-01,1.281868e+01
2.300000e+02,2.635192e+03,8.957837e-01,5.271620e-01,9.296370e+00,7.567963e-01,9.020984e+00,8.848176e-01,1.268699e+01
2.310000e+02,2.592920e+03,9.504055e-01,5.271570e-01,9.145532e+00,7.464436e-01,9.001371e+00,8.811464e-01,1.288998e+01
2.320000e+02,2.610731e+03,9.396330e-01,5.271233e-01,9.193373e+00,7.475200e-01,8.999242e+00,8.805646e-01,1.283859e+01
2.330000e+02,2.583079e+03,9.253498e-01,5.272060e-01,9.699291e+00,7.661864e-01,9.055655e+00,8.956003e-01,1.293568e+01
2.340000e+02,2.625948e+03,9.091743e-01,5.271750e-01,1.023929e+01,7.161991e-01,9.104453e+00,9.101417e-01,1.267758e+01
2.350000e+02,2.559784e+03,8.893878e-01,5.271350e-01,9.607579e+00,7.817099e-01,9.047927e+00,8.875586e-01,1.279328e+01
2.360000e+02,2.590010e+03,9.416327e-01,5.271680e-01,8.901097e+00,7.158338e-01,8.991117e+00,8.760612e-01,1.266764e+01
2.370000e+02,2.602337e+03,9.708943e-01,5.271883e-01,9.696905e+00,7.429356e-01,9.047564e+00,8.999734e-01,1.306902e+01
2.380000e+02,2.616232e+03,9.267735e-01,5.271877e-01,9.133951e+00,7.260734e-01,9.008592e+00,8.838563e-01,1.268352e+01
2.390000e+02,2.602683e+03,9.688786e-01,5.271580e-01,9.921154e+00,7.311675e-01,9.071032e+00,9.054671e-01,1.302757e+01
2.400000e+02,2.614707e+03,9.300516e-01,5.271797e-01,9.801539e+00,7.588013e-01,9.064486e+00,8.967328e-01,1.292793e+01
2.410000e+02,2.601250e+03,9.785410e-01,5.271797e-01,9.685207e+00,7.607057e-01,9.051090e+00,8.958438e-01,1.317545e+01
2.420000e+02,2.576052e+03,9.124312e-01,5.272043e-01,9.191599e+00,7.349504e-01,9.009424e+00,8.809660e-01,1.264174e+01
2.430000e+02,2.612286e+03,9.356792e-01,5.271407e-01,9.034946e+00,7.536221e-01,8.993750e+00,8.740741e-01,1.281688e+01
2.440000e+02,2.570339e+03,9.034986e-01,5.271630e-01,1.119325e+01,6.693427e-01,9.161212e+00,9.246706e-01,1.248756e+01
2.450000e+02,2.615502e+03,9.283182e-01,5.271300e-01,9.863342e+00,7.638518e-01,9.072060e+00,8.981967e-01,1.295183e+01
2.460000e+02,2.614415e+03,9.307001e-01,5.271053e-01,1.368673e+01,-1.000000e+00,9.310068e+00,8.534746e-01,3.920874e+00
2.470000e+02,2.616079e+03,9.270941e-01,5.272233e-01,1.023702e+01,7.187938e-01,9.096283e+00,9.090476e-01,1.277468e+01
2.480000e+02,2.609561e+03,9.428273e-01,5.271423e-01,1.041280e+01,7.223730e-01,9.117831e+00,9.110217e-01,1.288111e+01
2.490000e+02,2.578530e+03,9.166983e-01,5.271560e-01,9.029399e+00,7.250826e-01,8.979549e+00,8.703969e-01,1.256089e+01
2.500000e+02,2.593376e+03,9.519521e-01,5.272030e-01,9.620881e+00,7.629663e-01,9.039637e+00,8.943204e-01,1.304619e+01
2.510000e+02,2.608720e+03,9.452569e-01,5.271487e-01,9.499769e+00,7.585918e-01,9.041692e+00,8.910858e-01,1.297467e+01
2.520000e+02,2.589365e+03,9.398896e-01,5.271403e-01,9.352506e+00,7.656414e-01,9.023363e+00,8.846682e-01,1.295100e+01
2.530000e+02,2.590267e+03,9.423447e-01,5.271910e-01,9.701929e+00,7.537247e-01,9.053092e+00,8.968011e-01,1.296435e+01
2.540000e+02,2.591671e+03,9.464334e-01,5.272190e-01,9.851149e+00,7.686491e-01,9.062191e+00,8.932394e-01,1.304161e+01
2.550000e+02,2.591414e+03,9.456583e-01,5.272373e-01,1.103056e+01,6.587173e-01,9.152664e+00,9.313114e-01,1.267844e+01
2.560000e+02,2.550648e+03,8.789098e-01,5.271780e-01,9.725613e+00,7.836815e-01,9.061484e+00,8.915559e-01,1.277074e+01
