# step_count,fitted_elastic_modulus,elastic_modulus_match_degree,average_bond_length,average_persistence_length,persistence_length_match_degree,average_end_to_end_distance,end_to_end_distance_match_degree,reward_value
1.000000e+00,2.446586e+03,-1.000000e+00,5.272057e-01,1.522566e+01,-1.000000e+00,9.373306e+00,-1.000000e+00,-1.500000e+01
2.000000e+00,2.601855e+03,9.739813e-01,5.272410e-01,1.040178e+01,7.315563e-01,9.113455e+00,9.100744e-01,1.307806e+01
3.000000e+00,2.910624e+03,-1.000000e+00,5.271970e-01,2.104454e+01,-1.000000e+00,9.521576e+00,-1.000000e+00,-1.500000e+01
4.000000e+00,3.189397e+03,-1.000000e+00,5.271903e-01,1.444426e+01,-1.000000e+00,9.331117e+00,-1.000000e+00,-1.500000e+01
5.000000e+00,2.538194e+03,-1.000000e+00,5.272530e-01,2.126042e+01,-1.000000e+00,9.515476e+00,-1.000000e+00,-1.500000e+01
6.000000e+00,3.062436e+03,-1.000000e+00,5.271853e-01,1.950133e+01,-1.000000e+00,9.488116e+00,-1.000000e+00,-1.500000e+01
7.000000e+00,2.595138e+03,9.585477e-01,5.271527e-01,1.137015e+01,6.691377e-01,9.172976e+00,9.165278e-01,1.272107e+01
8.000000e+00,2.657190e+03,-1.000000e+00,5.271663e-01,2.074239e+01,-1.000000e+00,9.509669e+00,-1.000000e+00,-1.500000e+01
9.000000e+00,2.652772e+03,-1.000000e+00,5.271990e-01,1.500640e+01,-1.000000e+00,9.363843e+00,-1.000000e+00,-1.500000e+01
1.000000e+01,2.549594e+03,-1.000000e+00,5.272177e-01,2.365521e+01,-1.000000e+00,9.562014e+00,-1.000000e+00,-1.500000e+01
1.100000e+01,2.610181e+03,9.411088e-01,5.271670e-01,1.339517e+01,-1.000000e+00,9.287484e+00,8.603399e-01,4.007244e+00
1.200000e+01,3.028416e+03,-1.000000e+00,5.271690e-01,1.081248e+01,6.942454e-01,9.141799e+00,9.237016e-01,3.089735e+00
1.300000e+01,2.461789e+03,-1.000000e+00,5.272130e-01,2.043617e+01,-1.000000e+00,9.511103e+00,-1.000000e+00,-1.500000e+01
1.400000e+01,2.832746e+03,-1.000000e+00,5.271720e-01,2.159901e+01,-1.000000e+00,9.523729e+00,-1.000000e+00,-1.500000e+01
1.500000e+01,2.645512e+03,8.831546e-01,5.272143e-01,1.503107e+01,-1.000000e+00,9.355803e+00,-1.000000e+00,-5.584227e+00
1.600000e+01,2.907216e+03,-1.000000e+00,5.272057e-01,2.343400e+01,-1.000000e+00,9.558806e+00,-1.000000e+00,-1.500000e+01
1.700000e+01,2.894372e+03,-1.000000e+00,5.271500e-01,2.380042e+01,-1.000000e+00,9.565375e+00,-1.000000e+00,-1.500000e+01
1.800000e+01,3.174200e+03,-1.000000e+00,5.271333e-01,1.011786e+01,7.486101e-01,9.087079e+00,9.021735e-01,3.253918e+00
1.900000e+01,2.917946e+03,-1.000000e+00,5.272317e-01,1.509954e+01,-1.000000e+00,9.364654e+00,-1.000000e+00,-1.500000e+01
2.000000e+01,2.691558e+03,-1.000000e+00,5.272117e-01,2.056107e+01,-1.000000e+00,9.506732e+00,-1.000000e+00,-1.500000e+01
2.100000e+01,3.154801e+03,-1.000000e+00,5.272010e-01,1.493636e+01,-1.000000e+00,9.344181e+00,-1.000000e+00,-1.500000e+01
2.200000e+01,2.872580e+03,-1.000000e+00,5.272077e-01,1.655359e+01,-1.000000e+00,9.408355e+00,-1.000000e+00,-1.500000e+01
2.300000e+01,2.987167e+03,-1.000000e+00,5.271920e-01,1.810366e+01,-1.000000e+00,9.455041e+00,-1.000000e+00,-1.500000e+01
2.400000e+01,3.090509e+03,-1.000000e+00,5.271687e-01,2.412608e+01,-1.000000e+00,9.567314e+00,-1.000000e+00,-1.500000e+01
2.500000e+01,2.827297e+03,-1.000000e+00,5.271857e-01,1.199036e+01,6.317877e-01,9.224063e+00,8.861507e-01,2.589692e+00
2.600000e+01,2.452547e+03,-1.000000e+00,5.272423e-01,2.045463e+01,-1.000000e+00,9.510027e+00,-1.000000e+00,-1.500000e+01
2.700000e+01,2.904726e+03,-1.000000e+00,5.272023e-01,1.766430e+01,-1.000000e+00,9.442980e+00,-1.000000e+00,-1.500000e+01
2.800000e+01,2.505663e+03,-1.000000e+00,5.272723e-01,1.399367e+01,-1.000000e+00,9.320834e+00,-1.000000e+00,-1.500000e+01
2.900000e+01,3.154315e+03,-1.000000e+00,5.272767e-01,1.794119e+01,-1.000000e+00,9.453471e+00,-1.000000e+00,-1.500000e+01
3.000000e+01,3.232738e+03,-1.000000e+00,5.271787e-01,1.753632e+01,-1.000000e+00,9.435062e+00,-1.000000e+00,-1.500000e+01
3.100000e+01,3.208338e+03,-1.000000e+00,5.270963e-01,1.178442e+01,6.449929e-01,9.198621e+00,9.024658e-01,2.737294e+00
3.200000e+01,2.599895e+03,9.936756e-01,5.272587e-01,1.794048e+01,-1.000000e+00,9.445146e+00,-1.000000e+00,-5.031622e+00
3.300000e+01,2.947130e+03,-1.000000e+00,5.272503e-01,1.709291e+01,-1.000000e+00,9.435242e+00,-1.000000e+00,-1.500000e+01
3.400000e+01,3.120711e+03,-1.000000e+00,5.271947e-01,1.736248e+01,-1.000000e+00,9.429641e+00,-1.000000e+00,-1.500000e+01
3.500000e+01,2.604111e+03,9.617577e-01,5.271807e-01,1.695908e+01,-1.000000e+00,9.422703e+00,-1.000000e+00,-5.191212e+00
3.600000e+01,2.866882e+03,-1.000000e+00,5.272090e-01,2.137418e+01,-1.000000e+00,9.519434e+00,-1.000000e+00,-1.500000e+01
3.700000e+01,2.882162e+03,-1.000000e+00,5.271940e-01,1.207670e+01,6.272434e-01,9.223923e+00,8.873440e-01,2.572937e+00
3.800000e+01,3.156178e+03,-1.000000e+00,5.272307e-01,2.360175e+01,-1.000000e+00,9.561084e+00,-1.000000e+00,-1.500000e+01
3.900000e+01,3.002974e+03,-1.000000e+00,5.271533e-01,1.310392e+01,-1.000000e+00,9.266964e+00,8.706868e-01,-5.646566e+00
4.000000e+01,2.842262e+03,-1.000000e+00,5.271283e-01,2.452850e+01,-1.000000e+00,9.579232e+00,-1.000000e+00,-1.500000e+01
4.100000e+01,2.601169e+03,9.792354e-01,5.272887e-01,1.467671e+01,-1.000000e+00,9.357305e+00,-1.000000e+00,-5.103823e+00
4.200000e+01,2.588646e+03,9.380139e-01,5.272727e-01,1.125807e+01,6.676208e-01,9.162273e+00,9.246880e-01,1.265161e+01
4.300000e+01,2.671365e+03,-1.000000e+00,5.271747e-01,1.597552e+01,-1.000000e+00,9.384771e+00,-1.000000e+00,-1.500000e+01
4.400000e+01,2.494870e+03,-1.000000e+00,5.271850e-01,1.571395e+01,-1.000000e+00,9.377975e+00,-1.000000e+00,-1.500000e+01
4.500000e+01,2.878270e+03,-1.000000e+00,5.272320e-01,1.171397e+01,6.378490e-01,9.192928e+00,9.053962e-01,2.716226e+00
4.600000e+01,3.168247e+03,-1.000000e+00,5.271490e-01,2.395748e+01,-1.000000e+00,9.569652e+00,-1.000000e+00,-1.500000e+01
4.700000e+01,2.937038e+03,-1.000000e+00,5.271443e-01,1.944374e+01,-1.000000e+00,9.490766e+00,-1.000000e+00,-1.500000e+01
4.800000e+01,3.160117e+03,-1.000000e+00,5.271100e-01,2.517201e+01,-1.000000e+00,9.583546e+00,-1.000000e+00,-1.500000e+01
4.900000e+01,3.080740e+03,-1.000000e+00,5.271860e-01,1.934427e+01,-1.000000e+00,9.485901e+00,-1.000000e+00,-1.500000e+01
5.000000e+01,2.819056e+03,-1.000000e+00,5.271447e-01,1.304192e+01,-1.000000e+00,9.272196e+00,8.683413e-01,-5.658294e+00
5.100000e+01,2.845454e+03,-1.000000e+00,5.271773e-01,2.040571e+01,-1.000000e+00,9.503391e+00,-1.000000e+00,-1.500000e+01
5.200000e+01,2.626906e+03,9.076654e-01,5.271923e-01,2.252351e+01,-1.000000e+00,9.547527e+00,-1.000000e+00,-5.461673e+00
5.300000e+01,2.692769e+03,-1.000000e+00,5.272103e-01,1.347783e+01,-1.000000e+00,9.293112e+00,8.599834e-01,-5.700083e+00
5.400000e+01,3.170459e+03,-1.000000e+00,5.271897e-01,1.734558e+01,-1.000000e+00,9.427074e+00,-1.000000e+00,-1.500000e+01
5.500000e+01,3.155716e+03,-1.000000e+00,5.271867e-01,1.950693e+01,-1.000000e+00,9.485419e+00,-1.000000e+00,-1.500000e+01
5.600000e+01,2.532602e+03,-1.000000e+00,5.272017e-01,1.244467e+01,6.328306e-01,9.243091e+00,8.768290e-01,2.548298e+00
5.700000e+01,2.564640e+03,8.955612e-01,5.272153e-01,1.314319e+01,-1.000000e+00,9.276449e+00,8.681974e-01,3.818793e+00
5.800000e+01,3.144670e+03,-1.000000e+00,5.272913e-01,2.188463e+01,-1.000000e+00,9.529483e+00,-1.000000e+00,-1.500000e+01
5.900000e+01,3.160447e+03,-1.000000e+00,5.271637e-01,2.399094e+01,-1.000000e+00,9.565848e+00,-1.000000e+00,-1.500000e+01
6.000000e+01,2.556094e+03,8.849948e-01,5.271727e-01,2.048531e+01,-1.000000e+00,9.498367e+00,-1.000000e+00,-5.575026e+00
6.100000e+01,3.072381e+03,-1.000000e+00,5.272350e-01,1.860868e+01,-1.000000e+00,9.469407e+00,-1.000000e+00,-1.500000e+01
6.200000e+01,3.144212e+03,-1.000000e+00,5.271600e-01,1.755867e+01,-1.000000e+00,9.440575e+00,-1.000000e+00,-1.500000e+01
6.300000e+01,3.046113e+03,-1.000000e+00,5.271797e-01,1.967329e+01,-1.000000e+00,9.493836e+00,-1.000000e+00,-1.500000e+01
6.400000e+01,2.709723e+03,-1.000000e+00,5.271667e-01,2.340863e+01,-1.000000e+00,9.547704e+00,-1.000000e+00,-1.500000e+01
6.500000e+01,2.722026e+03,-1.000000e+00,5.272107e-01,1.903347e+01,-1.000000e+00,9.479907e+00,-1.000000e+00,-1.500000e+01
6.600000e+01,2.997319e+03,-1.000000e+00,5.271710e-01,1.976039e+01,-1.000000e+00,9.487849e+00,-1.000000e+00,-1.500000e+01
6.700000e+01,3.138378e+03,-1.000000e+00,5.272740e-01,9.853180e+00,7.439987e-01,9.052650e+00,8.993911e-01,3.216949e+00
6.800000e+01,2.445688e+03,-1.000000e+00,5.271943e-01,1.972158e+01,-1.000000e+00,9.488997e+00,-1.000000e+00,-1.500000e+01
6.900000e+01,2.562459e+03,8.927276e-01,5.271600e-01,1.216459e+01,6.196100e-01,9.227304e+00,8.865144e-01,1.199426e+01
7.000000e+01,2.926765e+03,-1.000000e+00,5.271857e-01,1.795072e+01,-1.000000e+00,9.448325e+00,-1.000000e+00,-1.500000e+01
7.100000e+01,2.972464e+03,-1.000000e+00,5.272523e-01,1.428189e+01,-1.000000e+00,9.332150e+00,-1.000000e+00,-1.500000e+01
7.200000e+01,2.896299e+03,-1.000000e+00,5.272193e-01,2.172462e+01,-1.000000e+00,9.529550e+00,-1.000000e+00,-1.500000e+01
7.300000e+01,2.895517e+03,-1.000000e+00,5.271363e-01,1.466404e+01,-1.000000e+00,9.333828e+00,-1.000000e+00,-1.500000e+01
7.400000e+01,2.726404e+03,-1.000000e+00,5.271197e-01,1.204312e+01,6.267890e-01,9.212308e+00,8.963888e-01,2.615889e+00
7.500000e+01,3.023095e+03,-1.000000e+00,5.272130e-01,1.399110e+01,-1.000000e+00,9.315220e+00,8.536141e-01,-5.731930e+00
7.600000e+01,2.495228e+03,-1.000000e+00,5.272337e-01,2.126737e+01,-1.000000e+00,9.522790e+00,-1.000000e+00,-1.500000e+01
7.700000e+01,2.738650e+03,-1.000000e+00,5.271617e-01,1.953781e+01,-1.000000e+00,9.491205e+00,-1.000000e+00,-1.500000e+01
7.800000e+01,2.477656e+03,-1.000000e+00,5.272283e-01,1.989930e+01,-1.000000e+00,9.494274e+00,-1.000000e+00,-1.500000e+01
7.900000e+01,2.985533e+03,-1.000000e+00,5.271370e-01,1.751094e+01,-1.000000e+00,9.438287e+00,-1.000000e+00,-1.500000e+01
8.000000e+01,2.531891e+03,-1.000000e+00,5.271997e-01,1.969442e+01,-1.000000e+00,9.495469e+00,-1.000000e+00,-1.500000e+01
8.100000e+01,2.486027e+03,-1.000000e+00,5.272570e-01,1.834527e+01,-1.000000e+00,9.460719e+00,-1.000000e+00,-1.500000e+01
8.200000e+01,2.797346e+03,-1.000000e+00,5.271990e-01,1.137660e+01,6.567882e-01,9.174685e+00,9.150318e-01,2.859100e+00
8.300000e+01,3.094133e+03,-1.000000e+00,5.272130e-01,2.332695e+01,-1.000000e+00,9.554292e+00,-1.000000e+00,-1.500000e+01
8.400000e+01,2.535752e+03,-1.000000e+00,5.272060e-01,2.012451e+01,-1.000000e+00,9.488017e+00,-1.000000e+00,-1.500000e+01
8.500000e+01,3.061089e+03,-1.000000e+00,5.271967e-01,1.050660e+01,6.977922e-01,9.121383e+00,9.176392e-01,3.077157e+00
8.600000e+01,2.878829e+03,-1.000000e+00,5.271883e-01,2.113075e+01,-1.000000e+00,9.512707e+00,-1.000000e+00,-1.500000e+01
8.700000e+01,2.902366e+03,-1.000000e+00,5.272350e-01,1.315080e+01,-1.000000e+00,9.275634e+00,8.656979e-01,-5.671510e+00
8.800000e+01,2.584307e+03,9.279098e-01,5.271670e-01,1.670142e+01,-1.000000e+00,9.415462e+00,-1.000000e+00,-5.360451e+00
8.900000e+01,2.797397e+03,-1.000000e+00,5.271880e-01,1.628912e+01,-1.000000e+00,9.397002e+00,-1.000000e+00,-1.500000e+01
9.000000e+01,2.850529e+03,-1.000000e+00,5.271757e-01,2.014957e+01,-1.000000e+00,9.504297e+00,-1.000000e+00,-1.500000e+01
9.100000e+01,2.676677e+03,-1.000000e+00,5.270857e-01,1.817275e+01,-1.000000e+00,9.460019e+00,-1.000000e+00,-1.500000e+01
9.200000e+01,2.856492e+03,-1.000000e+00,5.271090e-01,1.845151e+01,-1.000000e+00,9.459544e+00,-1.000000e+00,-1.500000e+01
9.300000e+01,3.123527e+03,-1.000000e+00,5.271710e-01,1.362228e+01,-1.000000e+00,9.303489e+00,8.572129e-01,-5.713935e+00
9.400000e+01,2.869507e+03,-1.000000e+00,5.271387e-01,2.075662e+01,-1.000000e+00,9.507236e+00,-1.000000e+00,-1.500000e+01
9.500000e+01,2.814694e+03,-1.000000e+00,5.272447e-01,2.263774e+01,-1.000000e+00,9.548099e+00,-1.000000e+00,-1.500000e+01
9.600000e+01,3.078176e+03,-1.000000e+00,5.272147e-01,2.043787e+01,-1.000000e+00,9.498497e+00,-1.000000e+00,-1.500000e+01
9.700000e+01,2.613093e+03,9.337387e-01,5.271783e-01,1.962430e+01,-1.000000e+00,9.486197e+00,-1.000000e+00,-5.331306e+00
9.800000e+01,3.218458e+03,-1.000000e+00,5.271863e-01,2.351036e+01,-1.000000e+00,9.557159e+00,-1.000000e+00,-1.500000e+01
9.900000e+01,3.010205e+03,-1.000000e+00,5.272073e-01,1.717971e+01,-1.000000e+00,9.430585e+00,-1.000000e+00,-1.500000e+01
1.000000e+02,2.582664e+03,9.245089e-01,5.271063e-01,1.921008e+01,-1.000000e+00,9.484001e+00,-1.000000e+00,-5.377455e+00
1.010000e+02,2.562649e+03,8.929705e-01,5.271437e-01,9.004254e+00,7.400367e-01,8.985166e+00,8.751965e-01,1.254102e+01
1.020000e+02,2.480511e+03,-1.000000e+00,5.272330e-01,1.018865e+01,7.234437e-01,9.091376e+00,9.071462e-01,3.152950e+00
1.030000e+02,2.644311e+03,8.845275e-01,5.272077e-01,9.370071e+00,7.616929e-01,9.020974e+00,8.844219e-01,1.265321e+01
1.040000e+02,2.564728e+03,8.956772e-01,5.271373e-01,9.452426e+00,7.655772e-01,9.025043e+00,8.877889e-01,1.274522e+01
1.050000e+02,2.730672e+03,-1.000000e+00,5.271503e-01,9.386575e+00,7.429294e-01,9.029939e+00,8.927621e-01,3.178457e+00
1.060000e+02,2.495662e+03,-1.000000e+00,5.272157e-01,8.968264e+00,7.260789e-01,8.981024e+00,8.729568e-01,2.995178e+00
1.070000e+02,2.768703e+03,-1.000000e+00,5.272107e-01,1.017162e+01,7.201779e-01,9.093150e+00,9.086677e-01,3.144228e+00
1.080000e+02,2.627487e+03,9.067662e-01,5.271930e-01,8.976343e+00,7.364925e-01,8.986471e+00,8.764268e-01,1.259843e+01
1.090000e+02,2.543476e+03,-1.000000e+00,5.272043e-01,9.166485e+00,7.524485e-01,9.007875e+00,8.836982e-01,3.180733e+00
1.100000e+02,2.619052e+03,9.211480e-01,5.271437e-01,9.189638e+00,7.527145e-01,9.012884e+00,8.760624e-01,1.274962e+01
1.110000e+02,2.486397e+03,-1.000000e+00,5.271193e-01,9.391762e+00,7.565669e-01,9.035222e+00,8.888895e-01,3.227282e+00
1.120000e+02,2.551349e+03,8.796684e-01,5.271650e-01,9.460132e+00,7.627390e-01,9.035960e+00,8.907840e-01,1.266596e+01
1.130000e+02,2.611955e+03,9.364977e-01,5.271587e-01,9.536880e+00,7.770239e-01,9.039146e+00,8.890894e-01,1.301306e+01
1.140000e+02,2.551944e+03,8.803180e-01,5.271190e-01,9.065226e+00,7.380749e-01,8.989300e+00,8.765253e-01,1.247459e+01
1.150000e+02,2.659145e+03,-1.000000e+00,5.272157e-01,8.783900e+00,7.233539e-01,8.973479e+00,8.712386e-01,2.972963e+00
1.160000e+02,2.518600e+03,-1.000000e+00,5.271490e-01,9.233238e+00,7.463064e-01,9.016096e+00,8.823811e-01,3.143438e+00
1.170000e+02,2.899067e+03,-1.000000e+00,5.270870e-01,9.174166e+00,7.484313e-01,9.009803e+00,8.831220e-01,3.157767e+00
1.180000e+02,2.748992e+03,-1.000000e+00,5.271810e-01,9.125839e+00,7.410243e-01,9.004055e+00,8.808476e-01,3.109359e+00
1.190000e+02,2.556202e+03,8.851199e-01,5.271350e-01,9.846791e+00,7.482763e-01,9.063500e+00,9.033433e-01,1.268370e+01
1.200000e+02,2.512931e+03,-1.000000e+00,5.272657e-01,8.939955e+00,7.308592e-01,8.974651e+00,8.727167e-01,3.017880e+00
1.210000e+02,2.563216e+03,8.936998e-01,5.271043e-01,9.311317e+00,7.496057e-01,9.028730e+00,8.831513e-01,1.263228e+01
1.220000e+02,2.683787e+03,-1.000000e+00,5.271617e-01,8.990742e+00,7.275033e-01,8.989738e+00,8.782356e-01,3.028694e+00
1.230000e+02,2.553801e+03,8.823795e-01,5.271690e-01,9.020108e+00,7.170315e-01,8.986860e+00,8.704911e-01,1.234951e+01
1.240000e+02,2.568278e+03,9.005299e-01,5.272700e-01,9.001455e+00,7.225855e-01,8.980095e+00,8.717568e-01,1.247436e+01
1.250000e+02,2.580647e+03,9.205772e-01,5.272007e-01,9.785276e+00,7.846228e-01,9.054596e+00,8.924538e-01,1.298827e+01
1.260000e+02,2.606567e+03,9.521489e-01,5.271357e-01,8.840631e+00,7.302230e-01,8.982717e+00,8.743563e-01,1.278364e+01
1.270000e+02,2.520270e+03,-1.000000e+00,5.271930e-01,9.174696e+00,7.568358e-01,9.004892e+00,8.802090e-01,3.185224e+00
1.280000e+02,2.537836e+03,-1.000000e+00,5.272180e-01,9.618495e+00,7.732577e-01,9.037535e+00,8.894207e-01,3.313392e+00
1.290000e+02,2.544077e+03,-1.000000e+00,5.271923e-01,9.295003e+00,7.684413e-01,9.012217e+00,8.843103e-01,3.263758e+00
1.300000e+02,2.525470e+03,-1.000000e+00,5.271780e-01,9.582876e+00,7.698729e-01,9.053069e+00,8.956923e-01,3.327826e+00
1.310000e+02,2.657790e+03,-1.000000e+00,5.271000e-01,1.073563e+01,6.763149e-01,9.132222e+00,9.250407e-01,3.006778e+00
1.320000e+02,2.527783e+03,-1.000000e+00,5.271797e-01,9.466445e+00,7.746352e-01,9.019243e+00,8.867426e-01,3.306889e+00
1.330000e+02,2.508338e+03,-1.000000e+00,5.271780e-01,9.204607e+00,7.295607e-01,8.996945e+00,8.761717e-01,3.028662e+00
1.340000e+02,2.515717e+03,-1.000000e+00,5.272563e-01,8.520479e+00,6.897000e-01,8.931940e+00,-1.000000e+00,-6.551500e+00
1.350000e+02,2.491395e+03,-1.000000e+00,5.271397e-01,9.146135e+00,7.452214e-01,8.994649e+00,8.773470e-01,3.112842e+00
1.360000e+02,2.517388e+03,-1.000000e+00,5.272137e-01,9.304682e+00,7.418422e-01,9.027717e+00,8.869893e-01,3.144158e+00
1.370000e+02,2.501082e+03,-1.000000e+00,5.271877e-01,8.925410e+00,7.340106e-01,8.989151e+00,8.774002e-01,3.057054e+00
1.380000e+02,2.449324e+03,-1.000000e+00,5.271743e-01,8.985915e+00,7.497087e-01,8.999137e+00,8.766988e-01,3.132038e+00
1.390000e+02,2.813421e+03,-1.000000e+00,5.271697e-01,9.738371e+00,7.705712e-01,9.047741e+00,8.940665e-01,3.323188e+00
1.400000e+02,2.592196e+03,9.480578e-01,5.272187e-01,8.688352e+00,7.122544e-01,8.950370e+00,8.625093e-01,1.261411e+01
1.410000e+02,2.810379e+03,-1.000000e+00,5.271750e-01,9.388153e+00,8.025046e-01,9.028933e+00,8.816785e-01,3.420915e+00
1.420000e+02,2.609871e+03,9.419611e-01,5.271860e-01,9.210131e+00,7.543897e-01,9.007546e+00,8.827725e-01,1.289562e+01
1.430000e+02,2.577829e+03,9.154635e-01,5.271110e-01,9.644809e+00,7.594986e-01,9.042084e+00,8.954798e-01,1.285221e+01
1.440000e+02,2.623062e+03,9.139266e-01,5.272083e-01,8.888021e+00,7.256620e-01,8.971374e+00,8.678803e-01,1.253734e+01
1.450000e+02,2.779524e+03,-1.000000e+00,5.271537e-01,8.980567e+00,7.160456e-01,8.988602e+00,8.763860e-01,2.962158e+00
1.460000e+02,2.573922e+03,9.089663e-01,5.272130e-01,9.100532e+00,7.675535e-01,9.001920e+00,8.722107e-01,1.274365e+01
1.470000e+02,2.462274e+03,-1.000000e+00,5.272073e-01,9.390286e+00,7.443912e-01,9.024191e+00,8.887026e-01,3.165469e+00
1.480000e+02,2.620558e+03,9.183399e-01,5.272590e-01,9.412715e+00,7.758239e-01,9.026315e+00,8.878309e-01,1.290997e+01
1.490000e+02,2.935699e+03,-1.000000e+00,5.272657e-01,8.941092e+00,7.196904e-01,8.988599e+00,8.760457e-01,2.978681e+00
1.500000e+02,2.596420e+03,9.642197e-01,5.271973e-01,8.852065e+00,7.094962e-01,8.965881e+00,8.638641e-01,1.268790e+01
1.510000e+02,2.602230e+03,9.715473e-01,5.271817e-01,9.021454e+00,7.271378e-01,8.979161e+00,8.718998e-01,1.285292e+01
1.520000e+02,2.610207e+03,9.410379e-01,5.271373e-01,9.039342e+00,7.390194e-01,8.985713e+00,8.761561e-01,1.278107e+01
1.530000e+02,2.494975e+03,-1.000000e+00,5.271480e-01,9.308509e+00,7.386374e-01,9.024495e+00,8.846365e-01,3.116369e+00
1.540000e+02,2.522450e+03,-1.000000e+00,5.272527e-01,9.134004e+00,7.532299e-01,9.000536e+00,8.787560e-01,3.159930e+00
1.550000e+02,2.796399e+03,-1.000000e+00,5.271607e-01,9.412364e+00,7.846620e-01,9.038048e+00,8.883377e-01,3.364998e+00
1.560000e+02,2.602339e+03,9.708772e-01,5.270777e-01,9.209034e+00,7.475255e-01,9.010704e+00,8.826356e-01,1.300519e+01
1.570000e+02,2.477105e+03,-1.000000e+00,5.271897e-01,9.951908e+00,7.262585e-01,9.079749e+00,9.056790e-01,3.159688e+00
1.580000e+02,2.520431e+03,-1.000000e+00,5.271383e-01,9.347880e+00,7.578745e-01,9.018877e+00,8.874500e-01,3.226622e+00
1.590000e+02,2.637773e+03,8.924324e-01,5.271460e-01,9.227010e+00,7.412962e-01,9.006793e+00,8.829782e-01,1.258353e+01
1.600000e+02,2.655435e+03,-1.000000e+00,5.271943e-01,8.851454e+00,7.259771e-01,8.964194e+00,8.676501e-01,2.968136e+00
1.610000e+02,2.735658e+03,-1.000000e+00,5.271350e-01,8.977873e+00,7.482403e-01,8.995777e+00,8.722307e-01,3.102355e+00
1.620000e+02,2.525891e+03,-1.000000e+00,5.272147e-01,9.281193e+00,7.448185e-01,9.018285e+00,8.866065e-01,3.157125e+00
1.630000e+02,2.507342e+03,-1.000000e+00,5.272140e-01,8.984262e+00,7.358365e-01,8.986059e+00,8.751680e-01,3.055023e+00
1.640000e+02,2.701492e+03,-1.000000e+00,5.271880e-01,9.122182e+00,7.235417e-01,9.006628e+00,8.789753e-01,3.012585e+00
1.650000e+02,2.662938e+03,-1.000000e+00,5.271920e-01,9.409359e+00,7.625525e-01,9.026384e+00,8.882277e-01,3.253901e+00
1.660000e+02,2.558424e+03,8.877416e-01,5.271583e-01,9.318990e+00,7.388854e-01,9.027579e+00,8.892478e-01,1.257937e+01
1.670000e+02,2.693776e+03,-1.000000e+00,5.271793e-01,9.156108e+00,7.488013e-01,9.010543e+00,8.766933e-01,3.127473e+00
1.680000e+02,2.644620e+03,8.841717e-01,5.272613e-01,8.871875e+00,7.260979e-01,8.972031e+00,8.687448e-01,1.239507e+01
1.690000e+02,2.585229e+03,9.299105e-01,5.272367e-01,9.153816e+00,7.338990e-01,8.986945e+00,8.754195e-01,1.269614e+01
1.700000e+02,2.784433e+03,-1.000000e+00,5.271940e-01,9.221663e+00,7.467443e-01,9.005412e+00,8.768005e-01,3.117724e+00
1.710000e+02,2.530713e+03,-1.000000e+00,5.272043e-01,8.844795e+00,7.335861e-01,8.975672e+00,8.730038e-01,3.032950e+00
1.720000e+02,2.547309e+03,-1.000000e+00,5.272073e-01,9.159853e+00,7.323498e-01,9.005968e+00,8.806256e-01,3.064877e+00
1.730000e+02,2.712073e+03,-1.000000e+00,5.271753e-01,8.865410e+00,7.173039e-01,8.990643e+00,8.722874e-01,2.947956e+00
1.740000e+02,2.620501e+03,9.184440e-01,5.271917e-01,8.881160e+00,7.309630e-01,8.971990e+00,8.718964e-01,1.260652e+01
1.750000e+02,2.800874e+03,-1.000000e+00,5.272037e-01,9.272724e+00,7.531796e-01,9.011346e+00,8.862311e-01,3.197054e+00
1.760000e+02,2.532557e+03,-1.000000e+00,5.271730e-01,9.741207e+00,7.498332e-01,9.048849e+00,8.971816e-01,3.235074e+00
1.770000e+02,2.857647e+03,-1.000000e+00,5.271867e-01,9.187563e+00,7.258444e-01,9.002879e+00,8.787081e-01,3.022762e+00
1.780000e+02,2.478186e+03,-1.000000e+00,5.272327e-01,9.445299e+00,7.691256e-01,9.031189e+00,8.921094e-01,3.306175e+00
1.790000e+02,2.589513e+03,9.402817e-01,5.272127e-01,9.156099e+00,7.517651e-01,8.995349e+00,8.785117e-01,1.285279e+01
1.800000e+02,2.711553e+03,-1.000000e+00,5.271650e-01,9.790422e+00,7.867583e-01,9.041630e+00,8.904130e-01,3.385857e+00
1.810000e+02,2.761397e+03,-1.000000e+00,5.271193e-01,8.964609e+00,7.293399e-01,8.995260e+00,8.753474e-01,3.023436e+00
1.820000e+02,2.785518e+03,-1.000000e+00,5.272193e-01,9.318417e+00,7.504453e-01,9.009971e+00,8.824363e-01,3.164408e+00
1.830000e+02,2.545437e+03,-1.000000e+00,5.272207e-01,9.124474e+00,7.234617e-01,8.988122e+00,8.735475e-01,2.985046e+00
1.840000e+02,2.636928e+03,8.935142e-01,5.272383e-01,1.017797e+01,6.960768e-01,9.085679e+00,9.151475e-01,1.252369e+01
1.850000e+02,2.819152e+03,-1.000000e+00,5.271330e-01,9.731411e+00,8.173316e-01,9.055132e+00,8.882203e-01,3.527760e+00
1.860000e+02,2.532133e+03,-1.000000e+00,5.272480e-01,9.314193e+00,7.521489e-01,9.011472e+00,8.851939e-01,3.186714e+00
1.870000e+02,2.618793e+03,9.216446e-01,5.272060e-01,1.011398e+01,7.330374e-01,9.083796e+00,9.003581e-01,1.277520e+01
1.880000e+02,2.621629e+03,9.164161e-01,5.272053e-01,1.017146e+01,7.223568e-01,9.099831e+00,9.083095e-01,1.273541e+01
1.890000e+02,2.739768e+03,-1.000000e+00,5.271150e-01,8.667362e+00,7.077743e-01,8.955032e+00,8.627493e-01,2.852618e+00
1.900000e+02,2.710271e+03,-1.000000e+00,5.271987e-01,1.018442e+01,7.407919e-01,9.087804e+00,9.052789e-01,3.230354e+00
1.910000e+02,2.685002e+03,-1.000000e+00,5.272280e-01,8.813637e+00,7.063413e-01,8.961456e+00,8.634524e-01,2.848969e+00
1.920000e+02,2.611497e+03,9.376489e-01,5.271507e-01,9.064608e+00,7.399398e-01,8.995031e+00,8.790458e-01,1.278317e+01
1.930000e+02,2.664406e+03,-1.000000e+00,5.272447e-01,9.127242e+00,7.391605e-01,9.015501e+00,8.803161e-01,3.097383e+00
1.940000e+02,2.592672e+03,9.495868e-01,5.271617e-01,9.972177e+00,7.675653e-01,9.084313e+00,8.999162e-01,1.308534e+01
1.950000e+02,2.781499e+03,-1.000000e+00,5.271453e-01,9.466485e+00,7.687502e-01,9.015221e+00,8.816283e-01,3.251893e+00
1.960000e+02,2.642883e+03,8.861893e-01,5.272247e-01,9.003025e+00,7.457852e-01,8.996692e+00,8.729557e-01,1.252465e+01
1.970000e+02,2.694106e+03,-1.000000e+00,5.271363e-01,9.021812e+00,7.330244e-01,8.994538e+00,8.767502e-01,3.048873e+00
1.980000e+02,2.566667e+03,8.982889e-01,5.271513e-01,8.741442e+00,7.198223e-01,8.966380e+00,8.693279e-01,1.243720e+01
1.990000e+02,2.619030e+03,9.211898e-01,5.272473e-01,8.929721e+00,7.162191e-01,8.966420e+00,8.649161e-01,1.251163e+01
2.000000e+02,2.647311e+03,8.811395e-01,5.272147e-01,9.040938e+00,7.288548e-01,8.984548e+00,8.726700e-01,1.241332e+01
2.010000e+02,2.763657e+03,-1.000000e+00,5.271587e-01,8.731967e+00,7.141404e-01,8.955376e+00,8.636208e-01,2.888806e+00
2.020000e+02,2.540106e+03,-1.000000e+00,5.271997e-01,9.206517e+00,7.426600e-01,9.028822e+00,8.842394e-01,3.134497e+00
2.030000e+02,2.508831e+03,-1.000000e+00,5.272017e-01,9.145363e+00,7.250292e-01,8.993555e+00,8.733546e-01,2.991919e+00
2.040000e+02,2.525696e+03,-1.000000e+00,5.271827e-01,8.945842e+00,7.384482e-01,8.992338e+00,8.748336e-01,3.066409e+00
2.050000e+02,2.587600e+03,9.354004e-01,5.271743e-01,9.869474e+00,7.766442e-01,9.074606e+00,8.996082e-01,1.305826e+01
2.060000e+02,2.839695e+03,-1.000000e+00,5.272197e-01,1.014593e+01,7.150285e-01,9.088436e+00,9.107796e-01,3.129040e+00
2.070000e+02,2.836886e+03,-1.000000e+00,5.272017e-01,9.391406e+00,7.582311e-01,9.018174e+00,8.844811e-01,3.213561e+00
2.080000e+02,2.575820e+03,9.120453e-01,5.271333e-01,9.722370e+00,7.706902e-01,9.054871e+00,8.950696e-01,1.288903e+01
2.090000e+02,2.567886e+03,8.999784e-01,5.272180e-01,9.279510e+00,7.435788e-01,9.015100e+00,8.868090e-01,1.265183e+01
2.100000e+02,2.560633e+03,8.904328e-01,5.272797e-01,8.759520e+00,7.252336e-01,8.971844e+00,8.695271e-01,1.242597e+01
2.110000e+02,2.598559e+03,9.769982e-01,5.272100e-01,9.480145e+00,7.951378e-01,9.045436e+00,8.812483e-01,1.326692e+01
2.120000e+02,2.570911e+03,9.043440e-01,5.271803e-01,9.437816e+00,7.832528e-01,9.026640e+00,8.894268e-01,1.288512e+01
2.130000e+02,2.638035e+03,8.921009e-01,5.272480e-01,8.951869e+00,7.214063e-01,8.977101e+00,8.702066e-01,1.241857e+01
2.140000e+02,2.549212e+03,-1.000000e+00,5.271557e-01,9.155359e+00,7.552082e-01,9.003870e+00,8.799592e-01,3.175837e+00
2.150000e+02,2.574312e+03,9.095892e-01,5.272513e-01,8.626028e+00,7.159324e-01,8.959245e+00,8.647602e-01,1.245141e+01
2.160000e+02,2.633190e+03,8.984851e-01,5.271347e-01,9.548349e+00,7.937601e-01,9.026211e+00,8.865062e-01,1.289376e+01
2.170000e+02,2.752655e+03,-1.000000e+00,5.271960e-01,9.325193e+00,7.457501e-01,9.019181e+00,8.854198e-01,3.155849e+00
2.180000e+02,2.732676e+03,-1.000000e+00,5.271607e-01,9.124318e+00,7.390489e-01,8.995323e+00,8.775628e-01,3.083058e+00
2.190000e+02,2.654308e+03,-1.000000e+00,5.270827e-01,1.009875e+01,7.450758e-01,9.084327e+00,8.982206e-01,3.216482e+00
2.200000e+02,2.584622e+03,9.285863e-01,5.272293e-01,8.930048e+00,7.322857e-01,8.979999e+00,8.741699e-01,1.267521e+01
2.210000e+02,2.592911e+03,9.503742e-01,5.272727e-01,9.383969e+00,7.696837e-01,9.024584e+00,8.855657e-01,1.302812e+01
2.220000e+02,2.800327e+03,-1.000000e+00,5.272373e-01,9.048501e+00,7.354531e-01,9.003740e+00,8.814034e-01,3.084282e+00
2.230000e+02,2.847220e+03,-1.000000e+00,5.271407e-01,9.161157e+00,7.415134e-01,9.009277e+00,8.829777e-01,3.122456e+00
2.240000e+02,2.666942e+03,-1.000000e+00,5.272190e-01,9.360417e+00,7.746607e-01,9.028553e+00,8.816064e-01,3.281335e+00
2.250000e+02,2.562152e+03,8.923372e-01,5.271580e-01,1.052168e+01,7.019313e-01,9.114527e+00,9.161554e-01,1.255212e+01
2.260000e+02,2.768112e+03,-1.000000e+00,5.271650e-01,9.938429e+00,7.467299e-01,9.062568e+00,8.990252e-01,3.228776e+00
2.270000e+02,2.808891e+03,-1.000000e+00,5.271520e-01,8.947284e+00,7.302890e-01,8.985121e+00,8.737061e-01,3.019975e+00
2.280000e+02,2.509243e+03,-1.000000e+00,5.272940e-01,9.403777e+00,7.724152e-01,9.032260e+00,8.840242e-01,3.282197e+00
2.290000e+02,2.654991e+03,-1.000000e+00,5.271623e-01,9.430643e+00,7.580346e-01,9.019787e+00,8.880832e-01,3.230589e+00
2.300000e+02,2.722146e+03,-1.000000e+00,5.272220e-01,9.171448e+00,7.517603e-01,9.005402e+00,8.805104e-01,3.161354e+00
2.310000e+02,2.557314e+03,8.864218e-01,5.271580e-01,8.748761e+00,7.237945e-01,8.974736e+00,8.728446e-01,1.241530e+01
2.320000e+02,2.733219e+03,-1.000000e+00,5.271877e-01,9.378430e+00,7.619003e-01,9.021076e+00,8.880090e-01,3.249547e+00
2.330000e+02,2.659520e+03,-1.000000e+00,5.272210e-01,9.407921e+00,7.516716e-01,9.021296e+00,8.855676e-01,3.186196e+00
2.340000e+02,2.612367e+03,9.354813e-01,5.272110e-01,8.890023e+00,7.277895e-01,8.978658e+00,8.719358e-01,1.267603e+01
2.350000e+02,2.688247e+03,-1.000000e+00,5.271560e-01,8.937987e+00,7.242777e-01,8.982928e+00,8.743979e-01,2.993378e+00
2.360000e+02,2.620763e+03,9.179682e-01,5.271390e-01,9.283561e+00,7.253542e-01,8.994193e+00,8.749960e-01,1.259159e+01
2.370000e+02,2.577168e+03,9.143193e-01,5.272013e-01,9.241275e+00,7.645160e-01,9.014062e+00,8.832803e-01,1.281058e+01
2.380000e+02,2.729061e+03,-1.000000e+00,5.271747e-01,8.946888e+00,7.140065e-01,8.978304e+00,8.690470e-01,2.915268e+00
2.390000e+02,2.534278e+03,-1.000000e+00,5.272207e-01,8.908156e+00,7.320120e-01,8.968943e+00,8.695706e-01,3.007913e+00
2.400000e+02,2.555944e+03,8.848212e-01,5.272887e-01,9.360386e+00,7.585880e-01,9.021200e+00,8.851464e-01,1.264278e+01
2.410000e+02,2.561718e+03,8.917888e-01,5.271513e-01,9.505781e+00,7.773990e-01,9.037283e+00,8.943356e-01,1.281762e+01
2.420000e+02,2.487003e+03,-1.000000e+00,5.271917e-01,9.365312e+00,7.658286e-01,9.011800e+00,8.859996e-01,3.259141e+00
2.430000e+02,2.679051e+03,-1.000000e+00,5.272007e-01,8.847746e+00,7.090230e-01,8.971142e+00,8.681893e-01,2.886061e+00
2.440000e+02,2.576937e+03,9.139241e-01,5.272480e-01,9.233501e+00,7.392596e-01,9.006149e+00,8.831616e-01,1.268173e+01
2.450000e+02,2.599272e+03,9.835449e-01,5.271940e-01,8.936680e+00,7.356098e-01,8.989042e+00,8.780672e-01,1.298611e+01
2.460000e+02,2.535460e+03,-1.000000e+00,5.272690e-01,9.338756e+00,7.860469e-01,9.016388e+00,8.810280e-01,3.335375e+00
2.470000e+02,2.601652e+03,9.754117e-01,5.270957e-01,9.697825e+00,7.662655e-01,9.050109e+00,8.957210e-01,1.318699e+01
2.480000e+02,2.813342e+03,-1.000000e+00,5.271507e-01,9.165336e+00,7.369069e-01,9.010710e+00,8.766760e-01,3.067915e+00
2.490000e+02,2.533150e+03,-1.000000e+00,5.271883e-01,1.082093e+01,6.968314e-01,9.139695e+00,9.242261e-01,3.105287e+00
2.500000e+02,2.522000e+03,-1.000000e+00,5.272333e-01,9.477517e+00,7.742192e-01,9.033498e+00,8.864665e-01,3.303429e+00
2.510000e+02,2.644687e+03,8.840951e-01,5.271917e-01,8.823497e+00,7.262091e-01,8.974865e+00,8.727508e-01,1.241528e+01
2.520000e+02,2.559759e+03,8.893571e-01,5.272127e-01,8.617528e+00,7.057107e-01,8.951139e+00,8.645948e-01,1.229831e+01
2.530000e+02,2.564607e+03,8.955170e-01,5.271767e-01,9.518916e+00,7.879851e-01,9.048363e+00,8.854063e-01,1.284454e+01
2.540000e+02,2.751180e+03,-1.000000e+00,5.271730e-01,9.291956e+00,7.492707e-01,9.015347e+00,8.848790e-01,3.170749e+00
2.550000e+02,2.534406e+03,-1.000000e+00,5.272480e-01,9.184474e+00,7.467135e-01,8.996539e+00,8.801378e-01,3.134257e+00
2.560000e+02,2.646228e+03,8.823463e-01,5.272757e-01,9.167502e+00,7.652421e-01,8.998045e+00,8.749377e-01,1.261263e+01
