# step_count,fitted_elastic_modulus,elastic_modulus_match_degree,average_bond_length,average_persistence_length,persistence_length_match_degree,average_end_to_end_distance,end_to_end_distance_match_degree,reward_value
1.000000e+00,3.046124e+03,-1.000000e+00,5.271573e-01,1.960418e+01,-1.000000e+00,9.490947e+00,-1.000000e+00,-1.500000e+01
2.000000e+00,2.531699e+03,-1.000000e+00,5.272533e-01,2.132313e+01,-1.000000e+00,9.524770e+00,-1.000000e+00,-1.500000e+01
3.000000e+00,2.576766e+03,9.136323e-01,5.271920e-01,2.100160e+01,-1.000000e+00,9.519211e+00,-1.000000e+00,-5.431838e+00
4.000000e+00,2.767974e+03,-1.000000e+00,5.271440e-01,1.224385e+01,6.333411e-01,9.224012e+00,8.879824e-01,2.606618e+00
5.000000e+00,3.090097e+03,-1.000000e+00,5.272323e-01,1.349597e+01,-1.000000e+00,9.299680e+00,8.582655e-01,-5.708672e+00
6.000000e+00,2.660862e+03,-1.000000e+00,5.271630e-01,1.475344e+01,-1.000000e+00,9.352167e+00,-1.000000e+00,-1.500000e+01
7.000000e+00,2.675911e+03,-1.000000e+00,5.271350e-01,1.474926e+01,-1.000000e+00,9.346558e+00,-1.000000e+00,-1.500000e+01
8.000000e+00,2.956265e+03,-1.000000e+00,5.271090e-01,1.205274e+01,6.360339e-01,9.216442e+00,8.908518e-01,2.634428e+00
9.000000e+00,2.975786e+03,-1.000000e+00,5.272397e-01,2.322286e+01,-1.000000e+00,9.557554e+00,-1.000000e+00,-1.500000e+01
1.000000e+01,2.803654e+03,-1.000000e+00,5.272063e-01,1.028077e+01,7.326770e-01,9.088844e+00,9.041838e-01,3.184304e+00
1.100000e+01,2.825557e+03,-1.000000e+00,5.272043e-01,2.030476e+01,-1.000000e+00,9.503919e+00,-1.000000e+00,-1.500000e+01
1.200000e+01,2.928432e+03,-1.000000e+00,5.271607e-01,1.443322e+01,-1.000000e+00,9.330380e+00,-1.000000e+00,-1.500000e+01
1.300000e+01,2.535001e+03,-1.000000e+00,5.272030e-01,1.784937e+01,-1.000000e+00,9.442288e+00,-1.000000e+00,-1.500000e+01
1.400000e+01,2.793641e+03,-1.000000e+00,5.270550e-01,2.425778e+01,-1.000000e+00,9.567622e+00,-1.000000e+00,-1.500000e+01
1.500000e+01,3.123920e+03,-1.000000e+00,5.271790e-01,1.608496e+01,-1.000000e+00,9.400879e+00,-1.000000e+00,-1.500000e+01
1.600000e+01,2.657505e+03,-1.000000e+00,5.271943e-01,2.026849e+01,-1.000000e+00,9.497477e+00,-1.000000e+00,-1.500000e+01
1.700000e+01,3.007163e+03,-1.000000e+00,5.271377e-01,9.691044e+00,8.012683e-01,9.055703e+00,8.887093e-01,3.449888e+00
1.800000e+01,3.044587e+03,-1.000000e+00,5.271930e-01,1.991073e+01,-1.000000e+00,9.491719e+00,-1.000000e+00,-1.500000e+01
1.900000e+01,3.001264e+03,-1.000000e+00,5.271997e-01,1.633612e+01,-1.000000e+00,9.403163e+00,-1.000000e+00,-1.500000e+01
2.000000e+01,2.466762e+03,-1.000000e+00,5.272533e-01,2.431489e+01,-1.000000e+00,9.578496e+00,-1.000000e+00,-1.500000e+01
2.100000e+01,2.749592e+03,-1.000000e+00,5.271633e-01,2.043104e+01,-1.000000e+00,9.506948e+00,-1.000000e+00,-1.500000e+01
2.200000e+01,2.454587e+03,-1.000000e+00,5.271433e-01,9.697272e+00,7.738946e-01,9.057515e+00,8.932080e-01,3.335513e+00
2.300000e+01,3.016173e+03,-1.000000e+00,5.271470e-01,1.004261e+01,7.412230e-01,9.078250e+00,9.046786e-01,3.229508e+00
2.400000e+01,2.996783e+03,-1.000000e+00,5.271960e-01,1.154229e+01,6.420525e-01,9.196165e+00,9.024040e-01,2.722283e+00
2.500000e+01,3.064946e+03,-1.000000e+00,5.271560e-01,2.045337e+01,-1.000000e+00,9.505070e+00,-1.000000e+00,-1.500000e+01
2.600000e+01,3.140579e+03,-1.000000e+00,5.272240e-01,2.146839e+01,-1.000000e+00,9.516029e+00,-1.000000e+00,-1.500000e+01
2.700000e+01,3.203657e+03,-1.000000e+00,5.270950e-01,1.090533e+01,6.839693e-01,9.153997e+00,9.269615e-01,3.054654e+00
2.800000e+01,2.582309e+03,9.237971e-01,5.272000e-01,1.743373e+01,-1.000000e+00,9.430516e+00,-1.000000e+00,-5.381015e+00
2.900000e+01,3.118866e+03,-1.000000e+00,5.271893e-01,1.751562e+01,-1.000000e+00,9.442090e+00,-1.000000e+00,-1.500000e+01
3.000000e+01,3.226930e+03,-1.000000e+00,5.270690e-01,2.196962e+01,-1.000000e+00,9.538588e+00,-1.000000e+00,-1.500000e+01
3.100000e+01,2.978155e+03,-1.000000e+00,5.271350e-01,1.999870e+01,-1.000000e+00,9.499423e+00,-1.000000e+00,-1.500000e+01
3.200000e+01,2.496284e+03,-1.000000e+00,5.272290e-01,1.393228e+01,-1.000000e+00,9.312347e+00,8.554819e-01,-5.722591e+00
3.300000e+01,3.180571e+03,-1.000000e+00,5.272147e-01,1.095890e+01,6.633511e-01,9.143842e+00,9.321332e-01,2.977422e+00
3.400000e+01,2.878502e+03,-1.000000e+00,5.271967e-01,2.068903e+01,-1.000000e+00,9.512264e+00,-1.000000e+00,-1.500000e+01
3.500000e+01,2.945973e+03,-1.000000e+00,5.271850e-01,1.577900e+01,-1.000000e+00,9.380880e+00,-1.000000e+00,-1.500000e+01
3.600000e+01,3.010012e+03,-1.000000e+00,5.271197e-01,1.516326e+01,-1.000000e+00,9.368330e+00,-1.000000e+00,-1.500000e+01
3.700000e+01,2.854548e+03,-1.000000e+00,5.271677e-01,1.706200e+01,-1.000000e+00,9.424943e+00,-1.000000e+00,-1.500000e+01
3.800000e+01,2.459953e+03,-1.000000e+00,5.271307e-01,1.746249e+01,-1.000000e+00,9.431819e+00,-1.000000e+00,-1.500000e+01
3.900000e+01,3.114473e+03,-1.000000e+00,5.271590e-01,1.239340e+01,6.236398e-01,9.248884e+00,8.741593e-01,2.488996e+00
4.000000e+01,2.835368e+03,-1.000000e+00,5.271720e-01,2.098991e+01,-1.000000e+00,9.513703e+00,-1.000000e+00,-1.500000e+01
4.100000e+01,2.520059e+03,-1.000000e+00,5.272447e-01,2.417884e+01,-1.000000e+00,9.573007e+00,-1.000000e+00,-1.500000e+01
4.200000e+01,3.134638e+03,-1.000000e+00,5.271323e-01,1.806965e+01,-1.000000e+00,9.450389e+00,-1.000000e+00,-1.500000e+01
4.300000e+01,3.000961e+03,-1.000000e+00,5.271643e-01,1.522368e+01,-1.000000e+00,9.370558e+00,-1.000000e+00,-1.500000e+01
4.400000e+01,2.592805e+03,9.500242e-01,5.272340e-01,1.744905e+01,-1.000000e+00,9.436849e+00,-1.000000e+00,-5.249879e+00
4.500000e+01,2.956972e+03,-1.000000e+00,5.272383e-01,1.751241e+01,-1.000000e+00,9.437753e+00,-1.000000e+00,-1.500000e+01
4.600000e+01,2.999390e+03,-1.000000e+00,5.271580e-01,1.401840e+01,-1.000000e+00,9.313830e+00,-1.000000e+00,-1.500000e+01
4.700000e+01,3.187852e+03,-1.000000e+00,5.272040e-01,2.283816e+01,-1.000000e+00,9.548461e+00,-1.000000e+00,-1.500000e+01
4.800000e+01,2.492247e+03,-1.000000e+00,5.272187e-01,9.645257e+00,7.490360e-01,9.057488e+00,8.978160e-01,3.234260e+00
4.900000e+01,2.762476e+03,-1.000000e+00,5.271633e-01,1.944183e+01,-1.000000e+00,9.483149e+00,-1.000000e+00,-1.500000e+01
5.000000e+01,2.831932e+03,-1.000000e+00,5.272087e-01,1.164147e+01,6.525392e-01,9.192363e+00,9.058392e-01,2.791892e+00
5.100000e+01,2.591541e+03,9.460396e-01,5.272077e-01,1.996995e+01,-1.000000e+00,9.499207e+00,-1.000000e+00,-5.269802e+00
5.200000e+01,2.954213e+03,-1.000000e+00,5.272813e-01,1.907395e+01,-1.000000e+00,9.477404e+00,-1.000000e+00,-1.500000e+01
5.300000e+01,3.047539e+03,-1.000000e+00,5.271713e-01,2.057710e+01,-1.000000e+00,9.513203e+00,-1.000000e+00,-1.500000e+01
5.400000e+01,2.693730e+03,-1.000000e+00,5.271733e-01,2.068876e+01,-1.000000e+00,9.511340e+00,-1.000000e+00,-1.500000e+01
5.500000e+01,3.035302e+03,-1.000000e+00,5.271887e-01,1.898424e+01,-1.000000e+00,9.479937e+00,-1.000000e+00,-1.500000e+01
5.600000e+01,2.773818e+03,-1.000000e+00,5.271297e-01,1.916977e+01,-1.000000e+00,9.478392e+00,-1.000000e+00,-1.500000e+01
5.700000e+01,2.783418e+03,-1.000000e+00,5.271447e-01,1.586822e+01,-1.000000e+00,9.384750e+00,-1.000000e+00,-1.500000e+01
5.800000e+01,2.982079e+03,-1.000000e+00,5.271427e-01,1.294472e+01,-1.000000e+00,9.270680e+00,8.696285e-01,-5.651857e+00
5.900000e+01,2.785659e+03,-1.000000e+00,5.271317e-01,1.581050e+01,-1.000000e+00,9.393721e+00,-1.000000e+00,-1.500000e+01
6.000000e+01,2.480694e+03,-1.000000e+00,5.272127e-01,2.393181e+01,-1.000000e+00,9.567675e+00,-1.000000e+00,-1.500000e+01
6.100000e+01,2.535153e+03,-1.000000e+00,5.272817e-01,1.848729e+01,-1.000000e+00,9.464863e+00,-1.000000e+00,-1.500000e+01
6.200000e+01,2.901894e+03,-1.000000e+00,5.271750e-01,1.297893e+01,-1.000000e+00,9.265010e+00,8.721657e-01,-5.639171e+00
6.300000e+01,2.560164e+03,8.898539e-01,5.271817e-01,2.109994e+01,-1.000000e+00,9.516699e+00,-1.000000e+00,-5.550731e+00
6.400000e+01,2.994525e+03,-1.000000e+00,5.271760e-01,1.088620e+01,6.932376e-01,9.155665e+00,9.253388e-01,3.092882e+00
6.500000e+01,2.749625e+03,-1.000000e+00,5.271230e-01,1.189416e+01,6.286222e-01,9.212940e+00,8.954052e-01,2.620137e+00
6.600000e+01,2.483071e+03,-1.000000e+00,5.272303e-01,1.104374e+01,6.760706e-01,9.150787e+00,9.260119e-01,3.010413e+00
6.700000e+01,2.707391e+03,-1.000000e+00,5.271387e-01,1.824213e+01,-1.000000e+00,9.465259e+00,-1.000000e+00,-1.500000e+01
6.800000e+01,2.741712e+03,-1.000000e+00,5.271137e-01,1.284903e+01,-1.000000e+00,9.255827e+00,8.753903e-01,-5.623049e+00
6.900000e+01,3.124399e+03,-1.000000e+00,5.272270e-01,2.026626e+01,-1.000000e+00,9.501496e+00,-1.000000e+00,-1.500000e+01
7.000000e+01,2.765458e+03,-1.000000e+00,5.272313e-01,1.773501e+01,-1.000000e+00,9.440243e+00,-1.000000e+00,-1.500000e+01
7.100000e+01,2.550432e+03,8.786772e-01,5.272637e-01,1.717972e+01,-1.000000e+00,9.431456e+00,-1.000000e+00,-5.606614e+00
7.200000e+01,2.958759e+03,-1.000000e+00,5.271703e-01,2.117735e+01,-1.000000e+00,9.510010e+00,-1.000000e+00,-1.500000e+01
7.300000e+01,3.000583e+03,-1.000000e+00,5.272443e-01,1.097623e+01,6.858837e-01,9.157988e+00,9.263021e-01,3.060929e+00
7.400000e+01,2.587735e+03,9.357303e-01,5.272410e-01,1.344735e+01,-1.000000e+00,9.289611e+00,8.627021e-01,3.992162e+00
7.500000e+01,3.134083e+03,-1.000000e+00,5.272040e-01,1.942474e+01,-1.000000e+00,9.481287e+00,-1.000000e+00,-1.500000e+01
7.600000e+01,2.765111e+03,-1.000000e+00,5.271683e-01,1.964011e+01,-1.000000e+00,9.491461e+00,-1.000000e+00,-1.500000e+01
7.700000e+01,2.897752e+03,-1.000000e+00,5.272453e-01,1.305686e+01,-1.000000e+00,9.263451e+00,8.732693e-01,-5.633653e+00
7.800000e+01,2.596086e+03,9.626485e-01,5.271950e-01,2.055702e+01,-1.000000e+00,9.508855e+00,-1.000000e+00,-5.186758e+00
7.900000e+01,2.483852e+03,-1.000000e+00,5.272677e-01,1.516361e+01,-1.000000e+00,9.358049e+00,-1.000000e+00,-1.500000e+01
8.000000e+01,2.449420e+03,-1.000000e+00,5.272140e-01,1.241875e+01,6.253891e-01,9.244454e+00,8.768616e-01,2.511254e+00
8.100000e+01,2.470769e+03,-1.000000e+00,5.271367e-01,1.953938e+01,-1.000000e+00,9.493608e+00,-1.000000e+00,-1.500000e+01
8.200000e+01,3.088917e+03,-1.000000e+00,5.272100e-01,1.775307e+01,-1.000000e+00,9.454538e+00,-1.000000e+00,-1.500000e+01
8.300000e+01,2.590633e+03,9.433750e-01,5.272530e-01,1.212340e+01,6.313909e-01,9.219034e+00,8.908915e-01,1.232829e+01
8.400000e+01,2.671837e+03,-1.000000e+00,5.271887e-01,1.541561e+01,-1.000000e+00,9.377912e+00,-1.000000e+00,-1.500000e+01
8.500000e+01,3.177307e+03,-1.000000e+00,5.272060e-01,2.001777e+01,-1.000000e+00,9.490824e+00,-1.000000e+00,-1.500000e+01
8.600000e+01,2.511981e+03,-1.000000e+00,5.272043e-01,9.956709e+00,7.302888e-01,9.078802e+00,9.052852e-01,3.177870e+00
8.700000e+01,3.204620e+03,-1.000000e+00,5.272060e-01,1.598216e+01,-1.000000e+00,9.399890e+00,-1.000000e+00,-1.500000e+01
8.800000e+01,2.516362e+03,-1.000000e+00,5.271917e-01,1.596901e+01,-1.000000e+00,9.396008e+00,-1.000000e+00,-1.500000e+01
8.900000e+01,2.837711e+03,-1.000000e+00,5.271653e-01,1.420172e+01,-1.000000e+00,9.317160e+00,8.541348e-01,-5.729326e+00
9.000000e+01,2.817941e+03,-1.000000e+00,5.271313e-01,2.377291e+01,-1.000000e+00,9.566706e+00,-1.000000e+00,-1.500000e+01
9.100000e+01,2.739921e+03,-1.000000e+00,5.271767e-01,1.614635e+01,-1.000000e+00,9.399323e+00,-1.000000e+00,-1.500000e+01
9.200000e+01,2.568930e+03,9.014563e-01,5.272163e-01,2.206925e+01,-1.000000e+00,9.538930e+00,-1.000000e+00,-5.492718e+00
9.300000e+01,2.953867e+03,-1.000000e+00,5.271590e-01,1.672347e+01,-1.000000e+00,9.419173e+00,-1.000000e+00,-1.500000e+01
9.400000e+01,2.601076e+03,9.800641e-01,5.272450e-01,2.257952e+01,-1.000000e+00,9.547897e+00,-1.000000e+00,-5.099680e+00
9.500000e+01,3.034534e+03,-1.000000e+00,5.271440e-01,1.341420e+01,-1.000000e+00,9.293534e+00,8.619598e-01,-5.690201e+00
9.600000e+01,2.819032e+03,-1.000000e+00,5.270943e-01,2.305728e+01,-1.000000e+00,9.554998e+00,-1.000000e+00,-1.500000e+01
9.700000e+01,3.127392e+03,-1.000000e+00,5.272270e-01,1.744882e+01,-1.000000e+00,9.444256e+00,-1.000000e+00,-1.500000e+01
9.800000e+01,3.145479e+03,-1.000000e+00,5.272277e-01,1.971268e+01,-1.000000e+00,9.485445e+00,-1.000000e+00,-1.500000e+01
9.900000e+01,2.895565e+03,-1.000000e+00,5.271937e-01,1.739368e+01,-1.000000e+00,9.436531e+00,-1.000000e+00,-1.500000e+01
1.000000e+02,3.035108e+03,-1.000000e+00,5.272280e-01,1.252977e+01,6.161430e-01,9.247043e+00,8.755636e-01,2.458533e+00
1.010000e+02,2.579865e+03,9.191159e-01,5.272197e-01,9.044238e+00,7.316280e-01,8.989977e+00,8.753638e-01,1.263054e+01
1.020000e+02,2.577917e+03,9.156169e-01,5.271783e-01,9.259977e+00,7.441909e-01,9.031593e+00,8.860136e-01,1.272911e+01
1.030000e+02,2.669372e+03,-1.000000e+00,5.271607e-01,1.028716e+01,6.878695e-01,9.090427e+00,9.192096e-01,3.035396e+00
1.040000e+02,2.583685e+03,9.266001e-01,5.272213e-01,1.001222e+01,7.464124e-01,9.087785e+00,9.024806e-01,1.287747e+01
1.050000e+02,2.601172e+03,9.792079e-01,5.272210e-01,1.046228e+01,6.923090e-01,9.099878e+00,9.149301e-01,1.293224e+01
1.060000e+02,2.618079e+03,9.230312e-01,5.271570e-01,1.004613e+01,7.680875e-01,9.092807e+00,9.023896e-01,1.296754e+01
1.070000e+02,2.595691e+03,9.608810e-01,5.271350e-01,9.181383e+00,7.429426e-01,9.001871e+00,8.803313e-01,1.292077e+01
1.080000e+02,2.583967e+03,9.271896e-01,5.271513e-01,1.052165e+01,7.042520e-01,9.121214e+00,9.166613e-01,1.274051e+01
1.090000e+02,2.606765e+03,9.514668e-01,5.270833e-01,9.382574e+00,7.387507e-01,9.023758e+00,8.896608e-01,1.289939e+01
1.100000e+02,2.610113e+03,9.412936e-01,5.271883e-01,9.747962e+00,8.507574e-01,9.069560e+00,8.881005e-01,1.340076e+01
1.110000e+02,2.611759e+03,9.369858e-01,5.272317e-01,9.565932e+00,7.799675e-01,9.052691e+00,8.910872e-01,1.304020e+01
1.120000e+02,2.625329e+03,9.101653e-01,5.271937e-01,9.478792e+00,7.753690e-01,9.032049e+00,8.892970e-01,1.287416e+01
1.130000e+02,2.645367e+03,8.833185e-01,5.271347e-01,9.022911e+00,7.196590e-01,8.987824e+00,8.737301e-01,1.238354e+01
1.140000e+02,2.617420e+03,9.243398e-01,5.272460e-01,9.373963e+00,7.437729e-01,9.029475e+00,8.860736e-01,1.277093e+01
1.150000e+02,2.612142e+03,9.360330e-01,5.271700e-01,9.612955e+00,7.714664e-01,9.040064e+00,8.950174e-01,1.301258e+01
1.160000e+02,2.564787e+03,8.957549e-01,5.272060e-01,9.646536e+00,7.635352e-01,9.057083e+00,8.995071e-01,1.279399e+01
1.170000e+02,2.611452e+03,9.377637e-01,5.272257e-01,1.001581e+01,7.350812e-01,9.078995e+00,9.033124e-01,1.288079e+01
1.180000e+02,2.573718e+03,9.086440e-01,5.271443e-01,9.677730e+00,7.612484e-01,9.054553e+00,8.975289e-01,1.283711e+01
1.190000e+02,2.590098e+03,9.418734e-01,5.272667e-01,1.003331e+01,7.366341e-01,9.074349e+00,9.057211e-01,1.292114e+01
1.200000e+02,2.586126e+03,9.319245e-01,5.272180e-01,9.392894e+00,7.754397e-01,9.030056e+00,8.857752e-01,1.296570e+01
1.210000e+02,2.598932e+03,9.801356e-01,5.271323e-01,9.325279e+00,7.441999e-01,9.021107e+00,8.887791e-01,1.306557e+01
1.220000e+02,2.613869e+03,9.319360e-01,5.271833e-01,9.404484e+00,7.472379e-01,9.046463e+00,8.919460e-01,1.285560e+01
1.230000e+02,2.593773e+03,9.533453e-01,5.271853e-01,8.865705e+00,7.364262e-01,8.993293e+00,8.717372e-01,1.280754e+01
1.240000e+02,2.603443e+03,9.648902e-01,5.272203e-01,1.000719e+01,7.471687e-01,9.079931e+00,9.002493e-01,1.306154e+01
1.250000e+02,2.564675e+03,8.956064e-01,5.272427e-01,9.723004e+00,7.783952e-01,9.058431e+00,8.925365e-01,1.283269e+01
1.260000e+02,2.579988e+03,9.193440e-01,5.272147e-01,9.589370e+00,7.878029e-01,9.046878e+00,8.927181e-01,1.299933e+01
1.270000e+02,2.575243e+03,9.110950e-01,5.272540e-01,9.679666e+00,7.582756e-01,9.048619e+00,8.958692e-01,1.282620e+01
1.280000e+02,2.606791e+03,9.513775e-01,5.271760e-01,9.649484e+00,7.808080e-01,9.047600e+00,8.913571e-01,1.311771e+01
1.290000e+02,2.590152e+03,9.420238e-01,5.271697e-01,1.058001e+01,6.776077e-01,9.120527e+00,9.246906e-01,1.272161e+01
1.300000e+02,2.566515e+03,8.980810e-01,5.271947e-01,9.956025e+00,7.331252e-01,9.078157e+00,9.053870e-01,1.268297e+01
1.310000e+02,2.591559e+03,9.460935e-01,5.271733e-01,9.966926e+00,7.426098e-01,9.063507e+00,9.008105e-01,1.294757e+01
1.320000e+02,2.590783e+03,9.438058e-01,5.271607e-01,9.964429e+00,7.265916e-01,9.068727e+00,9.044308e-01,1.287414e+01
1.330000e+02,2.581229e+03,9.216864e-01,5.272117e-01,1.022112e+01,7.455184e-01,9.096386e+00,9.015300e-01,1.284367e+01
1.340000e+02,2.576786e+03,9.136678e-01,5.271873e-01,9.526212e+00,7.813555e-01,9.043124e+00,8.913456e-01,1.293184e+01
1.350000e+02,2.590516e+03,9.430430e-01,5.272387e-01,9.576029e+00,7.999029e-01,9.059981e+00,8.868992e-01,1.314923e+01
1.360000e+02,2.586923e+03,9.337770e-01,5.271530e-01,9.437255e+00,7.713019e-01,9.031184e+00,8.917998e-01,1.298439e+01
1.370000e+02,2.591472e+03,9.458304e-01,5.271543e-01,9.685828e+00,7.856581e-01,9.056187e+00,8.924983e-01,1.311993e+01
1.380000e+02,2.613904e+03,9.318564e-01,5.271743e-01,9.647084e+00,7.545206e-01,9.047678e+00,8.981849e-01,1.292281e+01
1.390000e+02,2.590427e+03,9.427927e-01,5.271013e-01,9.468008e+00,7.730085e-01,9.046214e+00,8.890549e-01,1.302428e+01
1.400000e+02,2.570119e+03,9.031753e-01,5.271820e-01,9.236724e+00,7.456618e-01,9.000018e+00,8.796720e-01,1.264255e+01
1.410000e+02,2.546642e+03,-1.000000e+00,5.271440e-01,9.242660e+00,7.582446e-01,9.014422e+00,8.853943e-01,3.218195e+00
1.420000e+02,2.582247e+03,9.236741e-01,5.272123e-01,8.921516e+00,7.287944e-01,8.971756e+00,8.694783e-01,1.260973e+01
1.430000e+02,2.603522e+03,9.644996e-01,5.272400e-01,9.516147e+00,7.795707e-01,9.040288e+00,8.890898e-01,1.316580e+01
1.440000e+02,2.581899e+03,9.229871e-01,5.272227e-01,8.870744e+00,7.083304e-01,8.988932e+00,8.745624e-01,1.252940e+01
1.450000e+02,2.555480e+03,8.842870e-01,5.272507e-01,1.185721e+01,6.444817e-01,9.202094e+00,8.961949e-01,1.212482e+01
1.460000e+02,2.568820e+03,9.012995e-01,5.271467e-01,9.721144e+00,7.746436e-01,9.045746e+00,8.919713e-01,1.283957e+01
1.470000e+02,2.591622e+03,9.462848e-01,5.271547e-01,1.039965e+01,6.981843e-01,9.104337e+00,9.146904e-01,1.279580e+01
1.480000e+02,2.580068e+03,9.194923e-01,5.272497e-01,9.486546e+00,7.823460e-01,9.042422e+00,8.925099e-01,1.297174e+01
1.490000e+02,2.612034e+03,9.363001e-01,5.271720e-01,9.604381e+00,8.073428e-01,9.052014e+00,8.892271e-01,1.316435e+01
1.500000e+02,2.619151e+03,9.209586e-01,5.272233e-01,9.080171e+00,7.268327e-01,8.983694e+00,8.723140e-01,1.260053e+01
1.510000e+02,2.617414e+03,9.243523e-01,5.271487e-01,9.907224e+00,7.502165e-01,9.058555e+00,8.977559e-01,1.286162e+01
1.520000e+02,2.632669e+03,8.992043e-01,5.272500e-01,9.994531e+00,7.550828e-01,9.082918e+00,8.994518e-01,1.276869e+01
1.530000e+02,2.556585e+03,8.855668e-01,5.272200e-01,8.737676e+00,7.195876e-01,8.959290e+00,8.657668e-01,1.235461e+01
1.540000e+02,2.626479e+03,9.083338e-01,5.272093e-01,1.124013e+01,6.589205e-01,9.156504e+00,9.234053e-01,1.245330e+01
1.550000e+02,2.571301e+03,9.049261e-01,5.272240e-01,1.034800e+01,7.513780e-01,9.107671e+00,8.973515e-01,1.276828e+01
1.560000e+02,2.601870e+03,9.738832e-01,5.271273e-01,9.251652e+00,7.394652e-01,9.017689e+00,8.830547e-01,1.298202e+01
1.570000e+02,2.556744e+03,8.857520e-01,5.272480e-01,9.142545e+00,7.211454e-01,8.982978e+00,8.714514e-01,1.239174e+01
1.580000e+02,2.576197e+03,9.126738e-01,5.271743e-01,9.445191e+00,7.542218e-01,9.022098e+00,8.878438e-01,1.277370e+01
1.590000e+02,2.619800e+03,9.197383e-01,5.272063e-01,9.577101e+00,7.785964e-01,9.041033e+00,8.934896e-01,1.295912e+01
1.600000e+02,2.603346e+03,9.653664e-01,5.272040e-01,9.384938e+00,7.664175e-01,9.024414e+00,8.896083e-01,1.310696e+01
1.610000e+02,2.603287e+03,9.656652e-01,5.271430e-01,1.026491e+01,6.947564e-01,9.098693e+00,9.148080e-01,1.287615e+01
1.620000e+02,2.592476e+03,9.489519e-01,5.272603e-01,9.075520e+00,7.441955e-01,9.000111e+00,8.765584e-01,1.284853e+01
1.630000e+02,2.588339e+03,9.372328e-01,5.272013e-01,8.799069e+00,7.169473e-01,8.964935e+00,8.672755e-01,1.260728e+01
1.640000e+02,2.595809e+03,9.614009e-01,5.271767e-01,1.010704e+01,7.235369e-01,9.099316e+00,9.135505e-01,1.299244e+01
1.650000e+02,2.602237e+03,9.715010e-01,5.272037e-01,8.525328e+00,7.144796e-01,8.952337e+00,8.632386e-01,1.274610e+01
1.660000e+02,2.611464e+03,9.377329e-01,5.272023e-01,9.478512e+00,7.771570e-01,9.027399e+00,8.901991e-01,1.302545e+01
1.670000e+02,2.615717e+03,9.278597e-01,5.271650e-01,8.979388e+00,7.324900e-01,8.991216e+00,8.768883e-01,1.268619e+01
1.680000e+02,2.622826e+03,9.143290e-01,5.271520e-01,1.029543e+01,7.154047e-01,9.102513e+00,9.122101e-01,1.270972e+01
1.690000e+02,2.587973e+03,9.363172e-01,5.271767e-01,9.245272e+00,7.493210e-01,9.026825e+00,8.835493e-01,1.284594e+01
1.700000e+02,2.603047e+03,9.669013e-01,5.272087e-01,9.303902e+00,7.583575e-01,9.017529e+00,8.806385e-01,1.302949e+01
1.710000e+02,2.628852e+03,9.046975e-01,5.272077e-01,1.034800e+01,7.258425e-01,9.096580e+00,9.077049e-01,1.269122e+01
1.720000e+02,2.594962e+03,9.578365e-01,5.271813e-01,9.315172e+00,7.604058e-01,9.016675e+00,8.857108e-01,1.301977e+01
1.730000e+02,2.585293e+03,9.300505e-01,5.272233e-01,8.647824e+00,7.057095e-01,8.950900e+00,8.610600e-01,1.248410e+01
1.740000e+02,2.604062e+03,9.619774e-01,5.272097e-01,9.542516e+00,7.664840e-01,9.029805e+00,8.907089e-01,1.309585e+01
1.750000e+02,2.580328e+03,9.199768e-01,5.272227e-01,1.123401e+01,6.615208e-01,9.172662e+00,9.160728e-01,1.248785e+01
1.760000e+02,2.584643e+03,9.286299e-01,5.272260e-01,9.206373e+00,7.600294e-01,9.001769e+00,8.783484e-01,1.283504e+01
1.770000e+02,2.612566e+03,9.349986e-01,5.271867e-01,9.518095e+00,7.669834e-01,9.037549e+00,8.927294e-01,1.297356e+01
1.780000e+02,2.556683e+03,8.856804e-01,5.272363e-01,9.515862e+00,7.656771e-01,9.028971e+00,8.910043e-01,1.271181e+01
1.790000e+02,2.559232e+03,8.887153e-01,5.272437e-01,1.001131e+01,7.118908e-01,9.077939e+00,9.084144e-01,1.254510e+01
1.800000e+02,2.622741e+03,9.144757e-01,5.272380e-01,1.029165e+01,6.994151e-01,9.095174e+00,9.140800e-01,1.263985e+01
1.810000e+02,2.576701e+03,9.135228e-01,5.271263e-01,9.937507e+00,7.145838e-01,9.063242e+00,9.034996e-01,1.265803e+01
1.820000e+02,2.623759e+03,9.127473e-01,5.272113e-01,9.729509e+00,7.771954e-01,9.048873e+00,8.941307e-01,1.292037e+01
1.830000e+02,2.594441e+03,9.558054e-01,5.271700e-01,9.268258e+00,7.180794e-01,9.023744e+00,8.860955e-01,1.279990e+01
1.840000e+02,2.592473e+03,9.489430e-01,5.272730e-01,9.968443e+00,7.356849e-01,9.072270e+00,9.035675e-01,1.294098e+01
1.850000e+02,2.573296e+03,9.079809e-01,5.272630e-01,8.962336e+00,7.205430e-01,8.987791e+00,8.764599e-01,1.252492e+01
1.860000e+02,2.599522e+03,9.866287e-01,5.272440e-01,8.925683e+00,7.398283e-01,8.982838e+00,8.738278e-01,1.300142e+01
1.870000e+02,2.579030e+03,9.175940e-01,5.272503e-01,9.748921e+00,7.859832e-01,9.048490e+00,8.909276e-01,1.297252e+01
1.880000e+02,2.595790e+03,9.613155e-01,5.271283e-01,8.607276e+00,7.145519e-01,8.954744e+00,8.667594e-01,1.271313e+01
1.890000e+02,2.610426e+03,9.404461e-01,5.270897e-01,1.015840e+01,7.197395e-01,9.080203e+00,9.058881e-01,1.283037e+01
1.900000e+02,2.606727e+03,9.515965e-01,5.272360e-01,9.428017e+00,7.492354e-01,9.039760e+00,8.951266e-01,1.297979e+01
1.910000e+02,2.624077e+03,9.122159e-01,5.271967e-01,9.699383e+00,7.662683e-01,9.056882e+00,8.983642e-01,1.288424e+01
1.920000e+02,2.600731e+03,9.835093e-01,5.272187e-01,1.044120e+01,6.982237e-01,9.105169e+00,9.117623e-01,1.296748e+01
1.930000e+02,2.569792e+03,9.026991e-01,5.272240e-01,1.064813e+01,7.213452e-01,9.134476e+00,9.135194e-01,1.268782e+01
1.940000e+02,2.577689e+03,9.152196e-01,5.272347e-01,9.653765e+00,7.565733e-01,9.045343e+00,8.881393e-01,1.279966e+01
1.950000e+02,2.582730e+03,9.246409e-01,5.272113e-01,9.020444e+00,7.302817e-01,8.987188e+00,8.734216e-01,1.264172e+01
1.960000e+02,2.617684e+03,9.238120e-01,5.271817e-01,9.235364e+00,7.624175e-01,9.028707e+00,8.793287e-01,1.282779e+01
1.970000e+02,2.591866e+03,9.470291e-01,5.272027e-01,8.795260e+00,7.259397e-01,8.967269e+00,8.687407e-01,1.270855e+01
1.980000e+02,2.585751e+03,9.310736e-01,5.272540e-01,9.636804e+00,7.760689e-01,9.047156e+00,8.919822e-01,1.299562e+01
1.990000e+02,2.573733e+03,9.086682e-01,5.271770e-01,8.988168e+00,7.292299e-01,8.988889e+00,8.772851e-01,1.257592e+01
2.000000e+02,2.598397e+03,9.757740e-01,5.272027e-01,9.638243e+00,7.826423e-01,9.046581e+00,8.925195e-01,1.325468e+01
2.010000e+02,2.601799e+03,9.743712e-01,5.272357e-01,1.010574e+01,7.306672e-01,9.085488e+00,9.059371e-01,1.305488e+01
2.020000e+02,2.603172e+03,9.662482e-01,5.271887e-01,8.957794e+00,7.364857e-01,8.979460e+00,8.739192e-01,1.288327e+01
2.030000e+02,2.615844e+03,9.275894e-01,5.271507e-01,9.788430e+00,7.398530e-01,9.045948e+00,8.983516e-01,1.282897e+01
2.040000e+02,2.626159e+03,9.088381e-01,5.271827e-01,9.238528e+00,7.387762e-01,9.012191e+00,8.840016e-01,1.265808e+01
2.050000e+02,2.595877e+03,9.617049e-01,5.272813e-01,8.737790e+00,7.240924e-01,8.970481e+00,8.669801e-01,1.276389e+01
2.060000e+02,2.626667e+03,9.080394e-01,5.272073e-01,1.006273e+01,7.217192e-01,9.087585e+00,9.091046e-01,1.269432e+01
2.070000e+02,2.580693e+03,9.206629e-01,5.272270e-01,9.204925e+00,7.469260e-01,9.022462e+00,8.811913e-01,1.274390e+01
2.080000e+02,2.626954e+03,9.075912e-01,5.271007e-01,1.000295e+01,7.317285e-01,9.078913e+00,9.053636e-01,1.272342e+01
2.090000e+02,2.588984e+03,9.388866e-01,5.271973e-01,1.080429e+01,6.903181e-01,9.134581e+00,9.218226e-01,1.275514e+01
2.100000e+02,2.576449e+03,9.130962e-01,5.272720e-01,9.992428e+00,7.379866e-01,9.066921e+00,8.981575e-01,1.274620e+01
2.110000e+02,2.612591e+03,9.349373e-01,5.271923e-01,8.827992e+00,7.167485e-01,8.984936e+00,8.738742e-01,1.262780e+01
2.120000e+02,2.611682e+03,9.371794e-01,5.272080e-01,9.103024e+00,7.318305e-01,8.995224e+00,8.756228e-01,1.272316e+01
2.130000e+02,2.617908e+03,9.233680e-01,5.271730e-01,9.700413e+00,7.614095e-01,9.062473e+00,9.005898e-01,1.292684e+01
2.140000e+02,2.615567e+03,9.281787e-01,5.271807e-01,9.045571e+00,7.370538e-01,8.985936e+00,8.755523e-01,1.270392e+01
2.150000e+02,2.598665e+03,9.778416e-01,5.271340e-01,9.408443e+00,7.449231e-01,9.034849e+00,8.871049e-01,1.304935e+01
2.160000e+02,2.591820e+03,9.468870e-01,5.272070e-01,1.022739e+01,7.070980e-01,9.094885e+00,9.123975e-01,1.283191e+01
2.170000e+02,2.591630e+03,9.463093e-01,5.271910e-01,1.028578e+01,7.076302e-01,9.101069e+00,9.137005e-01,1.283820e+01
2.180000e+02,2.569246e+03,9.019095e-01,5.272160e-01,1.003213e+01,7.485195e-01,9.070576e+00,9.021005e-01,1.276265e+01
2.190000e+02,2.580775e+03,9.208199e-01,5.271943e-01,1.468307e+01,-1.000000e+00,9.347182e+00,-1.000000e+00,-5.395900e+00
2.200000e+02,2.600131e+03,9.929606e-01,5.271823e-01,9.314021e+00,7.547482e-01,9.019436e+00,8.875965e-01,1.317653e+01
2.210000e+02,2.573588e+03,9.084385e-01,5.272970e-01,9.857600e+00,7.294960e-01,9.058948e+00,9.025020e-01,1.270218e+01
2.220000e+02,2.582285e+03,9.237501e-01,5.271287e-01,1.235751e+01,6.206012e-01,9.232522e+00,8.847030e-01,1.214527e+01
2.230000e+02,2.610572e+03,9.400565e-01,5.271860e-01,1.045693e+01,7.005539e-01,9.115784e+00,9.162913e-01,1.278451e+01
2.240000e+02,2.617877e+03,9.234287e-01,5.272097e-01,8.972183e+00,7.132219e-01,8.972419e+00,8.667521e-01,1.251701e+01
2.250000e+02,2.654664e+03,-1.000000e+00,5.271083e-01,1.048330e+01,7.032669e-01,9.134089e+00,9.213164e-01,3.122917e+00
2.260000e+02,2.569871e+03,9.028144e-01,5.271593e-01,9.186598e+00,7.459789e-01,9.005373e+00,8.834309e-01,1.266112e+01
2.270000e+02,2.577783e+03,9.153822e-01,5.271380e-01,9.580050e+00,7.787805e-01,9.039066e+00,8.917700e-01,1.292966e+01
2.280000e+02,2.593858e+03,9.536509e-01,5.272387e-01,9.162503e+00,7.252660e-01,8.997496e+00,8.767648e-01,1.277841e+01
2.290000e+02,2.581736e+03,9.226691e-01,5.272550e-01,9.264137e+00,7.503664e-01,9.013690e+00,8.760438e-01,1.274540e+01
2.300000e+02,2.588382e+03,9.373412e-01,5.272147e-01,1.048851e+01,7.002176e-01,9.117394e+00,9.197110e-01,1.278635e+01
2.310000e+02,2.593708e+03,9.531145e-01,5.271913e-01,9.870439e+00,7.424494e-01,9.076315e+00,8.997487e-01,1.297656e+01
2.320000e+02,2.587295e+03,9.346635e-01,5.272403e-01,9.435142e+00,7.472487e-01,9.031699e+00,8.898240e-01,1.285868e+01
2.330000e+02,2.573819e+03,9.088031e-01,5.272233e-01,9.065506e+00,7.392933e-01,9.003953e+00,8.763898e-01,1.262243e+01
2.340000e+02,2.574864e+03,9.104774e-01,5.271530e-01,9.697799e+00,7.844335e-01,9.050375e+00,8.906088e-01,1.292760e+01
2.350000e+02,2.559169e+03,8.886392e-01,5.271110e-01,9.357916e+00,7.537467e-01,9.020255e+00,8.893351e-01,1.265861e+01
2.360000e+02,2.615820e+03,9.276409e-01,5.272157e-01,1.174306e+01,6.388223e-01,9.198098e+00,9.025560e-01,1.234510e+01
2.370000e+02,2.559497e+03,8.890375e-01,5.272787e-01,9.570850e+00,7.959270e-01,9.042416e+00,8.895159e-01,1.287240e+01
2.380000e+02,2.591639e+03,9.463359e-01,5.272040e-01,9.730738e+00,7.521191e-01,9.052935e+00,8.940763e-01,1.296266e+01
2.390000e+02,2.585370e+03,9.302218e-01,5.271357e-01,1.125463e+01,6.789779e-01,9.171015e+00,9.160979e-01,1.262649e+01
2.400000e+02,2.566930e+03,8.986500e-01,5.272787e-01,9.475816e+00,7.816740e-01,9.037633e+00,8.880978e-01,1.284211e+01
2.410000e+02,2.605329e+03,9.566893e-01,5.271723e-01,9.762064e+00,7.818359e-01,9.061769e+00,8.943483e-01,1.316437e+01
2.420000e+02,2.600690e+03,9.839704e-01,5.271723e-01,9.182344e+00,7.440804e-01,9.011629e+00,8.788452e-01,1.303448e+01
2.430000e+02,2.615560e+03,9.281950e-01,5.271753e-01,1.051219e+01,6.976352e-01,9.108857e+00,9.177351e-01,1.271783e+01
2.440000e+02,2.603060e+03,9.668318e-01,5.271317e-01,9.839529e+00,7.281357e-01,9.053388e+00,9.028319e-01,1.298900e+01
2.450000e+02,2.560158e+03,8.898462e-01,5.272500e-01,1.047030e+01,7.030048e-01,9.114948e+00,9.164743e-01,1.254663e+01
2.460000e+02,2.602249e+03,9.714311e-01,5.272167e-01,9.819129e+00,7.475693e-01,9.071484e+00,8.986347e-01,1.308818e+01
2.470000e+02,2.631740e+03,9.005044e-01,5.272087e-01,9.441945e+00,7.569531e-01,9.027176e+00,8.904394e-01,1.273948e+01
2.480000e+02,2.595563e+03,9.603277e-01,5.272360e-01,9.002991e+00,7.305262e-01,8.986454e+00,8.750067e-01,1.282930e+01
2.490000e+02,2.565128e+03,8.962087e-01,5.272660e-01,9.383822e+00,7.662121e-01,9.021648e+00,8.850223e-01,1.273722e+01
2.500000e+02,2.587556e+03,9.352944e-01,5.271780e-01,9.796463e+00,7.944576e-01,9.072348e+00,8.922026e-01,1.310977e+01
2.510000e+02,2.615074e+03,9.292446e-01,5.271563e-01,9.563403e+00,7.664787e-01,9.039384e+00,8.951591e-01,1.295441e+01
2.520000e+02,2.561220e+03,8.911636e-01,5.271897e-01,8.617510e+00,7.137275e-01,8.951512e+00,8.638723e-01,1.234382e+01
2.530000e+02,2.603211e+03,9.660515e-01,5.272160e-01,9.664047e+00,7.922645e-01,9.049067e+00,8.882817e-01,1.323299e+01
2.540000e+02,2.623950e+03,9.124277e-01,5.271643e-01,9.414160e+00,7.665953e-01,9.026745e+00,8.894676e-01,1.284245e+01
2.550000e+02,2.633914e+03,8.974974e-01,5.272400e-01,1.042046e+01,7.022964e-01,9.113434e+00,9.188029e-01,1.259298e+01
2.560000e+02,2.647602e+03,8.808182e-01,5.272377e-01,9.993061e+00,7.359128e-01,9.069372e+00,9.048436e-01,1.260787e+01
