# step_count,bc_1,bc_2,bc_3,ac_1,ac_2,ac_3,ac_4,ac_5,ac_6,ic_1,ic_2,ic_3
1.000000e+00,6.126000e+01,7.882000e+01,1.074000e+02,2.813000e+01,3.523000e+01,2.772000e+01,2.478000e+01,2.359000e+01,2.037000e+01,2.696000e-01,2.464000e-01,2.690000e-01
2.000000e+00,6.021000e+01,7.747000e+01,1.056000e+02,2.538000e+01,3.179000e+01,2.501000e+01,2.236000e+01,2.128000e+01,1.838000e+01,2.093000e-01,1.913000e-01,2.089000e-01
3.000000e+00,6.420000e+01,8.260000e+01,1.125000e+02,2.951000e+01,3.696000e+01,2.908000e+01,2.600000e+01,2.475000e+01,2.137000e+01,4.999000e-01,4.569000e-01,4.989000e-01
4.000000e+00,6.740000e+01,8.672000e+01,1.182000e+02,2.931000e+01,3.671000e+01,2.888000e+01,2.582000e+01,2.458000e+01,2.122000e+01,5.730000e-01,5.237000e-01,5.718000e-01
5.000000e+00,7.064000e+01,9.089000e+01,1.238000e+02,2.501000e+01,3.132000e+01,2.464000e+01,2.203000e+01,2.097000e+01,1.811000e+01,6.985000e-01,6.384000e-01,6.970000e-01
6.000000e+00,6.728000e+01,8.656000e+01,1.179000e+02,3.381000e+01,4.234000e+01,3.332000e+01,2.978000e+01,2.835000e+01,2.448000e+01,5.003000e-01,4.572000e-01,4.992000e-01
7.000000e+00,6.283000e+01,8.084000e+01,1.101000e+02,3.119000e+01,3.906000e+01,3.073000e+01,2.748000e+01,2.616000e+01,2.258000e+01,5.309000e-01,4.852000e-01,5.298000e-01
8.000000e+00,6.912000e+01,8.893000e+01,1.212000e+02,2.751000e+01,3.445000e+01,2.711000e+01,2.423000e+01,2.307000e+01,1.992000e+01,4.058000e-01,3.709000e-01,4.049000e-01
9.000000e+00,6.198000e+01,7.974000e+01,1.087000e+02,2.789000e+01,3.493000e+01,2.748000e+01,2.457000e+01,2.339000e+01,2.019000e+01,5.536000e-01,5.059000e-01,5.524000e-01
1.000000e+01,6.168000e+01,7.936000e+01,1.081000e+02,3.120000e+01,3.907000e+01,3.074000e+01,2.748000e+01,2.616000e+01,2.259000e+01,5.201000e-01,4.753000e-01,5.190000e-01
1.100000e+01,7.868000e+01,1.012000e+02,1.379000e+02,2.554000e+01,3.199000e+01,2.517000e+01,2.250000e+01,2.142000e+01,1.849000e+01,3.973000e-01,3.631000e-01,3.965000e-01
1.200000e+01,6.987000e+01,8.989000e+01,1.225000e+02,3.163000e+01,3.961000e+01,3.117000e+01,2.786000e+01,2.652000e+01,2.290000e+01,3.221000e-01,2.944000e-01,3.214000e-01
1.300000e+01,7.577000e+01,9.749000e+01,1.328000e+02,3.093000e+01,3.874000e+01,3.048000e+01,2.725000e+01,2.594000e+01,2.239000e+01,7.092000e-01,6.481000e-01,7.077000e-01
1.400000e+01,6.827000e+01,8.784000e+01,1.197000e+02,3.265000e+01,4.089000e+01,3.217000e+01,2.876000e+01,2.738000e+01,2.364000e+01,4.967000e-01,4.539000e-01,4.957000e-01
1.500000e+01,6.027000e+01,7.754000e+01,1.057000e+02,2.511000e+01,3.145000e+01,2.474000e+01,2.212000e+01,2.106000e+01,1.818000e+01,7.157000e-01,6.541000e-01,7.142000e-01
1.600000e+01,7.223000e+01,9.293000e+01,1.266000e+02,2.908000e+01,3.642000e+01,2.866000e+01,2.562000e+01,2.439000e+01,2.105000e+01,2.036000e-01,1.861000e-01,2.032000e-01
1.700000e+01,7.341000e+01,9.445000e+01,1.287000e+02,3.074000e+01,3.850000e+01,3.029000e+01,2.708000e+01,2.578000e+01,2.226000e+01,6.936000e-01,6.339000e-01,6.921000e-01
1.800000e+01,6.040000e+01,7.771000e+01,1.059000e+02,2.596000e+01,3.251000e+01,2.558000e+01,2.287000e+01,2.177000e+01,1.880000e+01,5.205000e-01,4.757000e-01,5.194000e-01
1.900000e+01,6.111000e+01,7.862000e+01,1.071000e+02,2.686000e+01,3.364000e+01,2.647000e+01,2.366000e+01,2.252000e+01,1.945000e+01,3.014000e-01,2.754000e-01,3.008000e-01
2.000000e+01,6.438000e+01,8.283000e+01,1.129000e+02,2.652000e+01,3.321000e+01,2.613000e+01,2.336000e+01,2.224000e+01,1.920000e+01,8.327000e-01,7.610000e-01,8.310000e-01
2.100000e+01,6.397000e+01,8.230000e+01,1.121000e+02,2.775000e+01,3.475000e+01,2.734000e+01,2.444000e+01,2.327000e+01,2.009000e+01,8.417000e-01,7.692000e-01,8.399000e-01
2.200000e+01,6.419000e+01,8.259000e+01,1.125000e+02,3.320000e+01,4.158000e+01,3.272000e+01,2.925000e+01,2.784000e+01,2.404000e+01,1.716000e-01,1.568000e-01,1.712000e-01
2.300000e+01,7.154000e+01,9.204000e+01,1.254000e+02,2.858000e+01,3.579000e+01,2.816000e+01,2.518000e+01,2.397000e+01,2.069000e+01,8.325000e-01,7.608000e-01,8.308000e-01
2.400000e+01,6.344000e+01,8.162000e+01,1.112000e+02,2.913000e+01,3.648000e+01,2.870000e+01,2.566000e+01,2.443000e+01,2.109000e+01,3.760000e-01,3.436000e-01,3.752000e-01
2.500000e+01,7.019000e+01,9.031000e+01,1.231000e+02,2.669000e+01,3.343000e+01,2.630000e+01,2.351000e+01,2.238000e+01,1.932000e+01,7.606000e-01,6.951000e-01,7.590000e-01
2.600000e+01,7.594000e+01,9.770000e+01,1.331000e+02,3.390000e+01,4.246000e+01,3.341000e+01,2.986000e+01,2.843000e+01,2.454000e+01,5.244000e-01,4.792000e-01,5.233000e-01
2.700000e+01,7.787000e+01,1.002000e+02,1.365000e+02,3.427000e+01,4.292000e+01,3.377000e+01,3.019000e+01,2.874000e+01,2.481000e+01,5.044000e-01,4.610000e-01,5.033000e-01
2.800000e+01,7.317000e+01,9.414000e+01,1.283000e+02,3.105000e+01,3.889000e+01,3.060000e+01,2.735000e+01,2.604000e+01,2.248000e+01,5.307000e-01,4.850000e-01,5.296000e-01
2.900000e+01,6.010000e+01,7.732000e+01,1.054000e+02,2.567000e+01,3.215000e+01,2.530000e+01,2.261000e+01,2.153000e+01,1.859000e+01,5.846000e-01,5.343000e-01,5.834000e-01
3.000000e+01,6.260000e+01,8.054000e+01,1.097000e+02,2.966000e+01,3.715000e+01,2.923000e+01,2.613000e+01,2.487000e+01,2.147000e+01,4.299000e-01,3.929000e-01,4.290000e-01
3.100000e+01,6.937000e+01,8.925000e+01,1.216000e+02,2.536000e+01,3.176000e+01,2.499000e+01,2.234000e+01,2.127000e+01,1.836000e+01,5.269000e-01,4.815000e-01,5.258000e-01
3.200000e+01,7.377000e+01,9.491000e+01,1.293000e+02,2.559000e+01,3.205000e+01,2.522000e+01,2.254000e+01,2.146000e+01,1.853000e+01,3.432000e-01,3.137000e-01,3.425000e-01
