# step_count,bc_1,bc_2,bc_3,ac_1,ac_2,ac_3,ac_4,ac_5,ac_6,ic_1,ic_2,ic_3
1.000000e+00,6.004000e+01,7.725000e+01,1.053000e+02,3.494000e+01,4.376000e+01,3.443000e+01,3.078000e+01,2.930000e+01,2.530000e+01,3.423000e-01,3.128000e-01,3.416000e-01
2.000000e+00,6.418000e+01,8.257000e+01,1.125000e+02,2.535000e+01,3.175000e+01,2.498000e+01,2.233000e+01,2.126000e+01,1.835000e+01,2.276000e-01,2.080000e-01,2.271000e-01
3.000000e+00,7.173000e+01,9.229000e+01,1.257000e+02,3.290000e+01,4.120000e+01,3.242000e+01,2.898000e+01,2.759000e+01,2.382000e+01,6.035000e-01,5.515000e-01,6.022000e-01
4.000000e+00,7.875000e+01,1.013000e+02,1.381000e+02,3.399000e+01,4.257000e+01,3.349000e+01,2.994000e+01,2.850000e+01,2.461000e+01,3.064000e-01,2.800000e-01,3.058000e-01
5.000000e+00,6.254000e+01,8.046000e+01,1.096000e+02,2.537000e+01,3.177000e+01,2.500000e+01,2.235000e+01,2.128000e+01,1.837000e+01,7.840000e-01,7.165000e-01,7.824000e-01
6.000000e+00,7.579000e+01,9.751000e+01,1.329000e+02,3.162000e+01,3.960000e+01,3.116000e+01,2.785000e+01,2.652000e+01,2.289000e+01,5.430000e-01,4.962000e-01,5.419000e-01
7.000000e+00,6.395000e+01,8.228000e+01,1.121000e+02,2.762000e+01,3.459000e+01,2.722000e+01,2.433000e+01,2.316000e+01,2.000000e+01,2.402000e-01,2.195000e-01,2.397000e-01
8.000000e+00,6.523000e+01,8.392000e+01,1.144000e+02,3.300000e+01,4.133000e+01,3.252000e+01,2.907000e+01,2.767000e+01,2.389000e+01,5.984000e-01,5.469000e-01,5.971000e-01
9.000000e+00,6.525000e+01,8.395000e+01,1.144000e+02,3.287000e+01,4.117000e+01,3.239000e+01,2.896000e+01,2.756000e+01,2.380000e+01,3.522000e-01,3.219000e-01,3.515000e-01
1.000000e+01,6.272000e+01,8.070000e+01,1.100000e+02,3.269000e+01,4.094000e+01,3.221000e+01,2.880000e+01,2.741000e+01,2.367000e+01,7.697000e-01,7.034000e-01,7.681000e-01
1.100000e+01,6.418000e+01,8.257000e+01,1.125000e+02,3.031000e+01,3.796000e+01,2.987000e+01,2.670000e+01,2.542000e+01,2.194000e+01,2.866000e-01,2.619000e-01,2.860000e-01
1.200000e+01,7.493000e+01,9.640000e+01,1.314000e+02,2.610000e+01,3.269000e+01,2.572000e+01,2.299000e+01,2.189000e+01,1.890000e+01,2.226000e-01,2.034000e-01,2.221000e-01
1.300000e+01,6.063000e+01,7.801000e+01,1.063000e+02,3.131000e+01,3.921000e+01,3.085000e+01,2.758000e+01,2.626000e+01,2.267000e+01,6.021000e-01,5.503000e-01,6.008000e-01
1.400000e+01,6.979000e+01,8.979000e+01,1.223000e+02,2.852000e+01,3.572000e+01,2.810000e+01,2.512000e+01,2.392000e+01,2.065000e+01,7.185000e-01,6.566000e-01,7.170000e-01
1.500000e+01,6.526000e+01,8.396000e+01,1.144000e+02,2.660000e+01,3.331000e+01,2.621000e+01,2.343000e+01,2.231000e+01,1.926000e+01,3.894000e-01,3.559000e-01,3.886000e-01
1.600000e+01,7.178000e+01,9.235000e+01,1.258000e+02,3.233000e+01,4.049000e+01,3.186000e+01,2.848000e+01,2.711000e+01,2.341000e+01,7.647000e-01,6.989000e-01,7.631000e-01
1.700000e+01,7.139000e+01,9.185000e+01,1.252000e+02,3.335000e+01,4.177000e+01,3.286000e+01,2.938000e+01,2.797000e+01,2.415000e+01,7.587000e-01,6.934000e-01,7.571000e-01
1.800000e+01,7.861000e+01,1.011000e+02,1.378000e+02,2.957000e+01,3.703000e+01,2.914000e+01,2.605000e+01,2.480000e+01,2.141000e+01,1.906000e-01,1.742000e-01,1.902000e-01
1.900000e+01,7.189000e+01,9.249000e+01,1.260000e+02,3.016000e+01,3.777000e+01,2.972000e+01,2.657000e+01,2.529000e+01,2.184000e+01,3.579000e-01,3.271000e-01,3.571000e-01
2.000000e+01,6.631000e+01,8.531000e+01,1.162000e+02,3.084000e+01,3.862000e+01,3.039000e+01,2.717000e+01,2.586000e+01,2.233000e+01,6.123000e-01,5.596000e-01,6.110000e-01
2.100000e+01,7.804000e+01,1.004000e+02,1.368000e+02,2.551000e+01,3.195000e+01,2.514000e+01,2.247000e+01,2.139000e+01,1.847000e+01,3.850000e-01,3.519000e-01,3.842000e-01
2.200000e+01,7.072000e+01,9.099000e+01,1.240000e+02,3.440000e+01,4.308000e+01,3.390000e+01,3.030000e+01,2.885000e+01,2.491000e+01,3.887000e-01,3.552000e-01,3.879000e-01
2.300000e+01,7.373000e+01,9.486000e+01,1.293000e+02,2.882000e+01,3.609000e+01,2.840000e+01,2.539000e+01,2.417000e+01,2.087000e+01,5.336000e-01,4.877000e-01,5.325000e-01
2.400000e+01,7.633000e+01,9.821000e+01,1.338000e+02,3.268000e+01,4.093000e+01,3.220000e+01,2.879000e+01,2.741000e+01,2.366000e+01,8.048000e-01,7.355000e-01,8.031000e-01
2.500000e+01,6.958000e+01,8.952000e+01,1.220000e+02,3.082000e+01,3.860000e+01,3.037000e+01,2.715000e+01,2.585000e+01,2.231000e+01,2.476000e-01,2.263000e-01,2.471000e-01
2.600000e+01,6.025000e+01,7.752000e+01,1.056000e+02,3.164000e+01,3.963000e+01,3.118000e+01,2.787000e+01,2.653000e+01,2.291000e+01,6.043000e-01,5.523000e-01,6.030000e-01
2.700000e+01,7.176000e+01,9.233000e+01,1.258000e+02,2.933000e+01,3.673000e+01,2.890000e+01,2.584000e+01,2.460000e+01,2.123000e+01,4.867000e-01,4.448000e-01,4.857000e-01
2.800000e+01,6.161000e+01,7.927000e+01,1.080000e+02,2.808000e+01,3.517000e+01,2.767000e+01,2.474000e+01,2.355000e+01,2.033000e+01,3.348000e-01,3.060000e-01,3.341000e-01
2.900000e+01,7.784000e+01,1.001000e+02,1.365000e+02,3.207000e+01,4.016000e+01,3.160000e+01,2.825000e+01,2.689000e+01,2.322000e+01,4.825000e-01,4.410000e-01,4.815000e-01
3.000000e+01,7.999000e+01,1.029000e+02,1.402000e+02,2.835000e+01,3.551000e+01,2.794000e+01,2.497000e+01,2.377000e+01,2.053000e+01,4.938000e-01,4.513000e-01,4.928000e-01
3.100000e+01,7.946000e+01,1.022000e+02,1.393000e+02,2.985000e+01,3.738000e+01,2.941000e+01,2.629000e+01,2.503000e+01,2.161000e+01,2.413000e-01,2.205000e-01,2.408000e-01
3.200000e+01,6.416000e+01,8.255000e+01,1.125000e+02,2.512000e+01,3.146000e+01,2.475000e+01,2.213000e+01,2.107000e+01,1.819000e+01,5.600000e-01,5.118000e-01,5.588000e-01
3.300000e+01,7.275000e+01,9.360000e+01,1.275000e+02,3.288000e+01,4.118000e+01,3.240000e+01,2.896000e+01,2.757000e+01,2.381000e+01,4.369000e-01,3.993000e-01,4.360000e-01
3.400000e+01,7.720000e+01,9.933000e+01,1.353000e+02,2.501000e+01,3.132000e+01,2.464000e+01,2.203000e+01,2.097000e+01,1.811000e+01,5.293000e-01,4.837000e-01,5.282000e-01
3.500000e+01,6.411000e+01,8.248000e+01,1.124000e+02,2.890000e+01,3.619000e+01,2.848000e+01,2.546000e+01,2.424000e+01,2.092000e+01,4.539000e-01,4.148000e-01,4.529000e-01
3.600000e+01,7.083000e+01,9.113000e+01,1.242000e+02,2.640000e+01,3.306000e+01,2.601000e+01,2.326000e+01,2.214000e+01,1.911000e+01,7.727000e-01,7.062000e-01,7.711000e-01
3.700000e+01,7.107000e+01,9.144000e+01,1.246000e+02,3.291000e+01,4.122000e+01,3.243000e+01,2.899000e+01,2.760000e+01,2.383000e+01,2.376000e-01,2.171000e-01,2.371000e-01
3.800000e+01,7.781000e+01,1.001000e+02,1.364000e+02,3.254000e+01,4.075000e+01,3.206000e+01,2.866000e+01,2.729000e+01,2.356000e+01,7.822000e-01,7.149000e-01,7.806000e-01
3.900000e+01,7.431000e+01,9.561000e+01,1.303000e+02,2.688000e+01,3.366000e+01,2.649000e+01,2.368000e+01,2.254000e+01,1.946000e+01,3.028000e-01,2.767000e-01,3.022000e-01
4.000000e+01,6.995000e+01,9.000000e+01,1.226000e+02,3.396000e+01,4.253000e+01,3.346000e+01,2.992000e+01,2.848000e+01,2.459000e+01,8.308000e-01,7.593000e-01,8.291000e-01
4.100000e+01,6.393000e+01,8.225000e+01,1.121000e+02,3.257000e+01,4.079000e+01,3.209000e+01,2.869000e+01,2.731000e+01,2.358000e+01,3.444000e-01,3.147000e-01,3.437000e-01
4.200000e+01,6.377000e+01,8.205000e+01,1.118000e+02,2.833000e+01,3.548000e+01,2.792000e+01,2.496000e+01,2.376000e+01,2.051000e+01,2.224000e-01,2.033000e-01,2.219000e-01
4.300000e+01,6.577000e+01,8.462000e+01,1.153000e+02,2.713000e+01,3.398000e+01,2.673000e+01,2.390000e+01,2.275000e+01,1.964000e+01,4.332000e-01,3.959000e-01,4.323000e-01
4.400000e+01,6.151000e+01,7.914000e+01,1.078000e+02,2.536000e+01,3.176000e+01,2.499000e+01,2.234000e+01,2.127000e+01,1.836000e+01,4.301000e-01,3.931000e-01,4.292000e-01
4.500000e+01,7.116000e+01,9.155000e+01,1.248000e+02,2.781000e+01,3.483000e+01,2.740000e+01,2.450000e+01,2.332000e+01,2.013000e+01,2.502000e-01,2.287000e-01,2.497000e-01
4.600000e+01,7.820000e+01,1.006000e+02,1.371000e+02,3.199000e+01,4.006000e+01,3.152000e+01,2.818000e+01,2.683000e+01,2.316000e+01,8.182000e-01,7.478000e-01,8.165000e-01
4.700000e+01,7.257000e+01,9.337000e+01,1.272000e+02,3.370000e+01,4.221000e+01,3.321000e+01,2.969000e+01,2.826000e+01,2.440000e+01,5.237000e-01,4.786000e-01,5.226000e-01
4.800000e+01,7.792000e+01,1.003000e+02,1.366000e+02,3.432000e+01,4.298000e+01,3.382000e+01,3.023000e+01,2.878000e+01,2.485000e+01,8.109000e-01,7.411000e-01,8.092000e-01
4.900000e+01,7.589000e+01,9.764000e+01,1.330000e+02,3.484000e+01,4.363000e+01,3.433000e+01,3.069000e+01,2.922000e+01,2.522000e+01,5.059000e-01,4.623000e-01,5.048000e-01
5.000000e+01,6.949000e+01,8.941000e+01,1.218000e+02,3.462000e+01,4.336000e+01,3.411000e+01,3.050000e+01,2.903000e+01,2.506000e+01,2.641000e-01,2.414000e-01,2.635000e-01
5.100000e+01,7.005000e+01,9.013000e+01,1.228000e+02,3.158000e+01,3.955000e+01,3.112000e+01,2.782000e+01,2.648000e+01,2.286000e+01,5.852000e-01,5.348000e-01,5.840000e-01
5.200000e+01,6.450000e+01,8.299000e+01,1.131000e+02,3.426000e+01,4.291000e+01,3.376000e+01,3.018000e+01,2.873000e+01,2.480000e+01,6.760000e-01,6.178000e-01,6.746000e-01
5.300000e+01,6.631000e+01,8.531000e+01,1.162000e+02,3.235000e+01,4.052000e+01,3.188000e+01,2.850000e+01,2.713000e+01,2.342000e+01,2.830000e-01,2.586000e-01,2.824000e-01
5.400000e+01,7.843000e+01,1.009000e+02,1.375000e+02,2.644000e+01,3.311000e+01,2.605000e+01,2.329000e+01,2.217000e+01,1.914000e+01,5.025000e-01,4.592000e-01,5.014000e-01
5.500000e+01,7.813000e+01,1.005000e+02,1.370000e+02,2.676000e+01,3.351000e+01,2.637000e+01,2.357000e+01,2.244000e+01,1.937000e+01,6.388000e-01,5.838000e-01,6.375000e-01
5.600000e+01,6.228000e+01,8.013000e+01,1.092000e+02,3.284000e+01,4.113000e+01,3.236000e+01,2.893000e+01,2.754000e+01,2.378000e+01,2.549000e-01,2.330000e-01,2.544000e-01
5.700000e+01,6.279000e+01,8.079000e+01,1.101000e+02,3.497000e+01,4.380000e+01,3.446000e+01,3.081000e+01,2.933000e+01,2.532000e+01,2.657000e-01,2.428000e-01,2.651000e-01
5.800000e+01,7.789000e+01,1.002000e+02,1.365000e+02,2.515000e+01,3.150000e+01,2.478000e+01,2.215000e+01,2.109000e+01,1.821000e+01,8.352000e-01,7.633000e-01,8.334000e-01
5.900000e+01,7.829000e+01,1.007000e+02,1.373000e+02,3.224000e+01,4.038000e+01,3.177000e+01,2.840000e+01,2.704000e+01,2.334000e+01,7.980000e-01,7.293000e-01,7.963000e-01
6.000000e+01,6.308000e+01,8.116000e+01,1.106000e+02,2.608000e+01,3.266000e+01,2.570000e+01,2.297000e+01,2.187000e+01,1.888000e+01,7.019000e-01,6.415000e-01,7.004000e-01
6.100000e+01,7.587000e+01,9.761000e+01,1.330000e+02,3.380000e+01,4.233000e+01,3.331000e+01,2.977000e+01,2.834000e+01,2.447000e+01,5.000000e-01,4.570000e-01,4.990000e-01
6.200000e+01,7.770000e+01,9.997000e+01,1.362000e+02,2.809000e+01,3.518000e+01,2.768000e+01,2.474000e+01,2.356000e+01,2.034000e+01,4.864000e-01,4.445000e-01,4.854000e-01
6.300000e+01,7.537000e+01,9.697000e+01,1.321000e+02,2.889000e+01,3.618000e+01,2.847000e+01,2.545000e+01,2.423000e+01,2.092000e+01,6.011000e-01,5.493000e-01,5.998000e-01
6.400000e+01,6.669000e+01,8.580000e+01,1.169000e+02,2.921000e+01,3.658000e+01,2.878000e+01,2.573000e+01,2.450000e+01,2.115000e+01,8.218000e-01,7.510000e-01,8.201000e-01
6.500000e+01,6.713000e+01,8.637000e+01,1.177000e+02,2.741000e+01,3.433000e+01,2.701000e+01,2.415000e+01,2.299000e+01,1.984000e+01,5.915000e-01,5.406000e-01,5.903000e-01
6.600000e+01,7.414000e+01,9.539000e+01,1.300000e+02,2.549000e+01,3.192000e+01,2.512000e+01,2.245000e+01,2.138000e+01,1.845000e+01,6.648000e-01,6.076000e-01,6.634000e-01
6.700000e+01,7.782000e+01,1.001000e+02,1.364000e+02,2.595000e+01,3.250000e+01,2.557000e+01,2.286000e+01,2.176000e+01,1.879000e+01,1.896000e-01,1.733000e-01,1.892000e-01
6.800000e+01,6.022000e+01,7.748000e+01,1.056000e+02,2.781000e+01,3.483000e+01,2.740000e+01,2.450000e+01,2.332000e+01,2.013000e+01,6.171000e-01,5.640000e-01,6.158000e-01
6.900000e+01,6.313000e+01,8.122000e+01,1.107000e+02,2.652000e+01,3.321000e+01,2.613000e+01,2.336000e+01,2.224000e+01,1.920000e+01,2.772000e-01,2.533000e-01,2.766000e-01
7.000000e+01,7.239000e+01,9.314000e+01,1.269000e+02,2.605000e+01,3.263000e+01,2.567000e+01,2.295000e+01,2.185000e+01,1.886000e+01,5.540000e-01,5.063000e-01,5.528000e-01
7.100000e+01,7.345000e+01,9.450000e+01,1.288000e+02,2.893000e+01,3.623000e+01,2.851000e+01,2.548000e+01,2.426000e+01,2.095000e+01,3.527000e-01,3.223000e-01,3.520000e-01
7.200000e+01,7.135000e+01,9.180000e+01,1.251000e+02,3.228000e+01,4.043000e+01,3.181000e+01,2.844000e+01,2.707000e+01,2.337000e+01,6.538000e-01,5.975000e-01,6.524000e-01
7.300000e+01,7.134000e+01,9.179000e+01,1.251000e+02,3.361000e+01,4.209000e+01,3.312000e+01,2.961000e+01,2.819000e+01,2.433000e+01,3.175000e-01,2.902000e-01,3.168000e-01
7.400000e+01,6.726000e+01,8.654000e+01,1.179000e+02,2.529000e+01,3.167000e+01,2.492000e+01,2.228000e+01,2.121000e+01,1.831000e+01,2.796000e-01,2.555000e-01,2.790000e-01
7.500000e+01,7.473000e+01,9.615000e+01,1.310000e+02,2.763000e+01,3.460000e+01,2.723000e+01,2.434000e+01,2.317000e+01,2.000000e+01,3.340000e-01,3.052000e-01,3.333000e-01
7.600000e+01,6.148000e+01,7.910000e+01,1.078000e+02,2.713000e+01,3.398000e+01,2.673000e+01,2.390000e+01,2.275000e+01,1.964000e+01,7.334000e-01,6.703000e-01,7.319000e-01
7.700000e+01,6.755000e+01,8.691000e+01,1.184000e+02,2.844000e+01,3.562000e+01,2.802000e+01,2.505000e+01,2.385000e+01,2.059000e+01,6.220000e-01,5.684000e-01,6.207000e-01
7.800000e+01,6.097000e+01,7.844000e+01,1.069000e+02,3.301000e+01,4.134000e+01,3.253000e+01,2.908000e+01,2.768000e+01,2.390000e+01,5.538000e-01,5.061000e-01,5.526000e-01
7.900000e+01,7.376000e+01,9.490000e+01,1.293000e+02,2.830000e+01,3.544000e+01,2.789000e+01,2.493000e+01,2.373000e+01,2.049000e+01,4.938000e-01,4.513000e-01,4.928000e-01
8.000000e+01,6.245000e+01,8.035000e+01,1.095000e+02,3.292000e+01,4.123000e+01,3.244000e+01,2.900000e+01,2.761000e+01,2.383000e+01,5.533000e-01,5.057000e-01,5.521000e-01
8.100000e+01,6.120000e+01,7.874000e+01,1.073000e+02,2.964000e+01,3.712000e+01,2.921000e+01,2.611000e+01,2.486000e+01,2.146000e+01,5.332000e-01,4.873000e-01,5.321000e-01
8.200000e+01,6.916000e+01,8.898000e+01,1.212000e+02,2.543000e+01,3.185000e+01,2.506000e+01,2.240000e+01,2.133000e+01,1.841000e+01,2.535000e-01,2.317000e-01,2.530000e-01
8.300000e+01,7.637000e+01,9.826000e+01,1.339000e+02,3.213000e+01,4.024000e+01,3.166000e+01,2.830000e+01,2.694000e+01,2.326000e+01,7.540000e-01,6.891000e-01,7.524000e-01
8.400000e+01,6.239000e+01,8.027000e+01,1.094000e+02,2.903000e+01,3.636000e+01,2.861000e+01,2.557000e+01,2.434000e+01,2.102000e+01,5.988000e-01,5.472000e-01,5.975000e-01
8.500000e+01,7.557000e+01,9.723000e+01,1.325000e+02,2.992000e+01,3.747000e+01,2.948000e+01,2.636000e+01,2.509000e+01,2.166000e+01,2.000000e-01,1.828000e-01,1.996000e-01
8.600000e+01,7.113000e+01,9.152000e+01,1.247000e+02,2.641000e+01,3.308000e+01,2.602000e+01,2.326000e+01,2.215000e+01,1.912000e+01,7.307000e-01,6.678000e-01,7.292000e-01
8.700000e+01,7.160000e+01,9.212000e+01,1.255000e+02,3.141000e+01,3.934000e+01,3.095000e+01,2.767000e+01,2.634000e+01,2.274000e+01,2.687000e-01,2.456000e-01,2.681000e-01
8.800000e+01,6.363000e+01,8.187000e+01,1.115000e+02,3.216000e+01,4.028000e+01,3.169000e+01,2.833000e+01,2.697000e+01,2.328000e+01,4.061000e-01,3.711000e-01,4.052000e-01
8.900000e+01,6.901000e+01,8.879000e+01,1.210000e+02,2.741000e+01,3.433000e+01,2.701000e+01,2.415000e+01,2.299000e+01,1.984000e+01,4.433000e-01,4.051000e-01,4.424000e-01
9.000000e+01,7.023000e+01,9.036000e+01,1.231000e+02,3.412000e+01,4.273000e+01,3.362000e+01,3.006000e+01,2.861000e+01,2.470000e+01,5.664000e-01,5.176000e-01,5.652000e-01
9.100000e+01,6.598000e+01,8.489000e+01,1.157000e+02,3.179000e+01,3.981000e+01,3.133000e+01,2.800000e+01,2.666000e+01,2.302000e+01,4.948000e-01,4.522000e-01,4.938000e-01
9.200000e+01,7.059000e+01,9.082000e+01,1.238000e+02,2.523000e+01,3.160000e+01,2.486000e+01,2.223000e+01,2.116000e+01,1.827000e+01,6.092000e-01,5.567000e-01,6.079000e-01
9.300000e+01,7.730000e+01,9.945000e+01,1.355000e+02,2.853000e+01,3.573000e+01,2.811000e+01,2.513000e+01,2.393000e+01,2.066000e+01,3.233000e-01,2.955000e-01,3.226000e-01
9.400000e+01,7.071000e+01,9.098000e+01,1.240000e+02,3.215000e+01,4.026000e+01,3.168000e+01,2.832000e+01,2.696000e+01,2.328000e+01,5.909000e-01,5.400000e-01,5.897000e-01
9.500000e+01,6.942000e+01,8.932000e+01,1.217000e+02,3.221000e+01,4.034000e+01,3.174000e+01,2.837000e+01,2.701000e+01,2.332000e+01,7.272000e-01,6.646000e-01,7.257000e-01
9.600000e+01,7.609000e+01,9.790000e+01,1.334000e+02,2.725000e+01,3.413000e+01,2.685000e+01,2.400000e+01,2.285000e+01,1.973000e+01,6.578000e-01,6.012000e-01,6.564000e-01
9.700000e+01,6.416000e+01,8.255000e+01,1.125000e+02,3.276000e+01,4.103000e+01,3.228000e+01,2.886000e+01,2.747000e+01,2.372000e+01,5.467000e-01,4.996000e-01,5.456000e-01
9.800000e+01,7.968000e+01,1.025000e+02,1.397000e+02,2.929000e+01,3.668000e+01,2.886000e+01,2.580000e+01,2.456000e+01,2.121000e+01,8.477000e-01,7.747000e-01,8.459000e-01
9.900000e+01,7.450000e+01,9.585000e+01,1.306000e+02,2.597000e+01,3.252000e+01,2.559000e+01,2.288000e+01,2.178000e+01,1.880000e+01,5.046000e-01,4.612000e-01,5.035000e-01
1.000000e+02,6.353000e+01,8.174000e+01,1.114000e+02,3.131000e+01,3.921000e+01,3.085000e+01,2.758000e+01,2.626000e+01,2.267000e+01,5.556000e-01,5.078000e-01,5.544000e-01
1.010000e+02,6.304000e+01,8.111000e+01,1.105000e+02,2.755000e+01,3.450000e+01,2.715000e+01,2.427000e+01,2.310000e+01,1.995000e+01,1.540000e-01,1.407000e-01,1.537000e-01
1.020000e+02,6.104000e+01,7.853000e+01,1.070000e+02,3.065000e+01,3.839000e+01,3.020000e+01,2.700000e+01,2.570000e+01,2.219000e+01,1.813000e-01,1.657000e-01,1.809000e-01
1.030000e+02,6.513000e+01,8.380000e+01,1.142000e+02,2.943000e+01,3.686000e+01,2.900000e+01,2.592000e+01,2.468000e+01,2.131000e+01,1.557000e-01,1.423000e-01,1.554000e-01
1.040000e+02,6.323000e+01,8.135000e+01,1.108000e+02,3.030000e+01,3.795000e+01,2.986000e+01,2.669000e+01,2.541000e+01,2.194000e+01,1.627000e-01,1.487000e-01,1.624000e-01
1.050000e+02,6.741000e+01,8.673000e+01,1.182000e+02,2.890000e+01,3.619000e+01,2.848000e+01,2.546000e+01,2.424000e+01,2.092000e+01,1.669000e-01,1.525000e-01,1.665000e-01
1.060000e+02,6.153000e+01,7.916000e+01,1.079000e+02,2.643000e+01,3.310000e+01,2.604000e+01,2.328000e+01,2.216000e+01,1.914000e+01,1.557000e-01,1.423000e-01,1.554000e-01
1.070000e+02,6.833000e+01,8.791000e+01,1.198000e+02,2.652000e+01,3.321000e+01,2.613000e+01,2.336000e+01,2.224000e+01,1.920000e+01,1.987000e-01,1.816000e-01,1.983000e-01
1.080000e+02,6.473000e+01,8.328000e+01,1.135000e+02,2.870000e+01,3.594000e+01,2.828000e+01,2.528000e+01,2.407000e+01,2.078000e+01,1.543000e-01,1.410000e-01,1.540000e-01
1.090000e+02,6.269000e+01,8.066000e+01,1.099000e+02,2.903000e+01,3.636000e+01,2.861000e+01,2.557000e+01,2.434000e+01,2.102000e+01,1.581000e-01,1.445000e-01,1.578000e-01
1.100000e+02,6.447000e+01,8.295000e+01,1.130000e+02,2.988000e+01,3.742000e+01,2.944000e+01,2.632000e+01,2.506000e+01,2.163000e+01,1.534000e-01,1.402000e-01,1.531000e-01
1.110000e+02,6.117000e+01,7.870000e+01,1.072000e+02,2.804000e+01,3.512000e+01,2.763000e+01,2.470000e+01,2.351000e+01,2.030000e+01,1.706000e-01,1.559000e-01,1.702000e-01
1.120000e+02,6.283000e+01,8.084000e+01,1.101000e+02,2.988000e+01,3.742000e+01,2.944000e+01,2.632000e+01,2.506000e+01,2.163000e+01,1.644000e-01,1.502000e-01,1.641000e-01
1.130000e+02,6.424000e+01,8.265000e+01,1.126000e+02,3.266000e+01,4.090000e+01,3.218000e+01,2.877000e+01,2.739000e+01,2.365000e+01,1.519000e-01,1.388000e-01,1.516000e-01
1.140000e+02,6.279000e+01,8.079000e+01,1.101000e+02,2.813000e+01,3.523000e+01,2.772000e+01,2.478000e+01,2.359000e+01,2.037000e+01,1.556000e-01,1.422000e-01,1.553000e-01
1.150000e+02,6.563000e+01,8.444000e+01,1.151000e+02,2.653000e+01,3.323000e+01,2.614000e+01,2.337000e+01,2.225000e+01,1.921000e+01,1.586000e-01,1.449000e-01,1.583000e-01
1.160000e+02,6.200000e+01,7.977000e+01,1.087000e+02,2.738000e+01,3.429000e+01,2.698000e+01,2.412000e+01,2.296000e+01,1.982000e+01,1.623000e-01,1.483000e-01,1.620000e-01
1.170000e+02,7.156000e+01,9.207000e+01,1.255000e+02,3.037000e+01,3.804000e+01,2.993000e+01,2.675000e+01,2.547000e+01,2.199000e+01,1.560000e-01,1.426000e-01,1.557000e-01
1.180000e+02,6.781000e+01,8.724000e+01,1.189000e+02,2.860000e+01,3.582000e+01,2.818000e+01,2.519000e+01,2.398000e+01,2.071000e+01,1.598000e-01,1.460000e-01,1.595000e-01
1.190000e+02,6.290000e+01,8.093000e+01,1.103000e+02,3.243000e+01,4.062000e+01,3.196000e+01,2.857000e+01,2.720000e+01,2.348000e+01,1.700000e-01,1.554000e-01,1.696000e-01
1.200000e+02,6.186000e+01,7.959000e+01,1.084000e+02,2.617000e+01,3.278000e+01,2.579000e+01,2.305000e+01,2.195000e+01,1.895000e+01,1.542000e-01,1.409000e-01,1.539000e-01
1.210000e+02,6.311000e+01,8.120000e+01,1.106000e+02,3.109000e+01,3.894000e+01,3.064000e+01,2.739000e+01,2.607000e+01,2.251000e+01,1.546000e-01,1.413000e-01,1.543000e-01
1.220000e+02,6.617000e+01,8.513000e+01,1.160000e+02,2.684000e+01,3.361000e+01,2.645000e+01,2.364000e+01,2.251000e+01,1.943000e+01,1.615000e-01,1.476000e-01,1.612000e-01
1.230000e+02,6.310000e+01,8.118000e+01,1.106000e+02,2.623000e+01,3.285000e+01,2.585000e+01,2.311000e+01,2.200000e+01,1.899000e+01,1.619000e-01,1.480000e-01,1.616000e-01
1.240000e+02,6.329000e+01,8.143000e+01,1.110000e+02,2.630000e+01,3.294000e+01,2.592000e+01,2.317000e+01,2.206000e+01,1.904000e+01,1.526000e-01,1.395000e-01,1.523000e-01
1.250000e+02,6.340000e+01,8.157000e+01,1.111000e+02,3.005000e+01,3.763000e+01,2.961000e+01,2.647000e+01,2.520000e+01,2.176000e+01,1.679000e-01,1.534000e-01,1.675000e-01
1.260000e+02,6.436000e+01,8.281000e+01,1.128000e+02,2.525000e+01,3.162000e+01,2.488000e+01,2.224000e+01,2.117000e+01,1.828000e+01,1.677000e-01,1.533000e-01,1.673000e-01
1.270000e+02,6.210000e+01,7.990000e+01,1.089000e+02,2.668000e+01,3.341000e+01,2.629000e+01,2.350000e+01,2.237000e+01,1.932000e+01,1.684000e-01,1.539000e-01,1.680000e-01
1.280000e+02,6.254000e+01,8.046000e+01,1.096000e+02,2.630000e+01,3.294000e+01,2.592000e+01,2.317000e+01,2.206000e+01,1.904000e+01,1.744000e-01,1.594000e-01,1.740000e-01
1.290000e+02,6.272000e+01,8.070000e+01,1.100000e+02,2.644000e+01,3.311000e+01,2.605000e+01,2.329000e+01,2.217000e+01,1.914000e+01,1.705000e-01,1.558000e-01,1.701000e-01
1.300000e+02,6.224000e+01,8.008000e+01,1.091000e+02,3.111000e+01,3.896000e+01,3.066000e+01,2.740000e+01,2.609000e+01,2.252000e+01,1.657000e-01,1.514000e-01,1.654000e-01
1.310000e+02,6.546000e+01,8.422000e+01,1.148000e+02,3.119000e+01,3.906000e+01,3.073000e+01,2.748000e+01,2.616000e+01,2.258000e+01,1.997000e-01,1.825000e-01,1.993000e-01
1.320000e+02,6.219000e+01,8.001000e+01,1.090000e+02,2.662000e+01,3.334000e+01,2.623000e+01,2.345000e+01,2.232000e+01,1.927000e+01,1.702000e-01,1.555000e-01,1.698000e-01
1.330000e+02,6.175000e+01,7.945000e+01,1.083000e+02,2.963000e+01,3.711000e+01,2.920000e+01,2.610000e+01,2.485000e+01,2.145000e+01,1.590000e-01,1.453000e-01,1.587000e-01
1.340000e+02,6.206000e+01,7.985000e+01,1.088000e+02,2.620000e+01,3.281000e+01,2.582000e+01,2.308000e+01,2.197000e+01,1.897000e+01,1.511000e-01,1.381000e-01,1.508000e-01
1.350000e+02,6.146000e+01,7.907000e+01,1.077000e+02,2.702000e+01,3.384000e+01,2.663000e+01,2.380000e+01,2.266000e+01,1.956000e+01,1.582000e-01,1.446000e-01,1.579000e-01
1.360000e+02,6.198000e+01,7.974000e+01,1.087000e+02,3.059000e+01,3.831000e+01,3.014000e+01,2.695000e+01,2.565000e+01,2.215000e+01,1.587000e-01,1.450000e-01,1.584000e-01
1.370000e+02,6.160000e+01,7.925000e+01,1.080000e+02,2.972000e+01,3.722000e+01,2.929000e+01,2.618000e+01,2.492000e+01,2.152000e+01,1.514000e-01,1.384000e-01,1.511000e-01
1.380000e+02,6.045000e+01,7.777000e+01,1.060000e+02,2.700000e+01,3.381000e+01,2.661000e+01,2.378000e+01,2.264000e+01,1.955000e+01,1.657000e-01,1.514000e-01,1.654000e-01
1.390000e+02,6.937000e+01,8.925000e+01,1.216000e+02,3.135000e+01,3.926000e+01,3.089000e+01,2.762000e+01,2.629000e+01,2.270000e+01,1.726000e-01,1.577000e-01,1.722000e-01
1.400000e+02,6.383000e+01,8.212000e+01,1.119000e+02,2.595000e+01,3.250000e+01,2.557000e+01,2.286000e+01,2.176000e+01,1.879000e+01,1.540000e-01,1.407000e-01,1.537000e-01
1.410000e+02,6.917000e+01,8.899000e+01,1.213000e+02,3.183000e+01,3.986000e+01,3.137000e+01,2.804000e+01,2.669000e+01,2.304000e+01,1.589000e-01,1.452000e-01,1.586000e-01
1.420000e+02,6.434000e+01,8.278000e+01,1.128000e+02,2.650000e+01,3.319000e+01,2.611000e+01,2.334000e+01,2.222000e+01,1.919000e+01,1.688000e-01,1.543000e-01,1.684000e-01
1.430000e+02,6.355000e+01,8.176000e+01,1.114000e+02,2.994000e+01,3.750000e+01,2.950000e+01,2.637000e+01,2.511000e+01,2.168000e+01,1.758000e-01,1.607000e-01,1.754000e-01
1.440000e+02,6.461000e+01,8.313000e+01,1.133000e+02,2.688000e+01,3.366000e+01,2.649000e+01,2.368000e+01,2.254000e+01,1.946000e+01,1.544000e-01,1.411000e-01,1.541000e-01
1.450000e+02,6.866000e+01,8.834000e+01,1.204000e+02,2.803000e+01,3.510000e+01,2.762000e+01,2.469000e+01,2.351000e+01,2.029000e+01,1.527000e-01,1.396000e-01,1.524000e-01
1.460000e+02,6.332000e+01,8.147000e+01,1.110000e+02,3.083000e+01,3.861000e+01,3.038000e+01,2.716000e+01,2.585000e+01,2.232000e+01,1.510000e-01,1.380000e-01,1.507000e-01
1.470000e+02,6.057000e+01,7.793000e+01,1.062000e+02,2.912000e+01,3.647000e+01,2.869000e+01,2.565000e+01,2.442000e+01,2.108000e+01,1.626000e-01,1.486000e-01,1.623000e-01
1.480000e+02,6.455000e+01,8.305000e+01,1.132000e+02,2.798000e+01,3.504000e+01,2.757000e+01,2.465000e+01,2.346000e+01,2.026000e+01,1.659000e-01,1.516000e-01,1.656000e-01
1.490000e+02,7.252000e+01,9.330000e+01,1.271000e+02,2.615000e+01,3.275000e+01,2.577000e+01,2.304000e+01,2.193000e+01,1.893000e+01,1.613000e-01,1.474000e-01,1.610000e-01
1.500000e+02,6.395000e+01,8.228000e+01,1.121000e+02,2.814000e+01,3.524000e+01,2.773000e+01,2.479000e+01,2.360000e+01,2.037000e+01,1.515000e-01,1.385000e-01,1.512000e-01
1.510000e+02,6.397000e+01,8.230000e+01,1.121000e+02,2.565000e+01,3.212000e+01,2.528000e+01,2.260000e+01,2.151000e+01,1.857000e+01,1.622000e-01,1.482000e-01,1.619000e-01
1.520000e+02,6.437000e+01,8.282000e+01,1.128000e+02,2.759000e+01,3.455000e+01,2.719000e+01,2.430000e+01,2.314000e+01,1.998000e+01,1.597000e-01,1.459000e-01,1.594000e-01
1.530000e+02,6.138000e+01,7.897000e+01,1.076000e+02,2.819000e+01,3.531000e+01,2.778000e+01,2.483000e+01,2.364000e+01,2.041000e+01,1.604000e-01,1.466000e-01,1.601000e-01
1.540000e+02,6.212000e+01,7.992000e+01,1.089000e+02,3.091000e+01,3.871000e+01,3.046000e+01,2.723000e+01,2.592000e+01,2.238000e+01,1.504000e-01,1.375000e-01,1.501000e-01
1.550000e+02,6.906000e+01,8.885000e+01,1.211000e+02,3.211000e+01,4.021000e+01,3.164000e+01,2.829000e+01,2.693000e+01,2.325000e+01,1.600000e-01,1.462000e-01,1.597000e-01
1.560000e+02,6.405000e+01,8.241000e+01,1.123000e+02,3.104000e+01,3.887000e+01,3.059000e+01,2.734000e+01,2.603000e+01,2.247000e+01,1.515000e-01,1.385000e-01,1.512000e-01
1.570000e+02,6.087000e+01,7.832000e+01,1.067000e+02,2.925000e+01,3.663000e+01,2.882000e+01,2.577000e+01,2.453000e+01,2.118000e+01,1.834000e-01,1.676000e-01,1.830000e-01
1.580000e+02,6.186000e+01,7.959000e+01,1.084000e+02,3.100000e+01,3.882000e+01,3.055000e+01,2.731000e+01,2.600000e+01,2.244000e+01,1.537000e-01,1.405000e-01,1.534000e-01
1.590000e+02,6.476000e+01,8.332000e+01,1.135000e+02,3.219000e+01,4.031000e+01,3.172000e+01,2.836000e+01,2.699000e+01,2.331000e+01,1.541000e-01,1.408000e-01,1.538000e-01
1.600000e+02,6.551000e+01,8.429000e+01,1.148000e+02,2.647000e+01,3.315000e+01,2.608000e+01,2.332000e+01,2.220000e+01,1.916000e+01,1.533000e-01,1.401000e-01,1.530000e-01
1.610000e+02,6.755000e+01,8.691000e+01,1.184000e+02,2.721000e+01,3.408000e+01,2.681000e+01,2.397000e+01,2.282000e+01,1.970000e+01,1.598000e-01,1.460000e-01,1.595000e-01
1.620000e+02,6.216000e+01,7.998000e+01,1.090000e+02,3.056000e+01,3.827000e+01,3.011000e+01,2.692000e+01,2.563000e+01,2.213000e+01,1.605000e-01,1.467000e-01,1.602000e-01
1.630000e+02,6.177000e+01,7.947000e+01,1.083000e+02,2.865000e+01,3.588000e+01,2.823000e+01,2.524000e+01,2.403000e+01,2.074000e+01,1.596000e-01,1.459000e-01,1.593000e-01
1.640000e+02,6.669000e+01,8.580000e+01,1.169000e+02,2.544000e+01,3.186000e+01,2.507000e+01,2.241000e+01,2.133000e+01,1.842000e+01,1.646000e-01,1.504000e-01,1.643000e-01
1.650000e+02,6.555000e+01,8.434000e+01,1.149000e+02,2.709000e+01,3.393000e+01,2.669000e+01,2.386000e+01,2.272000e+01,1.961000e+01,1.737000e-01,1.587000e-01,1.733000e-01
1.660000e+02,6.292000e+01,8.095000e+01,1.103000e+02,2.968000e+01,3.717000e+01,2.925000e+01,2.615000e+01,2.489000e+01,2.149000e+01,1.637000e-01,1.496000e-01,1.634000e-01
1.670000e+02,6.637000e+01,8.539000e+01,1.164000e+02,3.016000e+01,3.777000e+01,2.972000e+01,2.657000e+01,2.529000e+01,2.184000e+01,1.544000e-01,1.411000e-01,1.541000e-01
1.680000e+02,6.538000e+01,8.412000e+01,1.146000e+02,2.569000e+01,3.217000e+01,2.531000e+01,2.263000e+01,2.154000e+01,1.860000e+01,1.601000e-01,1.463000e-01,1.598000e-01
1.690000e+02,6.359000e+01,8.181000e+01,1.115000e+02,2.843000e+01,3.561000e+01,2.801000e+01,2.504000e+01,2.384000e+01,2.058000e+01,1.543000e-01,1.410000e-01,1.540000e-01
1.700000e+02,6.869000e+01,8.838000e+01,1.204000e+02,2.788000e+01,3.492000e+01,2.747000e+01,2.456000e+01,2.338000e+01,2.019000e+01,1.523000e-01,1.392000e-01,1.520000e-01
1.710000e+02,6.232000e+01,8.018000e+01,1.093000e+02,2.715000e+01,3.400000e+01,2.675000e+01,2.392000e+01,2.277000e+01,1.966000e+01,1.560000e-01,1.426000e-01,1.557000e-01
1.720000e+02,6.270000e+01,8.067000e+01,1.099000e+02,2.749000e+01,3.443000e+01,2.709000e+01,2.422000e+01,2.305000e+01,1.990000e+01,1.616000e-01,1.477000e-01,1.613000e-01
1.730000e+02,6.690000e+01,8.607000e+01,1.173000e+02,2.624000e+01,3.286000e+01,2.586000e+01,2.311000e+01,2.200000e+01,1.900000e+01,1.577000e-01,1.441000e-01,1.574000e-01
1.740000e+02,6.465000e+01,8.318000e+01,1.133000e+02,2.624000e+01,3.286000e+01,2.586000e+01,2.311000e+01,2.200000e+01,1.900000e+01,1.583000e-01,1.447000e-01,1.580000e-01
1.750000e+02,6.925000e+01,8.910000e+01,1.214000e+02,2.823000e+01,3.536000e+01,2.782000e+01,2.487000e+01,2.367000e+01,2.044000e+01,1.617000e-01,1.478000e-01,1.614000e-01
1.760000e+02,6.219000e+01,8.001000e+01,1.090000e+02,3.306000e+01,4.140000e+01,3.258000e+01,2.912000e+01,2.772000e+01,2.394000e+01,1.534000e-01,1.402000e-01,1.531000e-01
1.770000e+02,7.057000e+01,9.080000e+01,1.237000e+02,3.193000e+01,3.999000e+01,3.146000e+01,2.813000e+01,2.678000e+01,2.312000e+01,1.525000e-01,1.394000e-01,1.522000e-01
1.780000e+02,6.097000e+01,7.844000e+01,1.069000e+02,3.026000e+01,3.790000e+01,2.982000e+01,2.666000e+01,2.538000e+01,2.191000e+01,1.668000e-01,1.524000e-01,1.664000e-01
1.790000e+02,6.377000e+01,8.205000e+01,1.118000e+02,2.859000e+01,3.581000e+01,2.817000e+01,2.518000e+01,2.398000e+01,2.070000e+01,1.550000e-01,1.417000e-01,1.547000e-01
1.800000e+02,6.663000e+01,8.573000e+01,1.168000e+02,2.848000e+01,3.567000e+01,2.806000e+01,2.509000e+01,2.388000e+01,2.062000e+01,1.739000e-01,1.589000e-01,1.735000e-01
1.810000e+02,6.802000e+01,8.751000e+01,1.192000e+02,2.804000e+01,3.512000e+01,2.763000e+01,2.470000e+01,2.351000e+01,2.030000e+01,1.582000e-01,1.446000e-01,1.579000e-01
1.820000e+02,6.881000e+01,8.853000e+01,1.206000e+02,2.898000e+01,3.629000e+01,2.856000e+01,2.553000e+01,2.430000e+01,2.098000e+01,1.543000e-01,1.410000e-01,1.540000e-01
1.830000e+02,6.264000e+01,8.059000e+01,1.098000e+02,2.831000e+01,3.546000e+01,2.790000e+01,2.494000e+01,2.374000e+01,2.050000e+01,1.552000e-01,1.418000e-01,1.549000e-01
1.840000e+02,6.495000e+01,8.356000e+01,1.139000e+02,2.964000e+01,3.712000e+01,2.921000e+01,2.611000e+01,2.486000e+01,2.146000e+01,1.851000e-01,1.692000e-01,1.847000e-01
1.850000e+02,6.957000e+01,8.951000e+01,1.220000e+02,3.180000e+01,3.983000e+01,3.134000e+01,2.801000e+01,2.667000e+01,2.302000e+01,1.617000e-01,1.478000e-01,1.614000e-01
1.860000e+02,6.220000e+01,8.003000e+01,1.090000e+02,3.085000e+01,3.864000e+01,3.040000e+01,2.718000e+01,2.587000e+01,2.234000e+01,1.519000e-01,1.388000e-01,1.516000e-01
1.870000e+02,6.450000e+01,8.299000e+01,1.131000e+02,3.034000e+01,3.800000e+01,2.990000e+01,2.673000e+01,2.544000e+01,2.197000e+01,1.794000e-01,1.640000e-01,1.790000e-01
1.880000e+02,6.452000e+01,8.301000e+01,1.131000e+02,3.022000e+01,3.785000e+01,2.978000e+01,2.662000e+01,2.534000e+01,2.188000e+01,1.872000e-01,1.711000e-01,1.868000e-01
1.890000e+02,6.788000e+01,8.733000e+01,1.190000e+02,2.687000e+01,3.365000e+01,2.648000e+01,2.367000e+01,2.253000e+01,1.945000e+01,1.521000e-01,1.390000e-01,1.518000e-01
1.900000e+02,6.666000e+01,8.576000e+01,1.169000e+02,2.977000e+01,3.728000e+01,2.934000e+01,2.622000e+01,2.497000e+01,2.155000e+01,1.961000e-01,1.792000e-01,1.957000e-01
1.910000e+02,6.615000e+01,8.511000e+01,1.160000e+02,2.649000e+01,3.318000e+01,2.610000e+01,2.334000e+01,2.221000e+01,1.918000e+01,1.553000e-01,1.419000e-01,1.550000e-01
1.920000e+02,6.433000e+01,8.277000e+01,1.128000e+02,2.806000e+01,3.514000e+01,2.765000e+01,2.472000e+01,2.353000e+01,2.032000e+01,1.573000e-01,1.438000e-01,1.570000e-01
1.930000e+02,6.566000e+01,8.448000e+01,1.151000e+02,2.720000e+01,3.407000e+01,2.680000e+01,2.396000e+01,2.281000e+01,1.969000e+01,1.707000e-01,1.560000e-01,1.703000e-01
1.940000e+02,6.400000e+01,8.234000e+01,1.122000e+02,2.727000e+01,3.415000e+01,2.687000e+01,2.402000e+01,2.287000e+01,1.974000e+01,1.939000e-01,1.772000e-01,1.935000e-01
1.950000e+02,6.847000e+01,8.809000e+01,1.200000e+02,3.271000e+01,4.097000e+01,3.223000e+01,2.881000e+01,2.743000e+01,2.368000e+01,1.558000e-01,1.424000e-01,1.555000e-01
1.960000e+02,6.519000e+01,8.387000e+01,1.143000e+02,2.759000e+01,3.455000e+01,2.719000e+01,2.430000e+01,2.314000e+01,1.998000e+01,1.606000e-01,1.468000e-01,1.603000e-01
1.970000e+02,6.652000e+01,8.558000e+01,1.166000e+02,2.856000e+01,3.577000e+01,2.814000e+01,2.516000e+01,2.395000e+01,2.068000e+01,1.566000e-01,1.431000e-01,1.563000e-01
1.980000e+02,6.330000e+01,8.144000e+01,1.110000e+02,2.590000e+01,3.244000e+01,2.552000e+01,2.282000e+01,2.172000e+01,1.875000e+01,1.517000e-01,1.386000e-01,1.514000e-01
1.990000e+02,6.471000e+01,8.326000e+01,1.134000e+02,2.718000e+01,3.404000e+01,2.678000e+01,2.394000e+01,2.279000e+01,1.968000e+01,1.572000e-01,1.437000e-01,1.569000e-01
2.000000e+02,6.529000e+01,8.400000e+01,1.145000e+02,2.759000e+01,3.455000e+01,2.719000e+01,2.430000e+01,2.314000e+01,1.998000e+01,1.541000e-01,1.408000e-01,1.538000e-01
2.010000e+02,6.811000e+01,8.763000e+01,1.194000e+02,2.670000e+01,3.344000e+01,2.631000e+01,2.352000e+01,2.239000e+01,1.933000e+01,1.514000e-01,1.384000e-01,1.511000e-01
2.020000e+02,6.250000e+01,8.041000e+01,1.096000e+02,3.062000e+01,3.835000e+01,3.017000e+01,2.697000e+01,2.568000e+01,2.217000e+01,1.596000e-01,1.459000e-01,1.593000e-01
2.030000e+02,6.179000e+01,7.950000e+01,1.083000e+02,2.656000e+01,3.326000e+01,2.617000e+01,2.340000e+01,2.227000e+01,1.923000e+01,1.678000e-01,1.534000e-01,1.674000e-01
2.040000e+02,6.222000e+01,8.005000e+01,1.091000e+02,2.895000e+01,3.626000e+01,2.853000e+01,2.550000e+01,2.428000e+01,2.096000e+01,1.567000e-01,1.432000e-01,1.564000e-01
2.050000e+02,6.377000e+01,8.205000e+01,1.118000e+02,2.733000e+01,3.423000e+01,2.693000e+01,2.407000e+01,2.292000e+01,1.979000e+01,1.918000e-01,1.753000e-01,1.914000e-01
2.060000e+02,7.004000e+01,9.011000e+01,1.228000e+02,3.310000e+01,4.145000e+01,3.262000e+01,2.916000e+01,2.776000e+01,2.396000e+01,1.758000e-01,1.607000e-01,1.754000e-01
2.070000e+02,6.999000e+01,9.005000e+01,1.227000e+02,2.944000e+01,3.687000e+01,2.901000e+01,2.593000e+01,2.469000e+01,2.131000e+01,1.684000e-01,1.539000e-01,1.680000e-01
2.080000e+02,6.354000e+01,8.175000e+01,1.114000e+02,2.855000e+01,3.576000e+01,2.813000e+01,2.515000e+01,2.394000e+01,2.067000e+01,1.787000e-01,1.633000e-01,1.783000e-01
2.090000e+02,6.335000e+01,8.151000e+01,1.111000e+02,3.065000e+01,3.839000e+01,3.020000e+01,2.700000e+01,2.570000e+01,2.219000e+01,1.556000e-01,1.422000e-01,1.553000e-01
2.100000e+02,6.310000e+01,8.118000e+01,1.106000e+02,2.675000e+01,3.350000e+01,2.636000e+01,2.356000e+01,2.243000e+01,1.937000e+01,1.541000e-01,1.408000e-01,1.538000e-01
2.110000e+02,6.392000e+01,8.224000e+01,1.121000e+02,2.876000e+01,3.602000e+01,2.834000e+01,2.533000e+01,2.412000e+01,2.082000e+01,1.780000e-01,1.627000e-01,1.776000e-01
2.120000e+02,6.320000e+01,8.131000e+01,1.108000e+02,2.938000e+01,3.680000e+01,2.895000e+01,2.588000e+01,2.464000e+01,2.127000e+01,1.632000e-01,1.491000e-01,1.629000e-01
2.130000e+02,6.504000e+01,8.368000e+01,1.140000e+02,2.908000e+01,3.642000e+01,2.866000e+01,2.562000e+01,2.439000e+01,2.105000e+01,1.525000e-01,1.394000e-01,1.522000e-01
2.140000e+02,6.280000e+01,8.080000e+01,1.101000e+02,3.065000e+01,3.839000e+01,3.020000e+01,2.700000e+01,2.570000e+01,2.219000e+01,1.518000e-01,1.387000e-01,1.515000e-01
2.150000e+02,6.355000e+01,8.176000e+01,1.114000e+02,2.671000e+01,3.345000e+01,2.632000e+01,2.353000e+01,2.240000e+01,1.934000e+01,1.532000e-01,1.400000e-01,1.529000e-01
2.160000e+02,6.468000e+01,8.322000e+01,1.134000e+02,3.220000e+01,4.033000e+01,3.173000e+01,2.836000e+01,2.700000e+01,2.331000e+01,1.561000e-01,1.427000e-01,1.558000e-01
2.170000e+02,6.785000e+01,8.730000e+01,1.189000e+02,3.107000e+01,3.891000e+01,3.062000e+01,2.737000e+01,2.606000e+01,2.249000e+01,1.568000e-01,1.433000e-01,1.565000e-01
2.180000e+02,6.728000e+01,8.656000e+01,1.179000e+02,2.966000e+01,3.715000e+01,2.923000e+01,2.613000e+01,2.487000e+01,2.147000e+01,1.523000e-01,1.392000e-01,1.520000e-01
2.190000e+02,6.549000e+01,8.426000e+01,1.148000e+02,2.873000e+01,3.598000e+01,2.831000e+01,2.531000e+01,2.409000e+01,2.080000e+01,1.836000e-01,1.678000e-01,1.832000e-01
2.200000e+02,6.362000e+01,8.185000e+01,1.115000e+02,2.891000e+01,3.621000e+01,2.849000e+01,2.547000e+01,2.424000e+01,2.093000e+01,1.551000e-01,1.417000e-01,1.548000e-01
2.210000e+02,6.392000e+01,8.224000e+01,1.121000e+02,2.903000e+01,3.636000e+01,2.861000e+01,2.557000e+01,2.434000e+01,2.102000e+01,1.595000e-01,1.458000e-01,1.592000e-01
2.220000e+02,6.901000e+01,8.879000e+01,1.210000e+02,2.994000e+01,3.750000e+01,2.950000e+01,2.637000e+01,2.511000e+01,2.168000e+01,1.562000e-01,1.428000e-01,1.559000e-01
2.230000e+02,7.017000e+01,9.028000e+01,1.230000e+02,3.088000e+01,3.867000e+01,3.043000e+01,2.720000e+01,2.590000e+01,2.236000e+01,1.579000e-01,1.443000e-01,1.576000e-01
2.240000e+02,6.583000e+01,8.470000e+01,1.154000e+02,2.691000e+01,3.370000e+01,2.652000e+01,2.371000e+01,2.257000e+01,1.948000e+01,1.739000e-01,1.589000e-01,1.735000e-01
2.250000e+02,6.311000e+01,8.120000e+01,1.106000e+02,2.907000e+01,3.641000e+01,2.865000e+01,2.561000e+01,2.438000e+01,2.105000e+01,2.031000e-01,1.856000e-01,2.027000e-01
2.260000e+02,6.826000e+01,8.782000e+01,1.197000e+02,3.126000e+01,3.915000e+01,3.080000e+01,2.754000e+01,2.621000e+01,2.263000e+01,1.681000e-01,1.536000e-01,1.677000e-01
2.270000e+02,6.944000e+01,8.934000e+01,1.217000e+02,2.613000e+01,3.273000e+01,2.575000e+01,2.302000e+01,2.191000e+01,1.892000e+01,1.613000e-01,1.474000e-01,1.610000e-01
2.280000e+02,6.185000e+01,7.958000e+01,1.084000e+02,3.215000e+01,4.026000e+01,3.168000e+01,2.832000e+01,2.696000e+01,2.328000e+01,1.585000e-01,1.449000e-01,1.582000e-01
2.290000e+02,6.529000e+01,8.400000e+01,1.145000e+02,3.203000e+01,4.011000e+01,3.156000e+01,2.822000e+01,2.686000e+01,2.319000e+01,1.516000e-01,1.385000e-01,1.513000e-01
2.300000e+02,6.709000e+01,8.632000e+01,1.176000e+02,2.905000e+01,3.638000e+01,2.863000e+01,2.559000e+01,2.436000e+01,2.103000e+01,1.553000e-01,1.419000e-01,1.550000e-01
2.310000e+02,6.313000e+01,8.122000e+01,1.107000e+02,2.642000e+01,3.309000e+01,2.603000e+01,2.327000e+01,2.216000e+01,1.913000e+01,1.581000e-01,1.445000e-01,1.578000e-01
2.320000e+02,6.727000e+01,8.655000e+01,1.179000e+02,3.046000e+01,3.815000e+01,3.002000e+01,2.683000e+01,2.554000e+01,2.205000e+01,1.639000e-01,1.498000e-01,1.636000e-01
2.330000e+02,6.551000e+01,8.429000e+01,1.148000e+02,2.890000e+01,3.619000e+01,2.848000e+01,2.546000e+01,2.424000e+01,2.092000e+01,1.671000e-01,1.527000e-01,1.667000e-01
2.340000e+02,6.445000e+01,8.292000e+01,1.130000e+02,2.842000e+01,3.559000e+01,2.801000e+01,2.504000e+01,2.383000e+01,2.058000e+01,1.558000e-01,1.424000e-01,1.555000e-01
2.350000e+02,6.629000e+01,8.529000e+01,1.162000e+02,2.623000e+01,3.285000e+01,2.585000e+01,2.311000e+01,2.200000e+01,1.899000e+01,1.537000e-01,1.405000e-01,1.534000e-01
2.360000e+02,6.462000e+01,8.314000e+01,1.133000e+02,2.921000e+01,3.658000e+01,2.878000e+01,2.573000e+01,2.450000e+01,2.115000e+01,1.572000e-01,1.437000e-01,1.569000e-01
2.370000e+02,6.343000e+01,8.161000e+01,1.112000e+02,2.911000e+01,3.646000e+01,2.868000e+01,2.564000e+01,2.441000e+01,2.108000e+01,1.592000e-01,1.455000e-01,1.589000e-01
2.380000e+02,6.739000e+01,8.670000e+01,1.181000e+02,2.772000e+01,3.472000e+01,2.732000e+01,2.442000e+01,2.325000e+01,2.007000e+01,1.575000e-01,1.439000e-01,1.572000e-01
2.390000e+02,6.250000e+01,8.041000e+01,1.096000e+02,2.660000e+01,3.331000e+01,2.621000e+01,2.343000e+01,2.231000e+01,1.926000e+01,1.518000e-01,1.387000e-01,1.515000e-01
2.400000e+02,6.306000e+01,8.113000e+01,1.106000e+02,2.885000e+01,3.613000e+01,2.843000e+01,2.541000e+01,2.419000e+01,2.089000e+01,1.531000e-01,1.399000e-01,1.528000e-01
2.410000e+02,6.318000e+01,8.129000e+01,1.108000e+02,2.949000e+01,3.693000e+01,2.906000e+01,2.598000e+01,2.473000e+01,2.135000e+01,1.653000e-01,1.511000e-01,1.650000e-01
2.420000e+02,6.123000e+01,7.878000e+01,1.073000e+02,2.949000e+01,3.693000e+01,2.906000e+01,2.598000e+01,2.473000e+01,2.135000e+01,1.547000e-01,1.414000e-01,1.544000e-01
2.430000e+02,6.608000e+01,8.502000e+01,1.158000e+02,2.734000e+01,3.424000e+01,2.694000e+01,2.408000e+01,2.293000e+01,1.979000e+01,1.576000e-01,1.440000e-01,1.573000e-01
2.440000e+02,6.356000e+01,8.178000e+01,1.114000e+02,2.673000e+01,3.348000e+01,2.634000e+01,2.355000e+01,2.242000e+01,1.935000e+01,1.646000e-01,1.504000e-01,1.643000e-01
2.450000e+02,6.394000e+01,8.227000e+01,1.121000e+02,2.847000e+01,3.566000e+01,2.805000e+01,2.508000e+01,2.387000e+01,2.061000e+01,1.537000e-01,1.405000e-01,1.534000e-01
2.460000e+02,6.252000e+01,8.044000e+01,1.096000e+02,2.880000e+01,3.607000e+01,2.838000e+01,2.537000e+01,2.415000e+01,2.085000e+01,1.562000e-01,1.428000e-01,1.559000e-01
2.470000e+02,6.404000e+01,8.239000e+01,1.123000e+02,2.965000e+01,3.713000e+01,2.922000e+01,2.612000e+01,2.486000e+01,2.147000e+01,1.793000e-01,1.639000e-01,1.789000e-01
2.480000e+02,6.945000e+01,8.935000e+01,1.218000e+02,2.891000e+01,3.621000e+01,2.849000e+01,2.547000e+01,2.424000e+01,2.093000e+01,1.553000e-01,1.419000e-01,1.550000e-01
2.490000e+02,6.229000e+01,8.014000e+01,1.092000e+02,3.064000e+01,3.837000e+01,3.019000e+01,2.699000e+01,2.569000e+01,2.218000e+01,2.110000e-01,1.928000e-01,2.106000e-01
2.500000e+02,6.206000e+01,7.985000e+01,1.088000e+02,2.851000e+01,3.571000e+01,2.809000e+01,2.511000e+01,2.391000e+01,2.064000e+01,1.693000e-01,1.547000e-01,1.689000e-01
2.510000e+02,6.529000e+01,8.400000e+01,1.145000e+02,2.716000e+01,3.402000e+01,2.676000e+01,2.393000e+01,2.278000e+01,1.966000e+01,1.530000e-01,1.398000e-01,1.527000e-01
2.520000e+02,6.308000e+01,8.116000e+01,1.106000e+02,2.643000e+01,3.310000e+01,2.604000e+01,2.328000e+01,2.216000e+01,1.914000e+01,1.540000e-01,1.407000e-01,1.537000e-01
2.530000e+02,6.319000e+01,8.130000e+01,1.108000e+02,3.082000e+01,3.860000e+01,3.037000e+01,2.715000e+01,2.585000e+01,2.231000e+01,1.667000e-01,1.523000e-01,1.663000e-01
2.540000e+02,6.791000e+01,8.737000e+01,1.191000e+02,2.863000e+01,3.586000e+01,2.821000e+01,2.522000e+01,2.401000e+01,2.073000e+01,1.588000e-01,1.451000e-01,1.585000e-01
2.550000e+02,6.258000e+01,8.052000e+01,1.097000e+02,2.704000e+01,3.386000e+01,2.665000e+01,2.382000e+01,2.268000e+01,1.958000e+01,1.581000e-01,1.445000e-01,1.578000e-01
2.560000e+02,6.524000e+01,8.394000e+01,1.144000e+02,2.738000e+01,3.429000e+01,2.698000e+01,2.412000e+01,2.296000e+01,1.982000e+01,1.623000e-01,1.483000e-01,1.620000e-01
