# step_count,bc_1,bc_2,bc_3,ac_1,ac_2,ac_3,ac_4,ac_5,ac_6,ic_1,ic_2,ic_3
1.000000e+00,6.308000e+01,8.116000e+01,1.106000e+02,3.303000e+01,4.137000e+01,3.255000e+01,2.910000e+01,2.770000e+01,2.391000e+01,3.562000e-01,3.255000e-01,3.555000e-01
2.000000e+00,6.501000e+01,8.364000e+01,1.140000e+02,2.966000e+01,3.715000e+01,2.923000e+01,2.613000e+01,2.487000e+01,2.147000e+01,7.246000e-01,6.622000e-01,7.231000e-01
3.000000e+00,6.917000e+01,8.899000e+01,1.213000e+02,3.024000e+01,3.787000e+01,2.980000e+01,2.664000e+01,2.536000e+01,2.189000e+01,5.816000e-01,5.315000e-01,5.804000e-01
4.000000e+00,6.968000e+01,8.965000e+01,1.222000e+02,2.995000e+01,3.751000e+01,2.951000e+01,2.638000e+01,2.512000e+01,2.168000e+01,8.217000e-01,7.510000e-01,8.200000e-01
5.000000e+00,7.780000e+01,1.001000e+02,1.364000e+02,2.927000e+01,3.666000e+01,2.884000e+01,2.578000e+01,2.455000e+01,2.119000e+01,8.109000e-01,7.411000e-01,8.092000e-01
6.000000e+00,6.110000e+01,7.861000e+01,1.071000e+02,2.504000e+01,3.136000e+01,2.467000e+01,2.206000e+01,2.100000e+01,1.813000e+01,4.314000e-01,3.943000e-01,4.305000e-01
7.000000e+00,6.543000e+01,8.418000e+01,1.147000e+02,2.636000e+01,3.301000e+01,2.598000e+01,2.322000e+01,2.211000e+01,1.908000e+01,2.060000e-01,1.883000e-01,2.056000e-01
8.000000e+00,6.825000e+01,8.781000e+01,1.196000e+02,2.989000e+01,3.743000e+01,2.945000e+01,2.633000e+01,2.507000e+01,2.164000e+01,6.398000e-01,5.847000e-01,6.385000e-01
9.000000e+00,7.806000e+01,1.004000e+02,1.368000e+02,3.229000e+01,4.044000e+01,3.182000e+01,2.844000e+01,2.708000e+01,2.338000e+01,7.592000e-01,6.938000e-01,7.576000e-01
1.000000e+01,6.773000e+01,8.714000e+01,1.187000e+02,2.535000e+01,3.175000e+01,2.498000e+01,2.233000e+01,2.126000e+01,1.835000e+01,1.848000e-01,1.689000e-01,1.844000e-01
1.100000e+01,7.178000e+01,9.235000e+01,1.258000e+02,2.601000e+01,3.257000e+01,2.563000e+01,2.291000e+01,2.181000e+01,1.883000e+01,5.063000e-01,4.627000e-01,5.052000e-01
1.200000e+01,6.812000e+01,8.764000e+01,1.194000e+02,3.301000e+01,4.134000e+01,3.253000e+01,2.908000e+01,2.768000e+01,2.390000e+01,2.523000e-01,2.306000e-01,2.518000e-01
1.300000e+01,7.064000e+01,9.089000e+01,1.238000e+02,2.895000e+01,3.626000e+01,2.853000e+01,2.550000e+01,2.428000e+01,2.096000e+01,4.901000e-01,4.479000e-01,4.891000e-01
1.400000e+01,7.096000e+01,9.130000e+01,1.244000e+02,2.873000e+01,3.598000e+01,2.831000e+01,2.531000e+01,2.409000e+01,2.080000e+01,5.965000e-01,5.451000e-01,5.952000e-01
1.500000e+01,7.547000e+01,9.710000e+01,1.323000e+02,3.223000e+01,4.036000e+01,3.176000e+01,2.839000e+01,2.703000e+01,2.333000e+01,1.902000e-01,1.738000e-01,1.898000e-01
1.600000e+01,7.087000e+01,9.118000e+01,1.242000e+02,3.284000e+01,4.113000e+01,3.236000e+01,2.893000e+01,2.754000e+01,2.378000e+01,7.559000e-01,6.908000e-01,7.543000e-01
1.700000e+01,6.657000e+01,8.565000e+01,1.167000e+02,2.565000e+01,3.212000e+01,2.528000e+01,2.260000e+01,2.151000e+01,1.857000e+01,3.795000e-01,3.468000e-01,3.787000e-01
1.800000e+01,6.767000e+01,8.706000e+01,1.186000e+02,2.808000e+01,3.517000e+01,2.767000e+01,2.474000e+01,2.355000e+01,2.033000e+01,8.079000e-01,7.383000e-01,8.062000e-01
1.900000e+01,6.028000e+01,7.756000e+01,1.057000e+02,3.119000e+01,3.906000e+01,3.073000e+01,2.748000e+01,2.616000e+01,2.258000e+01,5.069000e-01,4.633000e-01,5.058000e-01
2.000000e+01,6.781000e+01,8.724000e+01,1.189000e+02,3.086000e+01,3.865000e+01,3.041000e+01,2.718000e+01,2.588000e+01,2.234000e+01,7.364000e-01,6.730000e-01,7.349000e-01
2.100000e+01,7.997000e+01,1.029000e+02,1.402000e+02,3.152000e+01,3.948000e+01,3.106000e+01,2.777000e+01,2.643000e+01,2.282000e+01,7.720000e-01,7.055000e-01,7.704000e-01
2.200000e+01,6.571000e+01,8.454000e+01,1.152000e+02,2.821000e+01,3.533000e+01,2.780000e+01,2.485000e+01,2.366000e+01,2.042000e+01,4.790000e-01,4.378000e-01,4.780000e-01
2.300000e+01,7.201000e+01,9.265000e+01,1.262000e+02,2.529000e+01,3.167000e+01,2.492000e+01,2.228000e+01,2.121000e+01,1.831000e+01,1.566000e-01,1.431000e-01,1.563000e-01
2.400000e+01,7.332000e+01,9.433000e+01,1.285000e+02,2.794000e+01,3.499000e+01,2.753000e+01,2.461000e+01,2.343000e+01,2.023000e+01,2.514000e-01,2.298000e-01,2.509000e-01
2.500000e+01,7.417000e+01,9.543000e+01,1.300000e+02,2.999000e+01,3.756000e+01,2.955000e+01,2.642000e+01,2.515000e+01,2.171000e+01,5.392000e-01,4.928000e-01,5.381000e-01
2.600000e+01,7.419000e+01,9.545000e+01,1.301000e+02,2.676000e+01,3.351000e+01,2.637000e+01,2.357000e+01,2.244000e+01,1.937000e+01,4.150000e-01,3.793000e-01,4.141000e-01
2.700000e+01,6.422000e+01,8.263000e+01,1.126000e+02,2.516000e+01,3.151000e+01,2.479000e+01,2.216000e+01,2.110000e+01,1.822000e+01,5.263000e-01,4.810000e-01,5.252000e-01
2.800000e+01,6.463000e+01,8.315000e+01,1.133000e+02,3.108000e+01,3.892000e+01,3.063000e+01,2.738000e+01,2.606000e+01,2.250000e+01,3.855000e-01,3.523000e-01,3.847000e-01
2.900000e+01,7.181000e+01,9.239000e+01,1.259000e+02,3.416000e+01,4.278000e+01,3.366000e+01,3.009000e+01,2.865000e+01,2.473000e+01,2.193000e-01,2.004000e-01,2.188000e-01
3.000000e+01,6.326000e+01,8.139000e+01,1.109000e+02,2.615000e+01,3.275000e+01,2.577000e+01,2.304000e+01,2.193000e+01,1.893000e+01,8.072000e-01,7.377000e-01,8.055000e-01
3.100000e+01,6.467000e+01,8.320000e+01,1.134000e+02,2.592000e+01,3.246000e+01,2.554000e+01,2.283000e+01,2.174000e+01,1.877000e+01,6.283000e-01,5.742000e-01,6.270000e-01
3.200000e+01,7.293000e+01,9.383000e+01,1.279000e+02,3.158000e+01,3.955000e+01,3.112000e+01,2.782000e+01,2.648000e+01,2.286000e+01,6.386000e-01,5.836000e-01,6.373000e-01
3.300000e+01,6.319000e+01,8.130000e+01,1.108000e+02,3.170000e+01,3.970000e+01,3.124000e+01,2.792000e+01,2.658000e+01,2.295000e+01,5.305000e-01,4.848000e-01,5.294000e-01
3.400000e+01,7.964000e+01,1.025000e+02,1.396000e+02,3.062000e+01,3.835000e+01,3.017000e+01,2.697000e+01,2.568000e+01,2.217000e+01,5.740000e-01,5.246000e-01,5.728000e-01
3.500000e+01,7.452000e+01,9.588000e+01,1.306000e+02,2.977000e+01,3.728000e+01,2.934000e+01,2.622000e+01,2.497000e+01,2.155000e+01,5.230000e-01,4.780000e-01,5.219000e-01
3.600000e+01,7.530000e+01,9.688000e+01,1.320000e+02,3.152000e+01,3.948000e+01,3.106000e+01,2.777000e+01,2.643000e+01,2.282000e+01,8.150000e-01,7.448000e-01,8.133000e-01
3.700000e+01,7.267000e+01,9.350000e+01,1.274000e+02,2.519000e+01,3.155000e+01,2.482000e+01,2.219000e+01,2.112000e+01,1.824000e+01,3.629000e-01,3.317000e-01,3.621000e-01
3.800000e+01,6.239000e+01,8.027000e+01,1.094000e+02,2.948000e+01,3.692000e+01,2.905000e+01,2.597000e+01,2.472000e+01,2.134000e+01,3.140000e-01,2.870000e-01,3.133000e-01
3.900000e+01,6.490000e+01,8.350000e+01,1.138000e+02,3.077000e+01,3.854000e+01,3.032000e+01,2.711000e+01,2.580000e+01,2.228000e+01,1.872000e-01,1.711000e-01,1.868000e-01
4.000000e+01,7.497000e+01,9.646000e+01,1.314000e+02,2.897000e+01,3.628000e+01,2.855000e+01,2.552000e+01,2.429000e+01,2.097000e+01,7.919000e-01,7.237000e-01,7.902000e-01
4.100000e+01,7.056000e+01,9.078000e+01,1.237000e+02,3.277000e+01,4.104000e+01,3.229000e+01,2.887000e+01,2.748000e+01,2.373000e+01,6.358000e-01,5.811000e-01,6.345000e-01
4.200000e+01,6.608000e+01,8.502000e+01,1.158000e+02,3.248000e+01,4.068000e+01,3.201000e+01,2.861000e+01,2.724000e+01,2.352000e+01,5.686000e-01,5.196000e-01,5.674000e-01
4.300000e+01,6.981000e+01,8.982000e+01,1.224000e+02,2.762000e+01,3.459000e+01,2.722000e+01,2.433000e+01,2.316000e+01,2.000000e+01,4.917000e-01,4.494000e-01,4.907000e-01
4.400000e+01,6.793000e+01,8.740000e+01,1.191000e+02,3.137000e+01,3.929000e+01,3.091000e+01,2.763000e+01,2.631000e+01,2.271000e+01,7.863000e-01,7.186000e-01,7.846000e-01
4.500000e+01,7.979000e+01,1.027000e+02,1.399000e+02,3.145000e+01,3.939000e+01,3.099000e+01,2.770000e+01,2.637000e+01,2.277000e+01,5.982000e-01,5.467000e-01,5.969000e-01
4.600000e+01,7.444000e+01,9.577000e+01,1.305000e+02,2.987000e+01,3.741000e+01,2.943000e+01,2.631000e+01,2.505000e+01,2.163000e+01,4.801000e-01,4.388000e-01,4.791000e-01
4.700000e+01,7.791000e+01,1.002000e+02,1.366000e+02,2.811000e+01,3.520000e+01,2.770000e+01,2.476000e+01,2.357000e+01,2.035000e+01,6.617000e-01,6.047000e-01,6.603000e-01
4.800000e+01,6.521000e+01,8.390000e+01,1.143000e+02,2.763000e+01,3.460000e+01,2.723000e+01,2.434000e+01,2.317000e+01,2.000000e+01,4.413000e-01,4.033000e-01,4.404000e-01
4.900000e+01,7.620000e+01,9.804000e+01,1.336000e+02,2.537000e+01,3.177000e+01,2.500000e+01,2.235000e+01,2.128000e+01,1.837000e+01,3.766000e-01,3.442000e-01,3.758000e-01
5.000000e+01,7.514000e+01,9.668000e+01,1.317000e+02,3.041000e+01,3.809000e+01,2.997000e+01,2.679000e+01,2.550000e+01,2.202000e+01,5.546000e-01,5.068000e-01,5.534000e-01
5.100000e+01,7.513000e+01,9.666000e+01,1.317000e+02,2.722000e+01,3.409000e+01,2.682000e+01,2.398000e+01,2.283000e+01,1.971000e+01,6.997000e-01,6.395000e-01,6.982000e-01
5.200000e+01,7.309000e+01,9.404000e+01,1.281000e+02,3.220000e+01,4.033000e+01,3.173000e+01,2.836000e+01,2.700000e+01,2.331000e+01,1.809000e-01,1.653000e-01,1.805000e-01
5.300000e+01,7.207000e+01,9.273000e+01,1.263000e+02,2.732000e+01,3.422000e+01,2.692000e+01,2.407000e+01,2.291000e+01,1.978000e+01,5.912000e-01,5.403000e-01,5.900000e-01
5.400000e+01,6.903000e+01,8.881000e+01,1.210000e+02,2.504000e+01,3.136000e+01,2.467000e+01,2.206000e+01,2.100000e+01,1.813000e+01,4.890000e-01,4.469000e-01,4.880000e-01
5.500000e+01,6.168000e+01,7.936000e+01,1.081000e+02,2.828000e+01,3.542000e+01,2.787000e+01,2.491000e+01,2.372000e+01,2.047000e+01,7.914000e-01,7.233000e-01,7.897000e-01
5.600000e+01,7.127000e+01,9.170000e+01,1.249000e+02,2.791000e+01,3.495000e+01,2.750000e+01,2.459000e+01,2.341000e+01,2.021000e+01,5.997000e-01,5.481000e-01,5.984000e-01
5.700000e+01,7.181000e+01,9.239000e+01,1.259000e+02,2.738000e+01,3.429000e+01,2.698000e+01,2.412000e+01,2.296000e+01,1.982000e+01,7.333000e-01,6.702000e-01,7.318000e-01
5.800000e+01,7.481000e+01,9.625000e+01,1.311000e+02,3.375000e+01,4.227000e+01,3.326000e+01,2.973000e+01,2.830000e+01,2.443000e+01,1.530000e-01,1.398000e-01,1.527000e-01
5.900000e+01,6.059000e+01,7.796000e+01,1.062000e+02,2.936000e+01,3.677000e+01,2.893000e+01,2.586000e+01,2.462000e+01,2.126000e+01,3.743000e-01,3.421000e-01,3.735000e-01
6.000000e+01,6.540000e+01,8.414000e+01,1.147000e+02,3.427000e+01,4.292000e+01,3.377000e+01,3.019000e+01,2.874000e+01,2.481000e+01,6.725000e-01,6.146000e-01,6.711000e-01
6.100000e+01,7.785000e+01,1.002000e+02,1.365000e+02,3.490000e+01,4.371000e+01,3.439000e+01,3.074000e+01,2.927000e+01,2.527000e+01,1.816000e-01,1.660000e-01,1.812000e-01
6.200000e+01,7.530000e+01,9.688000e+01,1.320000e+02,2.879000e+01,3.606000e+01,2.837000e+01,2.536000e+01,2.414000e+01,2.084000e+01,2.297000e-01,2.099000e-01,2.292000e-01
6.300000e+01,7.057000e+01,9.080000e+01,1.237000e+02,2.547000e+01,3.190000e+01,2.510000e+01,2.244000e+01,2.136000e+01,1.844000e+01,5.444000e-01,4.975000e-01,5.433000e-01
6.400000e+01,6.966000e+01,8.962000e+01,1.221000e+02,3.070000e+01,3.845000e+01,3.025000e+01,2.704000e+01,2.575000e+01,2.223000e+01,6.627000e-01,6.056000e-01,6.613000e-01
6.500000e+01,7.511000e+01,9.664000e+01,1.317000e+02,3.066000e+01,3.840000e+01,3.021000e+01,2.701000e+01,2.571000e+01,2.220000e+01,6.223000e-01,5.687000e-01,6.210000e-01
6.600000e+01,7.043000e+01,9.062000e+01,1.235000e+02,3.201000e+01,4.009000e+01,3.154000e+01,2.820000e+01,2.684000e+01,2.318000e+01,6.181000e-01,5.649000e-01,6.168000e-01
6.700000e+01,6.928000e+01,8.914000e+01,1.215000e+02,2.637000e+01,3.303000e+01,2.598000e+01,2.323000e+01,2.211000e+01,1.909000e+01,7.443000e-01,6.802000e-01,7.427000e-01
6.800000e+01,7.331000e+01,9.432000e+01,1.285000e+02,3.347000e+01,4.192000e+01,3.298000e+01,2.948000e+01,2.807000e+01,2.423000e+01,6.398000e-01,5.847000e-01,6.385000e-01
6.900000e+01,7.953000e+01,1.023000e+02,1.394000e+02,2.677000e+01,3.353000e+01,2.638000e+01,2.358000e+01,2.245000e+01,1.938000e+01,6.204000e-01,5.670000e-01,6.191000e-01
7.000000e+01,7.793000e+01,1.003000e+02,1.366000e+02,2.534000e+01,3.174000e+01,2.497000e+01,2.232000e+01,2.125000e+01,1.835000e+01,2.378000e-01,2.173000e-01,2.373000e-01
7.100000e+01,7.496000e+01,9.644000e+01,1.314000e+02,2.926000e+01,3.665000e+01,2.883000e+01,2.578000e+01,2.454000e+01,2.118000e+01,6.605000e-01,6.036000e-01,6.591000e-01
7.200000e+01,6.870000e+01,8.839000e+01,1.204000e+02,3.448000e+01,4.318000e+01,3.398000e+01,3.037000e+01,2.891000e+01,2.496000e+01,1.675000e-01,1.531000e-01,1.671000e-01
7.300000e+01,6.535000e+01,8.408000e+01,1.146000e+02,3.009000e+01,3.768000e+01,2.965000e+01,2.651000e+01,2.523000e+01,2.179000e+01,6.438000e-01,5.884000e-01,6.424000e-01
7.400000e+01,7.017000e+01,9.028000e+01,1.230000e+02,2.949000e+01,3.693000e+01,2.906000e+01,2.598000e+01,2.473000e+01,2.135000e+01,3.344000e-01,3.056000e-01,3.337000e-01
7.500000e+01,7.795000e+01,1.003000e+02,1.367000e+02,3.411000e+01,4.272000e+01,3.361000e+01,3.005000e+01,2.860000e+01,2.470000e+01,2.462000e-01,2.250000e-01,2.457000e-01
7.600000e+01,6.709000e+01,8.632000e+01,1.176000e+02,2.733000e+01,3.423000e+01,2.693000e+01,2.407000e+01,2.292000e+01,1.979000e+01,2.043000e-01,1.867000e-01,2.039000e-01
7.700000e+01,7.614000e+01,9.796000e+01,1.335000e+02,3.166000e+01,3.965000e+01,3.120000e+01,2.789000e+01,2.655000e+01,2.292000e+01,5.017000e-01,4.585000e-01,5.006000e-01
7.800000e+01,6.138000e+01,7.897000e+01,1.076000e+02,2.578000e+01,3.229000e+01,2.540000e+01,2.271000e+01,2.162000e+01,1.866000e+01,6.893000e-01,6.300000e-01,6.879000e-01
7.900000e+01,7.372000e+01,9.485000e+01,1.292000e+02,2.992000e+01,3.747000e+01,2.948000e+01,2.636000e+01,2.509000e+01,2.166000e+01,5.142000e-01,4.699000e-01,5.131000e-01
8.000000e+01,7.939000e+01,1.021000e+02,1.392000e+02,3.068000e+01,3.842000e+01,3.023000e+01,2.703000e+01,2.573000e+01,2.221000e+01,6.157000e-01,5.627000e-01,6.144000e-01
8.100000e+01,7.317000e+01,9.414000e+01,1.283000e+02,3.423000e+01,4.287000e+01,3.373000e+01,3.015000e+01,2.871000e+01,2.478000e+01,4.828000e-01,4.412000e-01,4.818000e-01
8.200000e+01,7.851000e+01,1.010000e+02,1.376000e+02,3.371000e+01,4.222000e+01,3.322000e+01,2.970000e+01,2.827000e+01,2.441000e+01,4.121000e-01,3.766000e-01,4.112000e-01
8.300000e+01,7.872000e+01,1.013000e+02,1.380000e+02,2.876000e+01,3.602000e+01,2.834000e+01,2.533000e+01,2.412000e+01,2.082000e+01,3.130000e-01,2.861000e-01,3.123000e-01
8.400000e+01,6.005000e+01,7.726000e+01,1.053000e+02,2.991000e+01,3.746000e+01,2.947000e+01,2.635000e+01,2.508000e+01,2.165000e+01,5.507000e-01,5.033000e-01,5.495000e-01
8.500000e+01,7.462000e+01,9.601000e+01,1.308000e+02,2.836000e+01,3.552000e+01,2.795000e+01,2.498000e+01,2.378000e+01,2.053000e+01,3.458000e-01,3.160000e-01,3.451000e-01
8.600000e+01,7.656000e+01,9.850000e+01,1.342000e+02,2.724000e+01,3.412000e+01,2.684000e+01,2.400000e+01,2.284000e+01,1.972000e+01,3.481000e-01,3.181000e-01,3.474000e-01
8.700000e+01,7.485000e+01,9.630000e+01,1.312000e+02,3.022000e+01,3.785000e+01,2.978000e+01,2.662000e+01,2.534000e+01,2.188000e+01,2.148000e-01,1.963000e-01,2.143000e-01
8.800000e+01,6.164000e+01,7.931000e+01,1.081000e+02,3.002000e+01,3.760000e+01,2.958000e+01,2.644000e+01,2.517000e+01,2.173000e+01,8.262000e-01,7.551000e-01,8.245000e-01
8.900000e+01,7.675000e+01,9.875000e+01,1.346000e+02,2.998000e+01,3.755000e+01,2.954000e+01,2.641000e+01,2.514000e+01,2.171000e+01,2.040000e-01,1.864000e-01,2.036000e-01
9.000000e+01,6.948000e+01,8.939000e+01,1.218000e+02,2.637000e+01,3.303000e+01,2.598000e+01,2.323000e+01,2.211000e+01,1.909000e+01,8.120000e-01,7.421000e-01,8.103000e-01
9.100000e+01,7.064000e+01,9.089000e+01,1.238000e+02,2.724000e+01,3.412000e+01,2.684000e+01,2.400000e+01,2.284000e+01,1.972000e+01,5.837000e-01,5.334000e-01,5.825000e-01
9.200000e+01,6.774000e+01,8.715000e+01,1.188000e+02,3.125000e+01,3.914000e+01,3.079000e+01,2.753000e+01,2.621000e+01,2.262000e+01,7.061000e-01,6.453000e-01,7.046000e-01
9.300000e+01,6.057000e+01,7.793000e+01,1.062000e+02,3.377000e+01,4.229000e+01,3.328000e+01,2.975000e+01,2.832000e+01,2.445000e+01,4.092000e-01,3.740000e-01,4.083000e-01
9.400000e+01,6.322000e+01,8.134000e+01,1.108000e+02,2.637000e+01,3.303000e+01,2.598000e+01,2.323000e+01,2.211000e+01,1.909000e+01,6.147000e-01,5.618000e-01,6.134000e-01
9.500000e+01,6.734000e+01,8.664000e+01,1.181000e+02,2.922000e+01,3.660000e+01,2.879000e+01,2.574000e+01,2.450000e+01,2.116000e+01,2.948000e-01,2.694000e-01,2.942000e-01
9.600000e+01,7.879000e+01,1.014000e+02,1.381000e+02,2.834000e+01,3.549000e+01,2.793000e+01,2.496000e+01,2.377000e+01,2.052000e+01,4.772000e-01,4.361000e-01,4.762000e-01
9.700000e+01,7.260000e+01,9.341000e+01,1.273000e+02,3.359000e+01,4.207000e+01,3.310000e+01,2.959000e+01,2.817000e+01,2.432000e+01,1.680000e-01,1.535000e-01,1.676000e-01
9.800000e+01,6.379000e+01,8.207000e+01,1.118000e+02,2.714000e+01,3.399000e+01,2.674000e+01,2.391000e+01,2.276000e+01,1.965000e+01,5.994000e-01,5.478000e-01,5.981000e-01
9.900000e+01,6.258000e+01,8.052000e+01,1.097000e+02,3.448000e+01,4.318000e+01,3.398000e+01,3.037000e+01,2.891000e+01,2.496000e+01,3.767000e-01,3.443000e-01,3.759000e-01
1.000000e+02,7.887000e+01,1.015000e+02,1.383000e+02,2.566000e+01,3.214000e+01,2.529000e+01,2.260000e+01,2.152000e+01,1.858000e+01,5.445000e-01,4.976000e-01,5.434000e-01
1.010000e+02,6.403000e+01,8.238000e+01,1.123000e+02,3.431000e+01,4.297000e+01,3.381000e+01,3.022000e+01,2.877000e+01,2.484000e+01,1.659000e-01,1.516000e-01,1.656000e-01
1.020000e+02,6.308000e+01,8.116000e+01,1.106000e+02,2.859000e+01,3.581000e+01,2.817000e+01,2.518000e+01,2.398000e+01,2.070000e+01,1.624000e-01,1.484000e-01,1.621000e-01
1.030000e+02,6.369000e+01,8.194000e+01,1.117000e+02,2.575000e+01,3.225000e+01,2.537000e+01,2.268000e+01,2.159000e+01,1.864000e+01,1.679000e-01,1.534000e-01,1.675000e-01
1.040000e+02,6.402000e+01,8.237000e+01,1.122000e+02,3.165000e+01,3.964000e+01,3.119000e+01,2.788000e+01,2.654000e+01,2.291000e+01,1.777000e-01,1.624000e-01,1.773000e-01
1.050000e+02,6.397000e+01,8.230000e+01,1.121000e+02,2.510000e+01,3.144000e+01,2.473000e+01,2.211000e+01,2.105000e+01,1.817000e+01,2.201000e-01,2.011000e-01,2.196000e-01
1.060000e+02,6.366000e+01,8.190000e+01,1.116000e+02,3.459000e+01,4.332000e+01,3.408000e+01,3.047000e+01,2.901000e+01,2.504000e+01,1.542000e-01,1.409000e-01,1.539000e-01
1.070000e+02,6.391000e+01,8.223000e+01,1.120000e+02,3.315000e+01,4.152000e+01,3.267000e+01,2.920000e+01,2.780000e+01,2.400000e+01,1.574000e-01,1.438000e-01,1.571000e-01
1.080000e+02,6.402000e+01,8.237000e+01,1.122000e+02,3.320000e+01,4.158000e+01,3.272000e+01,2.925000e+01,2.784000e+01,2.404000e+01,1.691000e-01,1.545000e-01,1.687000e-01
1.090000e+02,6.391000e+01,8.223000e+01,1.120000e+02,2.728000e+01,3.417000e+01,2.688000e+01,2.403000e+01,2.288000e+01,1.975000e+01,1.682000e-01,1.537000e-01,1.678000e-01
1.100000e+02,6.355000e+01,8.176000e+01,1.114000e+02,2.633000e+01,3.298000e+01,2.595000e+01,2.319000e+01,2.208000e+01,1.906000e+01,1.550000e-01,1.417000e-01,1.547000e-01
1.110000e+02,6.404000e+01,8.239000e+01,1.123000e+02,3.422000e+01,4.286000e+01,3.372000e+01,3.014000e+01,2.870000e+01,2.478000e+01,1.645000e-01,1.503000e-01,1.642000e-01
1.120000e+02,6.403000e+01,8.238000e+01,1.123000e+02,3.188000e+01,3.993000e+01,3.141000e+01,2.808000e+01,2.673000e+01,2.308000e+01,1.557000e-01,1.423000e-01,1.554000e-01
1.130000e+02,6.389000e+01,8.220000e+01,1.120000e+02,3.084000e+01,3.862000e+01,3.039000e+01,2.717000e+01,2.586000e+01,2.233000e+01,1.860000e-01,1.700000e-01,1.856000e-01
1.140000e+02,6.291000e+01,8.094000e+01,1.103000e+02,2.697000e+01,3.378000e+01,2.658000e+01,2.376000e+01,2.262000e+01,1.953000e+01,1.559000e-01,1.425000e-01,1.556000e-01
1.150000e+02,6.393000e+01,8.225000e+01,1.121000e+02,2.940000e+01,3.682000e+01,2.897000e+01,2.590000e+01,2.465000e+01,2.129000e+01,1.653000e-01,1.511000e-01,1.650000e-01
1.160000e+02,6.401000e+01,8.236000e+01,1.122000e+02,2.869000e+01,3.593000e+01,2.827000e+01,2.527000e+01,2.406000e+01,2.077000e+01,1.751000e-01,1.600000e-01,1.747000e-01
1.170000e+02,6.399000e+01,8.233000e+01,1.122000e+02,2.557000e+01,3.202000e+01,2.520000e+01,2.252000e+01,2.144000e+01,1.851000e+01,1.632000e-01,1.491000e-01,1.629000e-01
1.180000e+02,6.391000e+01,8.223000e+01,1.120000e+02,2.956000e+01,3.702000e+01,2.913000e+01,2.604000e+01,2.479000e+01,2.140000e+01,1.575000e-01,1.439000e-01,1.572000e-01
1.190000e+02,6.341000e+01,8.158000e+01,1.112000e+02,2.843000e+01,3.561000e+01,2.801000e+01,2.504000e+01,2.384000e+01,2.058000e+01,1.656000e-01,1.513000e-01,1.653000e-01
1.200000e+02,6.390000e+01,8.221000e+01,1.120000e+02,3.443000e+01,4.312000e+01,3.393000e+01,3.033000e+01,2.887000e+01,2.493000e+01,1.651000e-01,1.509000e-01,1.648000e-01
1.210000e+02,6.416000e+01,8.255000e+01,1.125000e+02,3.386000e+01,4.241000e+01,3.337000e+01,2.983000e+01,2.839000e+01,2.451000e+01,1.550000e-01,1.417000e-01,1.547000e-01
1.220000e+02,6.490000e+01,8.350000e+01,1.138000e+02,2.844000e+01,3.562000e+01,2.802000e+01,2.505000e+01,2.385000e+01,2.059000e+01,1.692000e-01,1.546000e-01,1.688000e-01
1.230000e+02,6.380000e+01,8.209000e+01,1.118000e+02,2.781000e+01,3.483000e+01,2.740000e+01,2.450000e+01,2.332000e+01,2.013000e+01,1.568000e-01,1.433000e-01,1.565000e-01
1.240000e+02,6.445000e+01,8.292000e+01,1.130000e+02,2.803000e+01,3.510000e+01,2.762000e+01,2.469000e+01,2.351000e+01,2.029000e+01,1.706000e-01,1.559000e-01,1.702000e-01
1.250000e+02,6.416000e+01,8.255000e+01,1.125000e+02,2.987000e+01,3.741000e+01,2.943000e+01,2.631000e+01,2.505000e+01,2.163000e+01,1.547000e-01,1.414000e-01,1.544000e-01
1.260000e+02,6.489000e+01,8.349000e+01,1.138000e+02,3.074000e+01,3.850000e+01,3.029000e+01,2.708000e+01,2.578000e+01,2.226000e+01,1.785000e-01,1.631000e-01,1.781000e-01
1.270000e+02,6.398000e+01,8.232000e+01,1.122000e+02,3.108000e+01,3.892000e+01,3.063000e+01,2.738000e+01,2.606000e+01,2.250000e+01,1.703000e-01,1.556000e-01,1.699000e-01
1.280000e+02,6.352000e+01,8.172000e+01,1.114000e+02,3.187000e+01,3.991000e+01,3.140000e+01,2.807000e+01,2.673000e+01,2.307000e+01,1.944000e-01,1.777000e-01,1.940000e-01
1.290000e+02,6.479000e+01,8.336000e+01,1.136000e+02,3.021000e+01,3.784000e+01,2.977000e+01,2.661000e+01,2.533000e+01,2.187000e+01,1.652000e-01,1.510000e-01,1.649000e-01
1.300000e+02,6.400000e+01,8.234000e+01,1.122000e+02,3.251000e+01,4.072000e+01,3.204000e+01,2.864000e+01,2.726000e+01,2.354000e+01,1.595000e-01,1.458000e-01,1.592000e-01
1.310000e+02,6.442000e+01,8.288000e+01,1.129000e+02,2.701000e+01,3.383000e+01,2.662000e+01,2.379000e+01,2.265000e+01,1.956000e+01,2.199000e-01,2.010000e-01,2.194000e-01
1.320000e+02,6.390000e+01,8.221000e+01,1.120000e+02,2.532000e+01,3.171000e+01,2.495000e+01,2.230000e+01,2.123000e+01,1.833000e+01,1.762000e-01,1.610000e-01,1.758000e-01
1.330000e+02,6.394000e+01,8.227000e+01,1.121000e+02,3.319000e+01,4.157000e+01,3.271000e+01,2.924000e+01,2.783000e+01,2.403000e+01,1.754000e-01,1.603000e-01,1.750000e-01
1.340000e+02,6.425000e+01,8.266000e+01,1.126000e+02,3.324000e+01,4.163000e+01,3.275000e+01,2.928000e+01,2.788000e+01,2.407000e+01,1.679000e-01,1.534000e-01,1.675000e-01
1.350000e+02,6.318000e+01,8.129000e+01,1.108000e+02,3.417000e+01,4.279000e+01,3.367000e+01,3.010000e+01,2.865000e+01,2.474000e+01,1.799000e-01,1.644000e-01,1.795000e-01
1.360000e+02,6.324000e+01,8.136000e+01,1.109000e+02,2.841000e+01,3.558000e+01,2.800000e+01,2.503000e+01,2.382000e+01,2.057000e+01,1.705000e-01,1.558000e-01,1.701000e-01
1.370000e+02,6.425000e+01,8.266000e+01,1.126000e+02,3.137000e+01,3.929000e+01,3.091000e+01,2.763000e+01,2.631000e+01,2.271000e+01,1.817000e-01,1.661000e-01,1.813000e-01
1.380000e+02,6.318000e+01,8.129000e+01,1.108000e+02,3.121000e+01,3.909000e+01,3.075000e+01,2.749000e+01,2.617000e+01,2.260000e+01,1.563000e-01,1.428000e-01,1.560000e-01
1.390000e+02,6.495000e+01,8.356000e+01,1.139000e+02,2.554000e+01,3.199000e+01,2.517000e+01,2.250000e+01,2.142000e+01,1.849000e+01,1.771000e-01,1.619000e-01,1.767000e-01
1.400000e+02,6.432000e+01,8.275000e+01,1.128000e+02,2.561000e+01,3.207000e+01,2.524000e+01,2.256000e+01,2.148000e+01,1.854000e+01,1.668000e-01,1.524000e-01,1.664000e-01
1.410000e+02,6.361000e+01,8.184000e+01,1.115000e+02,3.417000e+01,4.279000e+01,3.367000e+01,3.010000e+01,2.865000e+01,2.474000e+01,1.582000e-01,1.446000e-01,1.579000e-01
1.420000e+02,6.383000e+01,8.212000e+01,1.119000e+02,2.814000e+01,3.524000e+01,2.773000e+01,2.479000e+01,2.360000e+01,2.037000e+01,1.980000e-01,1.810000e-01,1.976000e-01
1.430000e+02,6.379000e+01,8.207000e+01,1.118000e+02,3.072000e+01,3.847000e+01,3.027000e+01,2.706000e+01,2.576000e+01,2.224000e+01,1.686000e-01,1.541000e-01,1.682000e-01
1.440000e+02,6.352000e+01,8.172000e+01,1.114000e+02,2.623000e+01,3.285000e+01,2.585000e+01,2.311000e+01,2.200000e+01,1.899000e+01,1.660000e-01,1.517000e-01,1.657000e-01
1.450000e+02,6.300000e+01,8.106000e+01,1.104000e+02,3.420000e+01,4.283000e+01,3.370000e+01,3.013000e+01,2.868000e+01,2.476000e+01,1.885000e-01,1.723000e-01,1.881000e-01
1.460000e+02,6.348000e+01,8.167000e+01,1.113000e+02,3.021000e+01,3.784000e+01,2.977000e+01,2.661000e+01,2.533000e+01,2.187000e+01,1.945000e-01,1.778000e-01,1.941000e-01
1.470000e+02,6.385000e+01,8.215000e+01,1.119000e+02,3.045000e+01,3.814000e+01,3.001000e+01,2.682000e+01,2.554000e+01,2.205000e+01,1.646000e-01,1.504000e-01,1.643000e-01
1.480000e+02,6.467000e+01,8.320000e+01,1.134000e+02,2.723000e+01,3.410000e+01,2.683000e+01,2.399000e+01,2.284000e+01,1.971000e+01,1.640000e-01,1.499000e-01,1.637000e-01
1.490000e+02,6.314000e+01,8.124000e+01,1.107000e+02,3.083000e+01,3.861000e+01,3.038000e+01,2.716000e+01,2.585000e+01,2.232000e+01,1.717000e-01,1.569000e-01,1.713000e-01
1.500000e+02,6.430000e+01,8.273000e+01,1.127000e+02,2.698000e+01,3.379000e+01,2.659000e+01,2.377000e+01,2.263000e+01,1.953000e+01,1.666000e-01,1.523000e-01,1.663000e-01
1.510000e+02,6.386000e+01,8.216000e+01,1.120000e+02,3.477000e+01,4.355000e+01,3.426000e+01,3.063000e+01,2.916000e+01,2.517000e+01,1.716000e-01,1.568000e-01,1.712000e-01
1.520000e+02,6.489000e+01,8.349000e+01,1.138000e+02,3.121000e+01,3.909000e+01,3.075000e+01,2.749000e+01,2.617000e+01,2.260000e+01,1.546000e-01,1.413000e-01,1.543000e-01
1.530000e+02,6.402000e+01,8.237000e+01,1.122000e+02,2.754000e+01,3.449000e+01,2.714000e+01,2.426000e+01,2.310000e+01,1.994000e+01,2.056000e-01,1.879000e-01,2.052000e-01
1.540000e+02,6.330000e+01,8.144000e+01,1.110000e+02,3.450000e+01,4.321000e+01,3.400000e+01,3.039000e+01,2.893000e+01,2.498000e+01,1.614000e-01,1.475000e-01,1.611000e-01
1.550000e+02,6.407000e+01,8.243000e+01,1.123000e+02,3.494000e+01,4.376000e+01,3.443000e+01,3.078000e+01,2.930000e+01,2.530000e+01,1.766000e-01,1.614000e-01,1.762000e-01
1.560000e+02,6.422000e+01,8.263000e+01,1.126000e+02,3.155000e+01,3.951000e+01,3.109000e+01,2.779000e+01,2.646000e+01,2.284000e+01,1.819000e-01,1.662000e-01,1.815000e-01
1.570000e+02,6.409000e+01,8.246000e+01,1.124000e+02,3.438000e+01,4.306000e+01,3.388000e+01,3.029000e+01,2.883000e+01,2.489000e+01,1.708000e-01,1.561000e-01,1.704000e-01
1.580000e+02,6.329000e+01,8.143000e+01,1.110000e+02,2.781000e+01,3.483000e+01,2.740000e+01,2.450000e+01,2.332000e+01,2.013000e+01,1.623000e-01,1.483000e-01,1.620000e-01
1.590000e+02,6.342000e+01,8.160000e+01,1.112000e+02,3.411000e+01,4.272000e+01,3.361000e+01,3.005000e+01,2.860000e+01,2.470000e+01,1.570000e-01,1.435000e-01,1.567000e-01
1.600000e+02,6.421000e+01,8.261000e+01,1.126000e+02,2.687000e+01,3.365000e+01,2.648000e+01,2.367000e+01,2.253000e+01,1.945000e+01,1.658000e-01,1.515000e-01,1.655000e-01
1.610000e+02,6.386000e+01,8.216000e+01,1.120000e+02,2.976000e+01,3.727000e+01,2.933000e+01,2.622000e+01,2.496000e+01,2.155000e+01,1.666000e-01,1.523000e-01,1.663000e-01
1.620000e+02,6.447000e+01,8.295000e+01,1.130000e+02,3.376000e+01,4.228000e+01,3.327000e+01,2.974000e+01,2.831000e+01,2.444000e+01,2.242000e-01,2.049000e-01,2.237000e-01
1.630000e+02,6.402000e+01,8.237000e+01,1.122000e+02,2.773000e+01,3.473000e+01,2.733000e+01,2.443000e+01,2.325000e+01,2.008000e+01,1.874000e-01,1.713000e-01,1.870000e-01
1.640000e+02,6.356000e+01,8.178000e+01,1.114000e+02,3.190000e+01,3.995000e+01,3.143000e+01,2.810000e+01,2.675000e+01,2.310000e+01,1.517000e-01,1.386000e-01,1.514000e-01
1.650000e+02,6.404000e+01,8.239000e+01,1.123000e+02,2.783000e+01,3.485000e+01,2.742000e+01,2.452000e+01,2.334000e+01,2.015000e+01,1.548000e-01,1.415000e-01,1.545000e-01
1.660000e+02,6.406000e+01,8.242000e+01,1.123000e+02,2.909000e+01,3.643000e+01,2.867000e+01,2.563000e+01,2.439000e+01,2.106000e+01,1.550000e-01,1.417000e-01,1.547000e-01
1.670000e+02,6.431000e+01,8.274000e+01,1.127000e+02,2.706000e+01,3.389000e+01,2.666000e+01,2.384000e+01,2.269000e+01,1.959000e+01,1.915000e-01,1.750000e-01,1.911000e-01
1.680000e+02,6.392000e+01,8.224000e+01,1.121000e+02,2.560000e+01,3.206000e+01,2.523000e+01,2.255000e+01,2.147000e+01,1.853000e+01,1.664000e-01,1.521000e-01,1.661000e-01
1.690000e+02,6.332000e+01,8.147000e+01,1.110000e+02,3.143000e+01,3.936000e+01,3.097000e+01,2.769000e+01,2.636000e+01,2.276000e+01,1.583000e-01,1.447000e-01,1.580000e-01
1.700000e+02,6.369000e+01,8.194000e+01,1.117000e+02,2.796000e+01,3.502000e+01,2.755000e+01,2.463000e+01,2.345000e+01,2.024000e+01,1.637000e-01,1.496000e-01,1.634000e-01
1.710000e+02,6.343000e+01,8.161000e+01,1.112000e+02,2.815000e+01,3.526000e+01,2.774000e+01,2.480000e+01,2.361000e+01,2.038000e+01,1.535000e-01,1.403000e-01,1.532000e-01
1.720000e+02,6.460000e+01,8.311000e+01,1.133000e+02,2.803000e+01,3.510000e+01,2.762000e+01,2.469000e+01,2.351000e+01,2.029000e+01,1.644000e-01,1.502000e-01,1.641000e-01
1.730000e+02,6.417000e+01,8.256000e+01,1.125000e+02,3.092000e+01,3.872000e+01,3.047000e+01,2.724000e+01,2.593000e+01,2.239000e+01,1.887000e-01,1.725000e-01,1.883000e-01
1.740000e+02,6.434000e+01,8.278000e+01,1.128000e+02,2.899000e+01,3.631000e+01,2.857000e+01,2.554000e+01,2.431000e+01,2.099000e+01,1.973000e-01,1.803000e-01,1.969000e-01
1.750000e+02,6.340000e+01,8.157000e+01,1.111000e+02,2.748000e+01,3.442000e+01,2.708000e+01,2.421000e+01,2.304000e+01,1.990000e+01,1.521000e-01,1.390000e-01,1.518000e-01
1.760000e+02,6.391000e+01,8.223000e+01,1.120000e+02,2.939000e+01,3.681000e+01,2.896000e+01,2.589000e+01,2.465000e+01,2.128000e+01,1.638000e-01,1.497000e-01,1.635000e-01
1.770000e+02,6.431000e+01,8.274000e+01,1.127000e+02,3.031000e+01,3.796000e+01,2.987000e+01,2.670000e+01,2.542000e+01,2.194000e+01,1.613000e-01,1.474000e-01,1.610000e-01
1.780000e+02,6.426000e+01,8.268000e+01,1.127000e+02,3.384000e+01,4.238000e+01,3.335000e+01,2.981000e+01,2.838000e+01,2.450000e+01,1.753000e-01,1.602000e-01,1.749000e-01
1.790000e+02,6.375000e+01,8.202000e+01,1.118000e+02,3.369000e+01,4.219000e+01,3.320000e+01,2.968000e+01,2.825000e+01,2.439000e+01,1.834000e-01,1.676000e-01,1.830000e-01
1.800000e+02,6.497000e+01,8.359000e+01,1.139000e+02,2.938000e+01,3.680000e+01,2.895000e+01,2.588000e+01,2.464000e+01,2.127000e+01,1.634000e-01,1.493000e-01,1.631000e-01
1.810000e+02,6.384000e+01,8.214000e+01,1.119000e+02,3.377000e+01,4.229000e+01,3.328000e+01,2.975000e+01,2.832000e+01,2.445000e+01,1.662000e-01,1.519000e-01,1.659000e-01
1.820000e+02,6.372000e+01,8.198000e+01,1.117000e+02,3.080000e+01,3.857000e+01,3.035000e+01,2.713000e+01,2.583000e+01,2.230000e+01,1.685000e-01,1.540000e-01,1.681000e-01
1.830000e+02,6.453000e+01,8.302000e+01,1.131000e+02,3.055000e+01,3.826000e+01,3.010000e+01,2.691000e+01,2.562000e+01,2.212000e+01,1.579000e-01,1.443000e-01,1.576000e-01
1.840000e+02,6.384000e+01,8.214000e+01,1.119000e+02,2.930000e+01,3.670000e+01,2.887000e+01,2.581000e+01,2.457000e+01,2.121000e+01,1.776000e-01,1.623000e-01,1.772000e-01
1.850000e+02,6.344000e+01,8.162000e+01,1.112000e+02,3.101000e+01,3.884000e+01,3.056000e+01,2.732000e+01,2.600000e+01,2.245000e+01,1.588000e-01,1.451000e-01,1.585000e-01
1.860000e+02,6.335000e+01,8.151000e+01,1.111000e+02,3.023000e+01,3.786000e+01,2.979000e+01,2.663000e+01,2.535000e+01,2.189000e+01,1.534000e-01,1.402000e-01,1.531000e-01
1.870000e+02,6.457000e+01,8.308000e+01,1.132000e+02,3.208000e+01,4.018000e+01,3.161000e+01,2.826000e+01,2.690000e+01,2.323000e+01,1.642000e-01,1.501000e-01,1.639000e-01
1.880000e+02,6.348000e+01,8.167000e+01,1.113000e+02,2.772000e+01,3.472000e+01,2.732000e+01,2.442000e+01,2.325000e+01,2.007000e+01,1.577000e-01,1.441000e-01,1.574000e-01
1.890000e+02,6.350000e+01,8.170000e+01,1.113000e+02,2.605000e+01,3.263000e+01,2.567000e+01,2.295000e+01,2.185000e+01,1.886000e+01,1.546000e-01,1.413000e-01,1.543000e-01
1.900000e+02,6.433000e+01,8.277000e+01,1.128000e+02,2.754000e+01,3.449000e+01,2.714000e+01,2.426000e+01,2.310000e+01,1.994000e+01,1.538000e-01,1.406000e-01,1.535000e-01
1.910000e+02,6.501000e+01,8.364000e+01,1.140000e+02,3.459000e+01,4.332000e+01,3.408000e+01,3.047000e+01,2.901000e+01,2.504000e+01,1.539000e-01,1.406000e-01,1.536000e-01
1.920000e+02,6.364000e+01,8.188000e+01,1.116000e+02,3.175000e+01,3.976000e+01,3.129000e+01,2.797000e+01,2.663000e+01,2.299000e+01,1.575000e-01,1.439000e-01,1.572000e-01
1.930000e+02,6.428000e+01,8.270000e+01,1.127000e+02,2.795000e+01,3.500000e+01,2.754000e+01,2.462000e+01,2.344000e+01,2.024000e+01,1.696000e-01,1.550000e-01,1.692000e-01
1.940000e+02,6.350000e+01,8.170000e+01,1.113000e+02,2.818000e+01,3.529000e+01,2.777000e+01,2.482000e+01,2.363000e+01,2.040000e+01,1.616000e-01,1.477000e-01,1.613000e-01
1.950000e+02,6.296000e+01,8.100000e+01,1.104000e+02,2.932000e+01,3.672000e+01,2.889000e+01,2.583000e+01,2.459000e+01,2.123000e+01,1.624000e-01,1.484000e-01,1.621000e-01
1.960000e+02,6.401000e+01,8.236000e+01,1.122000e+02,2.920000e+01,3.657000e+01,2.877000e+01,2.572000e+01,2.449000e+01,2.114000e+01,1.962000e-01,1.793000e-01,1.958000e-01
1.970000e+02,6.476000e+01,8.332000e+01,1.135000e+02,3.443000e+01,4.312000e+01,3.393000e+01,3.033000e+01,2.887000e+01,2.493000e+01,1.627000e-01,1.487000e-01,1.624000e-01
1.980000e+02,6.420000e+01,8.260000e+01,1.125000e+02,3.219000e+01,4.031000e+01,3.172000e+01,2.836000e+01,2.699000e+01,2.331000e+01,1.568000e-01,1.433000e-01,1.565000e-01
1.990000e+02,6.431000e+01,8.274000e+01,1.127000e+02,3.422000e+01,4.286000e+01,3.372000e+01,3.014000e+01,2.870000e+01,2.478000e+01,1.613000e-01,1.474000e-01,1.610000e-01
2.000000e+02,6.368000e+01,8.193000e+01,1.116000e+02,3.046000e+01,3.815000e+01,3.002000e+01,2.683000e+01,2.554000e+01,2.205000e+01,1.721000e-01,1.573000e-01,1.717000e-01
2.010000e+02,6.377000e+01,8.205000e+01,1.118000e+02,3.320000e+01,4.158000e+01,3.272000e+01,2.925000e+01,2.784000e+01,2.404000e+01,2.130000e-01,1.947000e-01,2.126000e-01
2.020000e+02,6.368000e+01,8.193000e+01,1.116000e+02,3.452000e+01,4.323000e+01,3.402000e+01,3.041000e+01,2.895000e+01,2.499000e+01,1.569000e-01,1.434000e-01,1.566000e-01
2.030000e+02,6.397000e+01,8.230000e+01,1.121000e+02,3.141000e+01,3.934000e+01,3.095000e+01,2.767000e+01,2.634000e+01,2.274000e+01,2.075000e-01,1.896000e-01,2.071000e-01
2.040000e+02,6.336000e+01,8.152000e+01,1.111000e+02,2.638000e+01,3.304000e+01,2.599000e+01,2.324000e+01,2.212000e+01,1.910000e+01,2.321000e-01,2.121000e-01,2.316000e-01
2.050000e+02,6.455000e+01,8.305000e+01,1.132000e+02,3.081000e+01,3.859000e+01,3.036000e+01,2.714000e+01,2.584000e+01,2.231000e+01,2.087000e-01,1.907000e-01,2.083000e-01
2.060000e+02,6.422000e+01,8.263000e+01,1.126000e+02,3.290000e+01,4.120000e+01,3.242000e+01,2.898000e+01,2.759000e+01,2.382000e+01,1.665000e-01,1.522000e-01,1.662000e-01
2.070000e+02,6.445000e+01,8.292000e+01,1.130000e+02,2.618000e+01,3.279000e+01,2.580000e+01,2.306000e+01,2.195000e+01,1.895000e+01,1.734000e-01,1.585000e-01,1.730000e-01
2.080000e+02,6.462000e+01,8.314000e+01,1.133000e+02,3.407000e+01,4.267000e+01,3.357000e+01,3.001000e+01,2.857000e+01,2.467000e+01,1.552000e-01,1.418000e-01,1.549000e-01
2.090000e+02,6.504000e+01,8.368000e+01,1.140000e+02,2.747000e+01,3.440000e+01,2.707000e+01,2.420000e+01,2.304000e+01,1.989000e+01,1.631000e-01,1.491000e-01,1.628000e-01
2.100000e+02,6.341000e+01,8.158000e+01,1.112000e+02,2.811000e+01,3.520000e+01,2.770000e+01,2.476000e+01,2.357000e+01,2.035000e+01,1.939000e-01,1.772000e-01,1.935000e-01
2.110000e+02,6.427000e+01,8.269000e+01,1.127000e+02,3.152000e+01,3.948000e+01,3.106000e+01,2.777000e+01,2.643000e+01,2.282000e+01,1.562000e-01,1.428000e-01,1.559000e-01
2.120000e+02,6.362000e+01,8.185000e+01,1.115000e+02,3.181000e+01,3.984000e+01,3.135000e+01,2.802000e+01,2.668000e+01,2.303000e+01,1.545000e-01,1.412000e-01,1.542000e-01
2.130000e+02,6.279000e+01,8.079000e+01,1.101000e+02,3.034000e+01,3.800000e+01,2.990000e+01,2.673000e+01,2.544000e+01,2.197000e+01,1.572000e-01,1.437000e-01,1.569000e-01
2.140000e+02,6.480000e+01,8.337000e+01,1.136000e+02,3.201000e+01,4.009000e+01,3.154000e+01,2.820000e+01,2.684000e+01,2.318000e+01,1.705000e-01,1.558000e-01,1.701000e-01
2.150000e+02,6.398000e+01,8.232000e+01,1.122000e+02,2.905000e+01,3.638000e+01,2.863000e+01,2.559000e+01,2.436000e+01,2.103000e+01,2.037000e-01,1.862000e-01,2.033000e-01
2.160000e+02,6.385000e+01,8.215000e+01,1.119000e+02,2.756000e+01,3.452000e+01,2.716000e+01,2.428000e+01,2.311000e+01,1.995000e+01,1.560000e-01,1.426000e-01,1.557000e-01
2.170000e+02,6.383000e+01,8.212000e+01,1.119000e+02,2.679000e+01,3.355000e+01,2.640000e+01,2.360000e+01,2.247000e+01,1.940000e+01,1.829000e-01,1.672000e-01,1.825000e-01
2.180000e+02,6.366000e+01,8.190000e+01,1.116000e+02,3.349000e+01,4.194000e+01,3.300000e+01,2.950000e+01,2.808000e+01,2.425000e+01,1.548000e-01,1.415000e-01,1.545000e-01
2.190000e+02,6.411000e+01,8.248000e+01,1.124000e+02,3.165000e+01,3.964000e+01,3.119000e+01,2.788000e+01,2.654000e+01,2.291000e+01,1.603000e-01,1.465000e-01,1.600000e-01
2.200000e+02,6.259000e+01,8.053000e+01,1.097000e+02,2.543000e+01,3.185000e+01,2.506000e+01,2.240000e+01,2.133000e+01,1.841000e+01,1.618000e-01,1.479000e-01,1.615000e-01
2.210000e+02,6.477000e+01,8.333000e+01,1.135000e+02,2.784000e+01,3.487000e+01,2.743000e+01,2.452000e+01,2.335000e+01,2.016000e+01,2.109000e-01,1.927000e-01,2.105000e-01
2.220000e+02,6.387000e+01,8.218000e+01,1.120000e+02,3.471000e+01,4.347000e+01,3.420000e+01,3.058000e+01,2.911000e+01,2.513000e+01,1.570000e-01,1.435000e-01,1.567000e-01
2.230000e+02,6.407000e+01,8.243000e+01,1.123000e+02,3.210000e+01,4.020000e+01,3.163000e+01,2.828000e+01,2.692000e+01,2.324000e+01,1.643000e-01,1.502000e-01,1.640000e-01
2.240000e+02,6.410000e+01,8.247000e+01,1.124000e+02,3.449000e+01,4.320000e+01,3.399000e+01,3.038000e+01,2.892000e+01,2.497000e+01,1.668000e-01,1.524000e-01,1.664000e-01
2.250000e+02,6.401000e+01,8.236000e+01,1.122000e+02,2.663000e+01,3.335000e+01,2.624000e+01,2.346000e+01,2.233000e+01,1.928000e+01,1.546000e-01,1.413000e-01,1.543000e-01
2.260000e+02,6.367000e+01,8.192000e+01,1.116000e+02,2.967000e+01,3.716000e+01,2.924000e+01,2.614000e+01,2.488000e+01,2.148000e+01,2.347000e-01,2.145000e-01,2.342000e-01
2.270000e+02,6.380000e+01,8.209000e+01,1.118000e+02,3.262000e+01,4.085000e+01,3.214000e+01,2.873000e+01,2.736000e+01,2.362000e+01,1.709000e-01,1.562000e-01,1.705000e-01
2.280000e+02,6.317000e+01,8.127000e+01,1.107000e+02,3.183000e+01,3.986000e+01,3.137000e+01,2.804000e+01,2.669000e+01,2.304000e+01,1.667000e-01,1.523000e-01,1.663000e-01
2.290000e+02,6.327000e+01,8.140000e+01,1.109000e+02,3.031000e+01,3.796000e+01,2.987000e+01,2.670000e+01,2.542000e+01,2.194000e+01,1.761000e-01,1.609000e-01,1.757000e-01
2.300000e+02,6.365000e+01,8.189000e+01,1.116000e+02,2.715000e+01,3.400000e+01,2.675000e+01,2.392000e+01,2.277000e+01,1.966000e+01,1.549000e-01,1.416000e-01,1.546000e-01
2.310000e+02,6.375000e+01,8.202000e+01,1.118000e+02,2.753000e+01,3.448000e+01,2.713000e+01,2.425000e+01,2.309000e+01,1.993000e+01,2.171000e-01,1.984000e-01,2.166000e-01
2.320000e+02,6.397000e+01,8.230000e+01,1.121000e+02,2.673000e+01,3.348000e+01,2.634000e+01,2.355000e+01,2.242000e+01,1.935000e+01,1.638000e-01,1.497000e-01,1.635000e-01
2.330000e+02,6.349000e+01,8.169000e+01,1.113000e+02,2.676000e+01,3.351000e+01,2.637000e+01,2.357000e+01,2.244000e+01,1.937000e+01,1.570000e-01,1.435000e-01,1.567000e-01
2.340000e+02,6.383000e+01,8.212000e+01,1.119000e+02,2.754000e+01,3.449000e+01,2.714000e+01,2.426000e+01,2.310000e+01,1.994000e+01,1.743000e-01,1.593000e-01,1.739000e-01
2.350000e+02,6.422000e+01,8.263000e+01,1.126000e+02,3.217000e+01,4.029000e+01,3.170000e+01,2.834000e+01,2.698000e+01,2.329000e+01,1.545000e-01,1.412000e-01,1.542000e-01
2.360000e+02,6.290000e+01,8.093000e+01,1.103000e+02,2.812000e+01,3.522000e+01,2.771000e+01,2.477000e+01,2.358000e+01,2.036000e+01,1.783000e-01,1.629000e-01,1.779000e-01
2.370000e+02,6.515000e+01,8.382000e+01,1.142000e+02,2.963000e+01,3.711000e+01,2.920000e+01,2.610000e+01,2.485000e+01,2.145000e+01,1.543000e-01,1.410000e-01,1.540000e-01
2.380000e+02,6.315000e+01,8.125000e+01,1.107000e+02,3.276000e+01,4.103000e+01,3.228000e+01,2.886000e+01,2.747000e+01,2.372000e+01,1.624000e-01,1.484000e-01,1.621000e-01
2.390000e+02,6.322000e+01,8.134000e+01,1.108000e+02,2.798000e+01,3.504000e+01,2.757000e+01,2.465000e+01,2.346000e+01,2.026000e+01,1.756000e-01,1.605000e-01,1.752000e-01
2.400000e+02,6.382000e+01,8.211000e+01,1.119000e+02,2.586000e+01,3.239000e+01,2.548000e+01,2.278000e+01,2.169000e+01,1.872000e+01,1.713000e-01,1.566000e-01,1.709000e-01
2.410000e+02,6.476000e+01,8.332000e+01,1.135000e+02,3.450000e+01,4.321000e+01,3.400000e+01,3.039000e+01,2.893000e+01,2.498000e+01,1.565000e-01,1.430000e-01,1.562000e-01
2.420000e+02,6.380000e+01,8.209000e+01,1.118000e+02,3.426000e+01,4.291000e+01,3.376000e+01,3.018000e+01,2.873000e+01,2.480000e+01,3.142000e-01,2.871000e-01,3.135000e-01
2.430000e+02,6.410000e+01,8.247000e+01,1.124000e+02,2.827000e+01,3.541000e+01,2.786000e+01,2.490000e+01,2.371000e+01,2.047000e+01,1.559000e-01,1.425000e-01,1.556000e-01
2.440000e+02,6.510000e+01,8.376000e+01,1.141000e+02,3.325000e+01,4.164000e+01,3.276000e+01,2.929000e+01,2.788000e+01,2.407000e+01,1.516000e-01,1.385000e-01,1.513000e-01
2.450000e+02,6.498000e+01,8.360000e+01,1.139000e+02,2.545000e+01,3.187000e+01,2.508000e+01,2.242000e+01,2.134000e+01,1.843000e+01,1.777000e-01,1.624000e-01,1.773000e-01
2.460000e+02,6.415000e+01,8.254000e+01,1.125000e+02,2.602000e+01,3.259000e+01,2.564000e+01,2.292000e+01,2.182000e+01,1.884000e+01,1.617000e-01,1.478000e-01,1.614000e-01
2.470000e+02,6.388000e+01,8.219000e+01,1.120000e+02,3.394000e+01,4.251000e+01,3.344000e+01,2.990000e+01,2.846000e+01,2.457000e+01,1.676000e-01,1.532000e-01,1.672000e-01
2.480000e+02,6.447000e+01,8.295000e+01,1.130000e+02,3.105000e+01,3.889000e+01,3.060000e+01,2.735000e+01,2.604000e+01,2.248000e+01,1.700000e-01,1.554000e-01,1.696000e-01
2.490000e+02,6.385000e+01,8.215000e+01,1.119000e+02,2.908000e+01,3.642000e+01,2.866000e+01,2.562000e+01,2.439000e+01,2.105000e+01,1.712000e-01,1.565000e-01,1.708000e-01
2.500000e+02,6.424000e+01,8.265000e+01,1.126000e+02,2.789000e+01,3.493000e+01,2.748000e+01,2.457000e+01,2.339000e+01,2.019000e+01,1.715000e-01,1.567000e-01,1.711000e-01
2.510000e+02,6.486000e+01,8.345000e+01,1.137000e+02,3.235000e+01,4.052000e+01,3.188000e+01,2.850000e+01,2.713000e+01,2.342000e+01,1.591000e-01,1.454000e-01,1.588000e-01
2.520000e+02,6.324000e+01,8.136000e+01,1.109000e+02,3.258000e+01,4.080000e+01,3.210000e+01,2.870000e+01,2.732000e+01,2.359000e+01,1.918000e-01,1.753000e-01,1.914000e-01
2.530000e+02,6.475000e+01,8.331000e+01,1.135000e+02,3.274000e+01,4.100000e+01,3.226000e+01,2.884000e+01,2.746000e+01,2.370000e+01,1.664000e-01,1.521000e-01,1.661000e-01
2.540000e+02,6.305000e+01,8.112000e+01,1.105000e+02,3.357000e+01,4.204000e+01,3.308000e+01,2.957000e+01,2.815000e+01,2.430000e+01,1.569000e-01,1.434000e-01,1.566000e-01
2.550000e+02,6.365000e+01,8.189000e+01,1.116000e+02,2.907000e+01,3.641000e+01,2.865000e+01,2.561000e+01,2.438000e+01,2.105000e+01,1.992000e-01,1.820000e-01,1.988000e-01
2.560000e+02,6.353000e+01,8.174000e+01,1.114000e+02,3.378000e+01,4.231000e+01,3.329000e+01,2.976000e+01,2.833000e+01,2.446000e+01,1.727000e-01,1.578000e-01,1.723000e-01
