# step_count,bc_1,bc_2,bc_3,ac_1,ac_2,ac_3,ac_4,ac_5,ac_6,ic_1,ic_2,ic_3
1.000000e+00,6.775000e+01,8.717000e+01,1.188000e+02,3.393000e+01,4.249000e+01,3.343000e+01,2.989000e+01,2.845000e+01,2.457000e+01,3.267000e-01,2.986000e-01,3.260000e-01
2.000000e+00,7.596000e+01,9.773000e+01,1.332000e+02,2.672000e+01,3.346000e+01,2.633000e+01,2.354000e+01,2.241000e+01,1.935000e+01,3.563000e-01,3.256000e-01,3.556000e-01
3.000000e+00,7.919000e+01,1.019000e+02,1.388000e+02,2.948000e+01,3.692000e+01,2.905000e+01,2.597000e+01,2.472000e+01,2.134000e+01,6.233000e-01,5.696000e-01,6.220000e-01
4.000000e+00,7.316000e+01,9.413000e+01,1.283000e+02,3.311000e+01,4.147000e+01,3.263000e+01,2.917000e+01,2.777000e+01,2.397000e+01,5.135000e-01,4.693000e-01,5.124000e-01
5.000000e+00,7.821000e+01,1.006000e+02,1.371000e+02,2.834000e+01,3.549000e+01,2.793000e+01,2.496000e+01,2.377000e+01,2.052000e+01,7.789000e-01,7.118000e-01,7.773000e-01
6.000000e+00,7.908000e+01,1.017000e+02,1.386000e+02,2.939000e+01,3.681000e+01,2.896000e+01,2.589000e+01,2.465000e+01,2.128000e+01,7.262000e-01,6.637000e-01,7.247000e-01
7.000000e+00,7.047000e+01,9.067000e+01,1.235000e+02,3.042000e+01,3.810000e+01,2.998000e+01,2.680000e+01,2.551000e+01,2.202000e+01,4.489000e-01,4.102000e-01,4.480000e-01
8.000000e+00,7.139000e+01,9.185000e+01,1.252000e+02,2.744000e+01,3.437000e+01,2.704000e+01,2.417000e+01,2.301000e+01,1.987000e+01,8.301000e-01,7.586000e-01,8.284000e-01
9.000000e+00,6.296000e+01,8.100000e+01,1.104000e+02,3.008000e+01,3.767000e+01,2.964000e+01,2.650000e+01,2.523000e+01,2.178000e+01,3.194000e-01,2.919000e-01,3.187000e-01
1.000000e+01,7.106000e+01,9.143000e+01,1.246000e+02,2.842000e+01,3.559000e+01,2.801000e+01,2.504000e+01,2.383000e+01,2.058000e+01,6.971000e-01,6.371000e-01,6.956000e-01
1.100000e+01,7.197000e+01,9.260000e+01,1.262000e+02,3.424000e+01,4.288000e+01,3.374000e+01,3.016000e+01,2.871000e+01,2.479000e+01,5.886000e-01,5.379000e-01,5.874000e-01
1.200000e+01,6.851000e+01,8.814000e+01,1.201000e+02,2.585000e+01,3.237000e+01,2.547000e+01,2.277000e+01,2.168000e+01,1.872000e+01,4.848000e-01,4.431000e-01,4.838000e-01
1.300000e+01,6.125000e+01,7.880000e+01,1.074000e+02,3.187000e+01,3.991000e+01,3.140000e+01,2.807000e+01,2.673000e+01,2.307000e+01,6.179000e-01,5.647000e-01,6.166000e-01
1.400000e+01,7.556000e+01,9.722000e+01,1.325000e+02,3.142000e+01,3.935000e+01,3.096000e+01,2.768000e+01,2.635000e+01,2.275000e+01,3.071000e-01,2.807000e-01,3.065000e-01
1.500000e+01,7.658000e+01,9.853000e+01,1.343000e+02,2.647000e+01,3.315000e+01,2.608000e+01,2.332000e+01,2.220000e+01,1.916000e+01,8.414000e-01,7.690000e-01,8.396000e-01
1.600000e+01,7.488000e+01,9.634000e+01,1.313000e+02,2.651000e+01,3.320000e+01,2.612000e+01,2.335000e+01,2.223000e+01,1.919000e+01,3.952000e-01,3.612000e-01,3.944000e-01
1.700000e+01,7.124000e+01,9.166000e+01,1.249000e+02,3.049000e+01,3.819000e+01,3.004000e+01,2.686000e+01,2.557000e+01,2.207000e+01,2.128000e-01,1.945000e-01,2.124000e-01
1.800000e+01,7.170000e+01,9.225000e+01,1.257000e+02,3.008000e+01,3.767000e+01,2.964000e+01,2.650000e+01,2.523000e+01,2.178000e+01,7.578000e-01,6.926000e-01,7.562000e-01
1.900000e+01,6.967000e+01,8.964000e+01,1.221000e+02,2.881000e+01,3.608000e+01,2.839000e+01,2.538000e+01,2.416000e+01,2.086000e+01,5.523000e-01,5.047000e-01,5.511000e-01
2.000000e+01,6.055000e+01,7.790000e+01,1.062000e+02,2.799000e+01,3.505000e+01,2.758000e+01,2.466000e+01,2.347000e+01,2.026000e+01,2.490000e-01,2.276000e-01,2.485000e-01
2.100000e+01,6.262000e+01,8.057000e+01,1.098000e+02,2.902000e+01,3.634000e+01,2.860000e+01,2.556000e+01,2.434000e+01,2.101000e+01,7.371000e-01,6.736000e-01,7.356000e-01
2.200000e+01,7.018000e+01,9.029000e+01,1.230000e+02,2.599000e+01,3.255000e+01,2.561000e+01,2.289000e+01,2.180000e+01,1.882000e+01,4.357000e-01,3.982000e-01,4.348000e-01
2.300000e+01,6.757000e+01,8.694000e+01,1.185000e+02,2.644000e+01,3.311000e+01,2.605000e+01,2.329000e+01,2.217000e+01,1.914000e+01,5.238000e-01,4.787000e-01,5.227000e-01
2.400000e+01,6.362000e+01,8.185000e+01,1.115000e+02,2.575000e+01,3.225000e+01,2.537000e+01,2.268000e+01,2.159000e+01,1.864000e+01,2.173000e-01,1.986000e-01,2.168000e-01
2.500000e+01,6.851000e+01,8.814000e+01,1.201000e+02,2.543000e+01,3.185000e+01,2.506000e+01,2.240000e+01,2.133000e+01,1.841000e+01,8.467000e-01,7.738000e-01,8.449000e-01
2.600000e+01,6.188000e+01,7.961000e+01,1.085000e+02,2.573000e+01,3.222000e+01,2.535000e+01,2.267000e+01,2.158000e+01,1.863000e+01,8.484000e-01,7.754000e-01,8.466000e-01
2.700000e+01,7.147000e+01,9.195000e+01,1.253000e+02,3.247000e+01,4.067000e+01,3.200000e+01,2.860000e+01,2.723000e+01,2.351000e+01,5.168000e-01,4.723000e-01,5.157000e-01
2.800000e+01,7.056000e+01,9.078000e+01,1.237000e+02,3.265000e+01,4.089000e+01,3.217000e+01,2.876000e+01,2.738000e+01,2.364000e+01,8.308000e-01,7.593000e-01,8.291000e-01
2.900000e+01,6.007000e+01,7.729000e+01,1.053000e+02,2.932000e+01,3.672000e+01,2.889000e+01,2.583000e+01,2.459000e+01,2.123000e+01,4.559000e-01,4.166000e-01,4.549000e-01
3.000000e+01,7.421000e+01,9.548000e+01,1.301000e+02,3.308000e+01,4.143000e+01,3.260000e+01,2.914000e+01,2.774000e+01,2.395000e+01,2.881000e-01,2.633000e-01,2.875000e-01
3.100000e+01,6.381000e+01,8.210000e+01,1.119000e+02,3.494000e+01,4.376000e+01,3.443000e+01,3.078000e+01,2.930000e+01,2.530000e+01,3.499000e-01,3.198000e-01,3.492000e-01
3.200000e+01,6.990000e+01,8.993000e+01,1.225000e+02,3.027000e+01,3.791000e+01,2.983000e+01,2.666000e+01,2.538000e+01,2.192000e+01,6.053000e-01,5.532000e-01,6.040000e-01
3.300000e+01,7.032000e+01,9.047000e+01,1.233000e+02,3.288000e+01,4.118000e+01,3.240000e+01,2.896000e+01,2.757000e+01,2.381000e+01,2.411000e-01,2.203000e-01,2.406000e-01
3.400000e+01,6.216000e+01,7.998000e+01,1.090000e+02,3.128000e+01,3.918000e+01,3.082000e+01,2.755000e+01,2.623000e+01,2.265000e+01,6.466000e-01,5.909000e-01,6.452000e-01
3.500000e+01,6.645000e+01,8.549000e+01,1.165000e+02,3.292000e+01,4.123000e+01,3.244000e+01,2.900000e+01,2.761000e+01,2.383000e+01,2.025000e-01,1.851000e-01,2.021000e-01
3.600000e+01,7.377000e+01,9.491000e+01,1.293000e+02,2.746000e+01,3.439000e+01,2.706000e+01,2.419000e+01,2.303000e+01,1.988000e+01,2.941000e-01,2.688000e-01,2.935000e-01
3.700000e+01,7.345000e+01,9.450000e+01,1.288000e+02,2.540000e+01,3.181000e+01,2.503000e+01,2.237000e+01,2.130000e+01,1.839000e+01,2.726000e-01,2.491000e-01,2.720000e-01
3.800000e+01,7.319000e+01,9.417000e+01,1.283000e+02,2.577000e+01,3.227000e+01,2.539000e+01,2.270000e+01,2.161000e+01,1.866000e+01,5.223000e-01,4.773000e-01,5.212000e-01
3.900000e+01,6.808000e+01,8.759000e+01,1.194000e+02,2.602000e+01,3.259000e+01,2.564000e+01,2.292000e+01,2.182000e+01,1.884000e+01,1.896000e-01,1.733000e-01,1.892000e-01
4.000000e+01,7.808000e+01,1.005000e+02,1.369000e+02,3.471000e+01,4.347000e+01,3.420000e+01,3.058000e+01,2.911000e+01,2.513000e+01,5.442000e-01,4.973000e-01,5.431000e-01
4.100000e+01,6.711000e+01,8.634000e+01,1.177000e+02,3.125000e+01,3.914000e+01,3.079000e+01,2.753000e+01,2.621000e+01,2.262000e+01,4.158000e-01,3.800000e-01,4.149000e-01
4.200000e+01,7.437000e+01,9.568000e+01,1.304000e+02,2.782000e+01,3.484000e+01,2.741000e+01,2.451000e+01,2.333000e+01,2.014000e+01,2.309000e-01,2.110000e-01,2.304000e-01
4.300000e+01,7.248000e+01,9.325000e+01,1.271000e+02,3.386000e+01,4.241000e+01,3.337000e+01,2.983000e+01,2.839000e+01,2.451000e+01,1.530000e-01,1.398000e-01,1.527000e-01
4.400000e+01,7.454000e+01,9.590000e+01,1.307000e+02,2.857000e+01,3.578000e+01,2.815000e+01,2.517000e+01,2.396000e+01,2.068000e+01,3.817000e-01,3.488000e-01,3.809000e-01
4.500000e+01,7.619000e+01,9.803000e+01,1.336000e+02,2.888000e+01,3.617000e+01,2.846000e+01,2.544000e+01,2.422000e+01,2.091000e+01,8.057000e-01,7.363000e-01,8.040000e-01
4.600000e+01,7.135000e+01,9.180000e+01,1.251000e+02,3.272000e+01,4.098000e+01,3.224000e+01,2.882000e+01,2.744000e+01,2.369000e+01,4.016000e-01,3.670000e-01,4.008000e-01
4.700000e+01,6.827000e+01,8.784000e+01,1.197000e+02,3.165000e+01,3.964000e+01,3.119000e+01,2.788000e+01,2.654000e+01,2.291000e+01,3.079000e-01,2.814000e-01,3.073000e-01
4.800000e+01,7.143000e+01,9.190000e+01,1.252000e+02,2.850000e+01,3.569000e+01,2.808000e+01,2.511000e+01,2.390000e+01,2.063000e+01,4.483000e-01,4.097000e-01,4.474000e-01
4.900000e+01,7.296000e+01,9.387000e+01,1.279000e+02,3.116000e+01,3.902000e+01,3.071000e+01,2.745000e+01,2.613000e+01,2.256000e+01,1.553000e-01,1.419000e-01,1.550000e-01
5.000000e+01,8.000000e+01,1.029000e+02,1.402000e+02,3.146000e+01,3.940000e+01,3.100000e+01,2.771000e+01,2.638000e+01,2.278000e+01,5.257000e-01,4.804000e-01,5.246000e-01
5.100000e+01,6.990000e+01,8.993000e+01,1.225000e+02,2.546000e+01,3.189000e+01,2.509000e+01,2.243000e+01,2.135000e+01,1.843000e+01,6.913000e-01,6.318000e-01,6.898000e-01
5.200000e+01,7.946000e+01,1.022000e+02,1.393000e+02,2.860000e+01,3.582000e+01,2.818000e+01,2.519000e+01,2.398000e+01,2.071000e+01,5.460000e-01,4.990000e-01,5.449000e-01
5.300000e+01,7.091000e+01,9.123000e+01,1.243000e+02,2.968000e+01,3.717000e+01,2.925000e+01,2.615000e+01,2.489000e+01,2.149000e+01,4.775000e-01,4.364000e-01,4.765000e-01
5.400000e+01,6.540000e+01,8.414000e+01,1.147000e+02,3.142000e+01,3.935000e+01,3.096000e+01,2.768000e+01,2.635000e+01,2.275000e+01,5.201000e-01,4.753000e-01,5.190000e-01
5.500000e+01,6.406000e+01,8.242000e+01,1.123000e+02,2.872000e+01,3.597000e+01,2.830000e+01,2.530000e+01,2.408000e+01,2.079000e+01,2.755000e-01,2.518000e-01,2.749000e-01
5.600000e+01,6.759000e+01,8.696000e+01,1.185000e+02,3.038000e+01,3.805000e+01,2.994000e+01,2.676000e+01,2.548000e+01,2.200000e+01,5.234000e-01,4.783000e-01,5.223000e-01
5.700000e+01,7.345000e+01,9.450000e+01,1.288000e+02,2.777000e+01,3.478000e+01,2.736000e+01,2.446000e+01,2.329000e+01,2.011000e+01,2.936000e-01,2.683000e-01,2.930000e-01
5.800000e+01,7.871000e+01,1.013000e+02,1.380000e+02,3.369000e+01,4.219000e+01,3.320000e+01,2.968000e+01,2.825000e+01,2.439000e+01,6.384000e-01,5.834000e-01,6.371000e-01
5.900000e+01,7.607000e+01,9.787000e+01,1.334000e+02,3.109000e+01,3.894000e+01,3.064000e+01,2.739000e+01,2.607000e+01,2.251000e+01,2.653000e-01,2.425000e-01,2.647000e-01
6.000000e+01,6.706000e+01,8.628000e+01,1.176000e+02,2.668000e+01,3.341000e+01,2.629000e+01,2.350000e+01,2.237000e+01,1.932000e+01,4.830000e-01,4.414000e-01,4.820000e-01
6.100000e+01,6.851000e+01,8.814000e+01,1.201000e+02,2.532000e+01,3.171000e+01,2.495000e+01,2.230000e+01,2.123000e+01,1.833000e+01,7.141000e-01,6.526000e-01,7.126000e-01
6.200000e+01,6.945000e+01,8.935000e+01,1.218000e+02,2.979000e+01,3.731000e+01,2.936000e+01,2.624000e+01,2.498000e+01,2.157000e+01,2.639000e-01,2.412000e-01,2.633000e-01
6.300000e+01,6.839000e+01,8.799000e+01,1.199000e+02,2.603000e+01,3.260000e+01,2.565000e+01,2.293000e+01,2.183000e+01,1.885000e+01,4.111000e-01,3.757000e-01,4.102000e-01
6.400000e+01,7.625000e+01,9.810000e+01,1.337000e+02,2.563000e+01,3.210000e+01,2.526000e+01,2.258000e+01,2.149000e+01,1.856000e+01,4.734000e-01,4.326000e-01,4.724000e-01
6.500000e+01,6.498000e+01,8.360000e+01,1.139000e+02,2.633000e+01,3.298000e+01,2.595000e+01,2.319000e+01,2.208000e+01,1.906000e+01,7.479000e-01,6.835000e-01,7.463000e-01
6.600000e+01,7.365000e+01,9.476000e+01,1.291000e+02,3.418000e+01,4.281000e+01,3.368000e+01,3.011000e+01,2.866000e+01,2.475000e+01,7.594000e-01,6.940000e-01,7.578000e-01
6.700000e+01,7.249000e+01,9.327000e+01,1.271000e+02,3.067000e+01,3.841000e+01,3.022000e+01,2.702000e+01,2.572000e+01,2.221000e+01,5.556000e-01,5.078000e-01,5.544000e-01
6.800000e+01,6.915000e+01,8.897000e+01,1.212000e+02,2.733000e+01,3.423000e+01,2.693000e+01,2.407000e+01,2.292000e+01,1.979000e+01,4.343000e-01,3.969000e-01,4.334000e-01
6.900000e+01,6.503000e+01,8.367000e+01,1.140000e+02,3.137000e+01,3.929000e+01,3.091000e+01,2.763000e+01,2.631000e+01,2.271000e+01,4.426000e-01,4.045000e-01,4.417000e-01
7.000000e+01,6.888000e+01,8.862000e+01,1.208000e+02,3.221000e+01,4.034000e+01,3.174000e+01,2.837000e+01,2.701000e+01,2.332000e+01,4.819000e-01,4.404000e-01,4.809000e-01
7.100000e+01,6.382000e+01,8.211000e+01,1.119000e+02,3.187000e+01,3.991000e+01,3.140000e+01,2.807000e+01,2.673000e+01,2.307000e+01,4.459000e-01,4.075000e-01,4.450000e-01
7.200000e+01,6.322000e+01,8.134000e+01,1.108000e+02,2.854000e+01,3.574000e+01,2.812000e+01,2.514000e+01,2.393000e+01,2.066000e+01,1.549000e-01,1.416000e-01,1.546000e-01
7.300000e+01,6.436000e+01,8.281000e+01,1.128000e+02,2.895000e+01,3.626000e+01,2.853000e+01,2.550000e+01,2.428000e+01,2.096000e+01,4.899000e-01,4.477000e-01,4.889000e-01
7.400000e+01,7.164000e+01,9.217000e+01,1.256000e+02,3.024000e+01,3.787000e+01,2.980000e+01,2.664000e+01,2.536000e+01,2.189000e+01,3.533000e-01,3.229000e-01,3.526000e-01
7.500000e+01,7.393000e+01,9.512000e+01,1.296000e+02,2.708000e+01,3.391000e+01,2.668000e+01,2.385000e+01,2.271000e+01,1.961000e+01,2.221000e-01,2.030000e-01,2.216000e-01
7.600000e+01,7.594000e+01,9.770000e+01,1.331000e+02,3.326000e+01,4.165000e+01,3.277000e+01,2.930000e+01,2.789000e+01,2.408000e+01,6.438000e-01,5.884000e-01,6.424000e-01
7.700000e+01,7.892000e+01,1.015000e+02,1.384000e+02,3.297000e+01,4.129000e+01,3.249000e+01,2.904000e+01,2.765000e+01,2.387000e+01,6.728000e-01,6.149000e-01,6.714000e-01
7.800000e+01,7.906000e+01,1.017000e+02,1.386000e+02,2.962000e+01,3.710000e+01,2.919000e+01,2.609000e+01,2.484000e+01,2.144000e+01,7.419000e-01,6.780000e-01,7.403000e-01
7.900000e+01,7.946000e+01,1.022000e+02,1.393000e+02,3.065000e+01,3.839000e+01,3.020000e+01,2.700000e+01,2.570000e+01,2.219000e+01,6.873000e-01,6.281000e-01,6.859000e-01
8.000000e+01,6.228000e+01,8.013000e+01,1.092000e+02,3.303000e+01,4.137000e+01,3.255000e+01,2.910000e+01,2.770000e+01,2.391000e+01,6.464000e-01,5.907000e-01,6.450000e-01
8.100000e+01,6.524000e+01,8.394000e+01,1.144000e+02,3.089000e+01,3.869000e+01,3.044000e+01,2.721000e+01,2.590000e+01,2.236000e+01,3.435000e-01,3.139000e-01,3.428000e-01
8.200000e+01,6.667000e+01,8.578000e+01,1.169000e+02,3.020000e+01,3.782000e+01,2.976000e+01,2.660000e+01,2.533000e+01,2.186000e+01,4.144000e-01,3.787000e-01,4.135000e-01
8.300000e+01,6.042000e+01,7.774000e+01,1.059000e+02,3.058000e+01,3.830000e+01,3.013000e+01,2.694000e+01,2.564000e+01,2.214000e+01,3.500000e-01,3.199000e-01,3.493000e-01
8.400000e+01,7.170000e+01,9.225000e+01,1.257000e+02,2.695000e+01,3.375000e+01,2.656000e+01,2.374000e+01,2.260000e+01,1.951000e+01,5.738000e-01,5.244000e-01,5.726000e-01
8.500000e+01,6.761000e+01,8.699000e+01,1.185000e+02,2.719000e+01,3.405000e+01,2.679000e+01,2.395000e+01,2.280000e+01,1.969000e+01,6.990000e-01,6.388000e-01,6.975000e-01
8.600000e+01,7.856000e+01,1.011000e+02,1.377000e+02,3.299000e+01,4.132000e+01,3.251000e+01,2.906000e+01,2.767000e+01,2.388000e+01,1.819000e-01,1.662000e-01,1.815000e-01
8.700000e+01,7.273000e+01,9.357000e+01,1.275000e+02,3.278000e+01,4.105000e+01,3.230000e+01,2.888000e+01,2.749000e+01,2.373000e+01,2.941000e-01,2.688000e-01,2.935000e-01
8.800000e+01,7.000000e+01,9.006000e+01,1.227000e+02,3.331000e+01,4.172000e+01,3.282000e+01,2.934000e+01,2.793000e+01,2.412000e+01,6.977000e-01,6.376000e-01,6.962000e-01
8.900000e+01,7.583000e+01,9.756000e+01,1.329000e+02,2.905000e+01,3.638000e+01,2.863000e+01,2.559000e+01,2.436000e+01,2.103000e+01,3.498000e-01,3.197000e-01,3.491000e-01
9.000000e+01,7.185000e+01,9.244000e+01,1.260000e+02,3.426000e+01,4.291000e+01,3.376000e+01,3.018000e+01,2.873000e+01,2.480000e+01,5.817000e-01,5.316000e-01,5.805000e-01
9.100000e+01,7.713000e+01,9.924000e+01,1.352000e+02,2.933000e+01,3.673000e+01,2.890000e+01,2.584000e+01,2.460000e+01,2.123000e+01,2.299000e-01,2.101000e-01,2.294000e-01
9.200000e+01,6.845000e+01,8.807000e+01,1.200000e+02,3.281000e+01,4.109000e+01,3.233000e+01,2.890000e+01,2.751000e+01,2.375000e+01,3.263000e-01,2.982000e-01,3.256000e-01
9.300000e+01,6.047000e+01,7.780000e+01,1.060000e+02,2.998000e+01,3.755000e+01,2.954000e+01,2.641000e+01,2.514000e+01,2.171000e+01,8.141000e-01,7.440000e-01,8.124000e-01
9.400000e+01,6.317000e+01,8.127000e+01,1.107000e+02,2.795000e+01,3.500000e+01,2.754000e+01,2.462000e+01,2.344000e+01,2.024000e+01,1.927000e-01,1.761000e-01,1.923000e-01
9.500000e+01,7.906000e+01,1.017000e+02,1.386000e+02,2.620000e+01,3.281000e+01,2.582000e+01,2.308000e+01,2.197000e+01,1.897000e+01,8.475000e-01,7.745000e-01,8.457000e-01
9.600000e+01,6.655000e+01,8.562000e+01,1.167000e+02,3.410000e+01,4.271000e+01,3.360000e+01,3.004000e+01,2.860000e+01,2.469000e+01,4.995000e-01,4.565000e-01,4.985000e-01
9.700000e+01,6.296000e+01,8.100000e+01,1.104000e+02,2.893000e+01,3.623000e+01,2.851000e+01,2.548000e+01,2.426000e+01,2.095000e+01,8.430000e-01,7.704000e-01,8.412000e-01
9.800000e+01,7.754000e+01,9.976000e+01,1.359000e+02,3.256000e+01,4.078000e+01,3.208000e+01,2.868000e+01,2.730000e+01,2.357000e+01,5.954000e-01,5.441000e-01,5.941000e-01
9.900000e+01,7.814000e+01,1.005000e+02,1.370000e+02,3.351000e+01,4.197000e+01,3.302000e+01,2.952000e+01,2.810000e+01,2.426000e+01,5.581000e-01,5.100000e-01,5.569000e-01
1.000000e+02,6.888000e+01,8.862000e+01,1.208000e+02,3.409000e+01,4.269000e+01,3.359000e+01,3.003000e+01,2.859000e+01,2.468000e+01,7.781000e-01,7.111000e-01,7.765000e-01
1.010000e+02,6.397000e+01,8.230000e+01,1.121000e+02,2.506000e+01,3.139000e+01,2.469000e+01,2.208000e+01,2.102000e+01,1.814000e+01,2.530000e-01,2.312000e-01,2.525000e-01
1.020000e+02,6.426000e+01,8.268000e+01,1.127000e+02,2.665000e+01,3.338000e+01,2.626000e+01,2.348000e+01,2.235000e+01,1.929000e+01,1.758000e-01,1.607000e-01,1.754000e-01
1.030000e+02,6.328000e+01,8.142000e+01,1.109000e+02,2.825000e+01,3.538000e+01,2.784000e+01,2.489000e+01,2.369000e+01,2.045000e+01,1.595000e-01,1.458000e-01,1.592000e-01
1.040000e+02,6.436000e+01,8.281000e+01,1.128000e+02,3.219000e+01,4.031000e+01,3.172000e+01,2.836000e+01,2.699000e+01,2.331000e+01,1.742000e-01,1.592000e-01,1.738000e-01
1.050000e+02,6.374000e+01,8.201000e+01,1.117000e+02,3.288000e+01,4.118000e+01,3.240000e+01,2.896000e+01,2.757000e+01,2.381000e+01,1.539000e-01,1.406000e-01,1.536000e-01
1.060000e+02,6.413000e+01,8.251000e+01,1.124000e+02,2.592000e+01,3.246000e+01,2.554000e+01,2.283000e+01,2.174000e+01,1.877000e+01,1.577000e-01,1.441000e-01,1.574000e-01
1.070000e+02,6.383000e+01,8.212000e+01,1.119000e+02,2.791000e+01,3.495000e+01,2.750000e+01,2.459000e+01,2.341000e+01,2.021000e+01,1.740000e-01,1.590000e-01,1.736000e-01
1.080000e+02,6.347000e+01,8.166000e+01,1.113000e+02,3.438000e+01,4.306000e+01,3.388000e+01,3.029000e+01,2.883000e+01,2.489000e+01,1.771000e-01,1.619000e-01,1.767000e-01
1.090000e+02,6.367000e+01,8.192000e+01,1.116000e+02,2.677000e+01,3.353000e+01,2.638000e+01,2.358000e+01,2.245000e+01,1.938000e+01,1.568000e-01,1.433000e-01,1.565000e-01
1.100000e+02,6.447000e+01,8.295000e+01,1.130000e+02,3.317000e+01,4.154000e+01,3.269000e+01,2.922000e+01,2.782000e+01,2.402000e+01,1.541000e-01,1.408000e-01,1.538000e-01
1.110000e+02,6.390000e+01,8.221000e+01,1.120000e+02,3.077000e+01,3.854000e+01,3.032000e+01,2.711000e+01,2.580000e+01,2.228000e+01,1.751000e-01,1.600000e-01,1.747000e-01
1.120000e+02,6.364000e+01,8.188000e+01,1.116000e+02,2.669000e+01,3.343000e+01,2.630000e+01,2.351000e+01,2.238000e+01,1.932000e+01,1.554000e-01,1.420000e-01,1.551000e-01
1.130000e+02,6.318000e+01,8.129000e+01,1.108000e+02,3.336000e+01,4.178000e+01,3.287000e+01,2.939000e+01,2.798000e+01,2.415000e+01,1.854000e-01,1.694000e-01,1.850000e-01
1.140000e+02,6.391000e+01,8.223000e+01,1.120000e+02,3.281000e+01,4.109000e+01,3.233000e+01,2.890000e+01,2.751000e+01,2.375000e+01,1.626000e-01,1.486000e-01,1.623000e-01
1.150000e+02,6.385000e+01,8.215000e+01,1.119000e+02,2.683000e+01,3.360000e+01,2.644000e+01,2.363000e+01,2.250000e+01,1.942000e+01,1.554000e-01,1.420000e-01,1.551000e-01
1.160000e+02,6.448000e+01,8.296000e+01,1.130000e+02,2.812000e+01,3.522000e+01,2.771000e+01,2.477000e+01,2.358000e+01,2.036000e+01,1.512000e-01,1.382000e-01,1.509000e-01
1.170000e+02,6.347000e+01,8.166000e+01,1.113000e+02,3.449000e+01,4.320000e+01,3.399000e+01,3.038000e+01,2.892000e+01,2.497000e+01,1.608000e-01,1.470000e-01,1.605000e-01
1.180000e+02,6.337000e+01,8.153000e+01,1.111000e+02,3.436000e+01,4.303000e+01,3.386000e+01,3.027000e+01,2.881000e+01,2.488000e+01,1.546000e-01,1.413000e-01,1.543000e-01
1.190000e+02,6.377000e+01,8.205000e+01,1.118000e+02,2.835000e+01,3.551000e+01,2.794000e+01,2.497000e+01,2.377000e+01,2.053000e+01,1.700000e-01,1.554000e-01,1.696000e-01
1.200000e+02,6.394000e+01,8.227000e+01,1.121000e+02,2.733000e+01,3.423000e+01,2.693000e+01,2.407000e+01,2.292000e+01,1.979000e+01,1.546000e-01,1.413000e-01,1.543000e-01
1.210000e+02,6.257000e+01,8.050000e+01,1.097000e+02,3.110000e+01,3.895000e+01,3.065000e+01,2.740000e+01,2.608000e+01,2.252000e+01,1.632000e-01,1.491000e-01,1.629000e-01
1.220000e+02,6.318000e+01,8.129000e+01,1.108000e+02,2.670000e+01,3.344000e+01,2.631000e+01,2.352000e+01,2.239000e+01,1.933000e+01,1.651000e-01,1.509000e-01,1.648000e-01
1.230000e+02,6.316000e+01,8.126000e+01,1.107000e+02,2.536000e+01,3.176000e+01,2.499000e+01,2.234000e+01,2.127000e+01,1.836000e+01,1.560000e-01,1.426000e-01,1.557000e-01
1.240000e+02,6.348000e+01,8.167000e+01,1.113000e+02,3.148000e+01,3.943000e+01,3.102000e+01,2.773000e+01,2.640000e+01,2.279000e+01,1.518000e-01,1.387000e-01,1.515000e-01
1.250000e+02,6.422000e+01,8.263000e+01,1.126000e+02,2.890000e+01,3.619000e+01,2.848000e+01,2.546000e+01,2.424000e+01,2.092000e+01,1.719000e-01,1.571000e-01,1.715000e-01
1.260000e+02,6.423000e+01,8.264000e+01,1.126000e+02,2.716000e+01,3.402000e+01,2.676000e+01,2.393000e+01,2.278000e+01,1.966000e+01,1.588000e-01,1.451000e-01,1.585000e-01
1.270000e+02,6.408000e+01,8.245000e+01,1.123000e+02,2.696000e+01,3.376000e+01,2.657000e+01,2.375000e+01,2.261000e+01,1.952000e+01,1.618000e-01,1.479000e-01,1.615000e-01
1.280000e+02,6.332000e+01,8.147000e+01,1.110000e+02,2.531000e+01,3.170000e+01,2.494000e+01,2.230000e+01,2.122000e+01,1.832000e+01,1.569000e-01,1.434000e-01,1.566000e-01
1.290000e+02,6.343000e+01,8.161000e+01,1.112000e+02,2.653000e+01,3.323000e+01,2.614000e+01,2.337000e+01,2.225000e+01,1.921000e+01,1.981000e-01,1.810000e-01,1.977000e-01
1.300000e+02,6.243000e+01,8.032000e+01,1.094000e+02,2.576000e+01,3.226000e+01,2.538000e+01,2.269000e+01,2.160000e+01,1.865000e+01,1.543000e-01,1.410000e-01,1.540000e-01
1.310000e+02,6.427000e+01,8.269000e+01,1.127000e+02,2.681000e+01,3.358000e+01,2.642000e+01,2.362000e+01,2.248000e+01,1.941000e+01,1.885000e-01,1.723000e-01,1.881000e-01
1.320000e+02,6.472000e+01,8.327000e+01,1.135000e+02,2.748000e+01,3.442000e+01,2.708000e+01,2.421000e+01,2.304000e+01,1.990000e+01,1.581000e-01,1.445000e-01,1.578000e-01
1.330000e+02,6.371000e+01,8.197000e+01,1.117000e+02,2.604000e+01,3.261000e+01,2.566000e+01,2.294000e+01,2.184000e+01,1.885000e+01,1.600000e-01,1.462000e-01,1.597000e-01
1.340000e+02,6.303000e+01,8.109000e+01,1.105000e+02,3.095000e+01,3.876000e+01,3.050000e+01,2.726000e+01,2.595000e+01,2.241000e+01,1.699000e-01,1.553000e-01,1.695000e-01
1.350000e+02,6.513000e+01,8.380000e+01,1.142000e+02,3.035000e+01,3.801000e+01,2.991000e+01,2.674000e+01,2.545000e+01,2.197000e+01,1.639000e-01,1.498000e-01,1.636000e-01
1.360000e+02,6.371000e+01,8.197000e+01,1.117000e+02,2.508000e+01,3.141000e+01,2.471000e+01,2.209000e+01,2.103000e+01,1.816000e+01,1.616000e-01,1.477000e-01,1.613000e-01
1.370000e+02,6.347000e+01,8.166000e+01,1.113000e+02,2.646000e+01,3.314000e+01,2.607000e+01,2.331000e+01,2.219000e+01,1.916000e+01,1.571000e-01,1.436000e-01,1.568000e-01
1.380000e+02,6.385000e+01,8.215000e+01,1.119000e+02,3.236000e+01,4.053000e+01,3.189000e+01,2.851000e+01,2.714000e+01,2.343000e+01,1.753000e-01,1.602000e-01,1.749000e-01
1.390000e+02,6.472000e+01,8.327000e+01,1.135000e+02,2.790000e+01,3.494000e+01,2.749000e+01,2.458000e+01,2.340000e+01,2.020000e+01,1.725000e-01,1.576000e-01,1.721000e-01
1.400000e+02,6.483000e+01,8.341000e+01,1.137000e+02,3.045000e+01,3.814000e+01,3.001000e+01,2.682000e+01,2.554000e+01,2.205000e+01,1.568000e-01,1.433000e-01,1.565000e-01
1.410000e+02,6.392000e+01,8.224000e+01,1.121000e+02,2.803000e+01,3.510000e+01,2.762000e+01,2.469000e+01,2.351000e+01,2.029000e+01,1.532000e-01,1.400000e-01,1.529000e-01
1.420000e+02,6.296000e+01,8.100000e+01,1.104000e+02,3.414000e+01,4.276000e+01,3.364000e+01,3.007000e+01,2.863000e+01,2.472000e+01,1.736000e-01,1.587000e-01,1.732000e-01
1.430000e+02,6.323000e+01,8.135000e+01,1.108000e+02,3.248000e+01,4.068000e+01,3.201000e+01,2.861000e+01,2.724000e+01,2.352000e+01,2.247000e-01,2.054000e-01,2.242000e-01
1.440000e+02,6.330000e+01,8.144000e+01,1.110000e+02,2.668000e+01,3.341000e+01,2.629000e+01,2.350000e+01,2.237000e+01,1.932000e+01,1.578000e-01,1.442000e-01,1.575000e-01
1.450000e+02,6.385000e+01,8.215000e+01,1.119000e+02,2.845000e+01,3.563000e+01,2.803000e+01,2.506000e+01,2.386000e+01,2.060000e+01,1.549000e-01,1.416000e-01,1.546000e-01
1.460000e+02,6.359000e+01,8.181000e+01,1.115000e+02,3.039000e+01,3.806000e+01,2.995000e+01,2.677000e+01,2.549000e+01,2.200000e+01,1.557000e-01,1.423000e-01,1.554000e-01
1.470000e+02,6.504000e+01,8.368000e+01,1.140000e+02,3.226000e+01,4.040000e+01,3.179000e+01,2.842000e+01,2.705000e+01,2.336000e+01,1.703000e-01,1.556000e-01,1.699000e-01
1.480000e+02,6.265000e+01,8.061000e+01,1.098000e+02,2.598000e+01,3.254000e+01,2.560000e+01,2.289000e+01,2.179000e+01,1.881000e+01,1.644000e-01,1.502000e-01,1.641000e-01
1.490000e+02,6.360000e+01,8.183000e+01,1.115000e+02,2.784000e+01,3.487000e+01,2.743000e+01,2.452000e+01,2.335000e+01,2.016000e+01,1.653000e-01,1.511000e-01,1.650000e-01
1.500000e+02,6.343000e+01,8.161000e+01,1.112000e+02,2.916000e+01,3.652000e+01,2.873000e+01,2.569000e+01,2.445000e+01,2.111000e+01,1.605000e-01,1.467000e-01,1.602000e-01
1.510000e+02,6.354000e+01,8.175000e+01,1.114000e+02,2.950000e+01,3.695000e+01,2.907000e+01,2.599000e+01,2.474000e+01,2.136000e+01,1.600000e-01,1.462000e-01,1.597000e-01
1.520000e+02,6.311000e+01,8.120000e+01,1.106000e+02,2.572000e+01,3.221000e+01,2.534000e+01,2.266000e+01,2.157000e+01,1.862000e+01,1.710000e-01,1.563000e-01,1.706000e-01
1.530000e+02,6.363000e+01,8.187000e+01,1.115000e+02,2.515000e+01,3.150000e+01,2.478000e+01,2.215000e+01,2.109000e+01,1.821000e+01,1.596000e-01,1.459000e-01,1.593000e-01
1.540000e+02,6.352000e+01,8.172000e+01,1.114000e+02,2.591000e+01,3.245000e+01,2.553000e+01,2.282000e+01,2.173000e+01,1.876000e+01,1.577000e-01,1.441000e-01,1.574000e-01
1.550000e+02,6.368000e+01,8.193000e+01,1.116000e+02,2.927000e+01,3.666000e+01,2.884000e+01,2.578000e+01,2.455000e+01,2.119000e+01,1.957000e-01,1.789000e-01,1.953000e-01
1.560000e+02,6.370000e+01,8.196000e+01,1.117000e+02,3.454000e+01,4.326000e+01,3.404000e+01,3.043000e+01,2.897000e+01,2.501000e+01,1.635000e-01,1.494000e-01,1.632000e-01
1.570000e+02,6.403000e+01,8.238000e+01,1.123000e+02,3.202000e+01,4.010000e+01,3.155000e+01,2.821000e+01,2.685000e+01,2.318000e+01,1.569000e-01,1.434000e-01,1.566000e-01
1.580000e+02,6.458000e+01,8.309000e+01,1.132000e+02,2.578000e+01,3.229000e+01,2.540000e+01,2.271000e+01,2.162000e+01,1.866000e+01,1.603000e-01,1.465000e-01,1.600000e-01
1.590000e+02,6.285000e+01,8.086000e+01,1.102000e+02,3.333000e+01,4.174000e+01,3.284000e+01,2.936000e+01,2.795000e+01,2.413000e+01,1.532000e-01,1.400000e-01,1.529000e-01
1.600000e+02,6.398000e+01,8.232000e+01,1.122000e+02,3.082000e+01,3.860000e+01,3.037000e+01,2.715000e+01,2.585000e+01,2.231000e+01,1.587000e-01,1.450000e-01,1.584000e-01
1.610000e+02,6.330000e+01,8.144000e+01,1.110000e+02,3.413000e+01,4.274000e+01,3.363000e+01,3.007000e+01,2.862000e+01,2.471000e+01,1.589000e-01,1.452000e-01,1.586000e-01
1.620000e+02,6.374000e+01,8.201000e+01,1.117000e+02,2.911000e+01,3.646000e+01,2.868000e+01,2.564000e+01,2.441000e+01,2.108000e+01,1.942000e-01,1.775000e-01,1.938000e-01
1.630000e+02,6.327000e+01,8.140000e+01,1.109000e+02,2.765000e+01,3.463000e+01,2.725000e+01,2.436000e+01,2.319000e+01,2.002000e+01,1.600000e-01,1.462000e-01,1.597000e-01
1.640000e+02,6.396000e+01,8.229000e+01,1.121000e+02,2.633000e+01,3.298000e+01,2.595000e+01,2.319000e+01,2.208000e+01,1.906000e+01,1.520000e-01,1.389000e-01,1.517000e-01
1.650000e+02,6.379000e+01,8.207000e+01,1.118000e+02,3.203000e+01,4.011000e+01,3.156000e+01,2.822000e+01,2.686000e+01,2.319000e+01,1.678000e-01,1.534000e-01,1.674000e-01
1.660000e+02,6.429000e+01,8.272000e+01,1.127000e+02,2.593000e+01,3.247000e+01,2.555000e+01,2.284000e+01,2.174000e+01,1.877000e+01,1.666000e-01,1.523000e-01,1.663000e-01
1.670000e+02,6.478000e+01,8.335000e+01,1.136000e+02,2.724000e+01,3.412000e+01,2.684000e+01,2.400000e+01,2.284000e+01,1.972000e+01,1.524000e-01,1.393000e-01,1.521000e-01
1.680000e+02,6.413000e+01,8.251000e+01,1.124000e+02,2.571000e+01,3.220000e+01,2.533000e+01,2.265000e+01,2.156000e+01,1.861000e+01,1.696000e-01,1.550000e-01,1.692000e-01
1.690000e+02,6.323000e+01,8.135000e+01,1.108000e+02,3.355000e+01,4.202000e+01,3.306000e+01,2.955000e+01,2.814000e+01,2.429000e+01,1.639000e-01,1.498000e-01,1.636000e-01
1.700000e+02,6.352000e+01,8.172000e+01,1.114000e+02,2.791000e+01,3.495000e+01,2.750000e+01,2.459000e+01,2.341000e+01,2.021000e+01,1.740000e-01,1.590000e-01,1.736000e-01
1.710000e+02,6.456000e+01,8.306000e+01,1.132000e+02,3.145000e+01,3.939000e+01,3.099000e+01,2.770000e+01,2.637000e+01,2.277000e+01,1.957000e-01,1.789000e-01,1.953000e-01
1.720000e+02,6.365000e+01,8.189000e+01,1.116000e+02,3.267000e+01,4.092000e+01,3.219000e+01,2.878000e+01,2.740000e+01,2.365000e+01,2.510000e-01,2.294000e-01,2.505000e-01
1.730000e+02,6.333000e+01,8.148000e+01,1.110000e+02,2.830000e+01,3.544000e+01,2.789000e+01,2.493000e+01,2.373000e+01,2.049000e+01,1.552000e-01,1.418000e-01,1.549000e-01
1.740000e+02,6.367000e+01,8.192000e+01,1.116000e+02,2.711000e+01,3.395000e+01,2.671000e+01,2.388000e+01,2.273000e+01,1.963000e+01,1.553000e-01,1.419000e-01,1.550000e-01
1.750000e+02,6.287000e+01,8.089000e+01,1.102000e+02,2.541000e+01,3.182000e+01,2.504000e+01,2.238000e+01,2.131000e+01,1.840000e+01,1.689000e-01,1.544000e-01,1.685000e-01
1.760000e+02,6.449000e+01,8.297000e+01,1.131000e+02,3.281000e+01,4.109000e+01,3.233000e+01,2.890000e+01,2.751000e+01,2.375000e+01,1.569000e-01,1.434000e-01,1.566000e-01
1.770000e+02,6.398000e+01,8.232000e+01,1.122000e+02,2.861000e+01,3.583000e+01,2.819000e+01,2.520000e+01,2.399000e+01,2.071000e+01,1.588000e-01,1.451000e-01,1.585000e-01
1.780000e+02,6.412000e+01,8.250000e+01,1.124000e+02,2.808000e+01,3.517000e+01,2.767000e+01,2.474000e+01,2.355000e+01,2.033000e+01,1.984000e-01,1.813000e-01,1.980000e-01
1.790000e+02,6.399000e+01,8.233000e+01,1.122000e+02,3.453000e+01,4.325000e+01,3.403000e+01,3.042000e+01,2.896000e+01,2.500000e+01,1.647000e-01,1.505000e-01,1.644000e-01
1.800000e+02,6.380000e+01,8.209000e+01,1.118000e+02,2.923000e+01,3.661000e+01,2.880000e+01,2.575000e+01,2.451000e+01,2.116000e+01,1.524000e-01,1.393000e-01,1.521000e-01
1.810000e+02,6.299000e+01,8.104000e+01,1.104000e+02,3.235000e+01,4.052000e+01,3.188000e+01,2.850000e+01,2.713000e+01,2.342000e+01,1.577000e-01,1.441000e-01,1.574000e-01
1.820000e+02,6.311000e+01,8.120000e+01,1.106000e+02,3.239000e+01,4.057000e+01,3.192000e+01,2.853000e+01,2.716000e+01,2.345000e+01,1.536000e-01,1.404000e-01,1.533000e-01
1.830000e+02,6.375000e+01,8.202000e+01,1.118000e+02,3.298000e+01,4.130000e+01,3.250000e+01,2.905000e+01,2.766000e+01,2.388000e+01,1.566000e-01,1.431000e-01,1.563000e-01
1.840000e+02,6.343000e+01,8.161000e+01,1.112000e+02,3.402000e+01,4.261000e+01,3.352000e+01,2.997000e+01,2.853000e+01,2.463000e+01,1.607000e-01,1.469000e-01,1.604000e-01
1.850000e+02,6.407000e+01,8.243000e+01,1.123000e+02,2.788000e+01,3.492000e+01,2.747000e+01,2.456000e+01,2.338000e+01,2.019000e+01,1.554000e-01,1.420000e-01,1.551000e-01
1.860000e+02,6.345000e+01,8.163000e+01,1.112000e+02,3.181000e+01,3.984000e+01,3.135000e+01,2.802000e+01,2.668000e+01,2.303000e+01,1.713000e-01,1.566000e-01,1.709000e-01
1.870000e+02,6.387000e+01,8.218000e+01,1.120000e+02,2.735000e+01,3.425000e+01,2.695000e+01,2.409000e+01,2.294000e+01,1.980000e+01,1.758000e-01,1.607000e-01,1.754000e-01
1.880000e+02,6.399000e+01,8.233000e+01,1.122000e+02,2.694000e+01,3.374000e+01,2.655000e+01,2.373000e+01,2.259000e+01,1.950000e+01,1.621000e-01,1.481000e-01,1.618000e-01
1.890000e+02,6.374000e+01,8.201000e+01,1.117000e+02,2.853000e+01,3.573000e+01,2.811000e+01,2.513000e+01,2.393000e+01,2.066000e+01,1.855000e-01,1.695000e-01,1.851000e-01
1.900000e+02,6.357000e+01,8.179000e+01,1.114000e+02,2.579000e+01,3.230000e+01,2.541000e+01,2.272000e+01,2.163000e+01,1.867000e+01,1.732000e-01,1.583000e-01,1.728000e-01
1.910000e+02,6.393000e+01,8.225000e+01,1.121000e+02,3.003000e+01,3.761000e+01,2.959000e+01,2.645000e+01,2.518000e+01,2.174000e+01,1.775000e-01,1.622000e-01,1.771000e-01
1.920000e+02,6.445000e+01,8.292000e+01,1.130000e+02,2.640000e+01,3.306000e+01,2.601000e+01,2.326000e+01,2.214000e+01,1.911000e+01,1.922000e-01,1.757000e-01,1.918000e-01
1.930000e+02,6.366000e+01,8.190000e+01,1.116000e+02,2.619000e+01,3.280000e+01,2.581000e+01,2.307000e+01,2.196000e+01,1.896000e+01,1.728000e-01,1.579000e-01,1.724000e-01
1.940000e+02,6.505000e+01,8.369000e+01,1.140000e+02,2.785000e+01,3.488000e+01,2.744000e+01,2.453000e+01,2.336000e+01,2.016000e+01,1.566000e-01,1.431000e-01,1.563000e-01
1.950000e+02,6.411000e+01,8.248000e+01,1.124000e+02,3.432000e+01,4.298000e+01,3.382000e+01,3.023000e+01,2.878000e+01,2.485000e+01,1.553000e-01,1.419000e-01,1.550000e-01
1.960000e+02,6.375000e+01,8.202000e+01,1.118000e+02,3.051000e+01,3.821000e+01,3.006000e+01,2.688000e+01,2.559000e+01,2.209000e+01,1.590000e-01,1.453000e-01,1.587000e-01
1.970000e+02,6.408000e+01,8.245000e+01,1.123000e+02,2.683000e+01,3.360000e+01,2.644000e+01,2.363000e+01,2.250000e+01,1.942000e+01,2.804000e-01,2.563000e-01,2.798000e-01
1.980000e+02,6.401000e+01,8.236000e+01,1.122000e+02,3.421000e+01,4.284000e+01,3.371000e+01,3.014000e+01,2.869000e+01,2.477000e+01,1.739000e-01,1.589000e-01,1.735000e-01
1.990000e+02,6.325000e+01,8.138000e+01,1.109000e+02,3.200000e+01,4.008000e+01,3.153000e+01,2.819000e+01,2.684000e+01,2.317000e+01,1.637000e-01,1.496000e-01,1.634000e-01
2.000000e+02,6.423000e+01,8.264000e+01,1.126000e+02,2.610000e+01,3.269000e+01,2.572000e+01,2.299000e+01,2.189000e+01,1.890000e+01,1.681000e-01,1.536000e-01,1.677000e-01
2.010000e+02,6.303000e+01,8.109000e+01,1.105000e+02,2.943000e+01,3.686000e+01,2.900000e+01,2.592000e+01,2.468000e+01,2.131000e+01,2.461000e-01,2.249000e-01,2.456000e-01
2.020000e+02,6.382000e+01,8.211000e+01,1.119000e+02,2.728000e+01,3.417000e+01,2.688000e+01,2.403000e+01,2.288000e+01,1.975000e+01,1.697000e-01,1.551000e-01,1.693000e-01
2.030000e+02,6.402000e+01,8.237000e+01,1.122000e+02,3.197000e+01,4.004000e+01,3.150000e+01,2.816000e+01,2.681000e+01,2.315000e+01,1.648000e-01,1.506000e-01,1.645000e-01
2.040000e+02,6.354000e+01,8.175000e+01,1.114000e+02,2.816000e+01,3.527000e+01,2.775000e+01,2.481000e+01,2.361000e+01,2.039000e+01,1.661000e-01,1.518000e-01,1.658000e-01
2.050000e+02,6.375000e+01,8.202000e+01,1.118000e+02,2.789000e+01,3.493000e+01,2.748000e+01,2.457000e+01,2.339000e+01,2.019000e+01,1.635000e-01,1.494000e-01,1.632000e-01
2.060000e+02,6.418000e+01,8.257000e+01,1.125000e+02,2.535000e+01,3.175000e+01,2.498000e+01,2.233000e+01,2.126000e+01,1.835000e+01,1.528000e-01,1.396000e-01,1.525000e-01
2.070000e+02,6.409000e+01,8.246000e+01,1.124000e+02,2.941000e+01,3.683000e+01,2.898000e+01,2.591000e+01,2.466000e+01,2.129000e+01,1.871000e-01,1.710000e-01,1.867000e-01
2.080000e+02,6.341000e+01,8.158000e+01,1.112000e+02,3.448000e+01,4.318000e+01,3.398000e+01,3.037000e+01,2.891000e+01,2.496000e+01,1.583000e-01,1.447000e-01,1.580000e-01
2.090000e+02,6.318000e+01,8.129000e+01,1.108000e+02,3.328000e+01,4.168000e+01,3.279000e+01,2.932000e+01,2.791000e+01,2.409000e+01,1.708000e-01,1.561000e-01,1.704000e-01
2.100000e+02,6.374000e+01,8.201000e+01,1.117000e+02,3.096000e+01,3.877000e+01,3.051000e+01,2.727000e+01,2.596000e+01,2.242000e+01,1.537000e-01,1.405000e-01,1.534000e-01
2.110000e+02,6.309000e+01,8.117000e+01,1.106000e+02,2.561000e+01,3.207000e+01,2.524000e+01,2.256000e+01,2.148000e+01,1.854000e+01,1.646000e-01,1.504000e-01,1.643000e-01
2.120000e+02,6.384000e+01,8.214000e+01,1.119000e+02,3.334000e+01,4.176000e+01,3.285000e+01,2.937000e+01,2.796000e+01,2.414000e+01,1.618000e-01,1.479000e-01,1.615000e-01
2.130000e+02,6.377000e+01,8.205000e+01,1.118000e+02,2.849000e+01,3.568000e+01,2.807000e+01,2.510000e+01,2.389000e+01,2.063000e+01,1.515000e-01,1.385000e-01,1.512000e-01
2.140000e+02,6.363000e+01,8.187000e+01,1.115000e+02,3.222000e+01,4.035000e+01,3.175000e+01,2.838000e+01,2.702000e+01,2.333000e+01,1.637000e-01,1.496000e-01,1.634000e-01
2.150000e+02,6.394000e+01,8.227000e+01,1.121000e+02,3.365000e+01,4.214000e+01,3.316000e+01,2.964000e+01,2.822000e+01,2.436000e+01,2.078000e-01,1.899000e-01,2.074000e-01
2.160000e+02,6.345000e+01,8.163000e+01,1.112000e+02,3.184000e+01,3.988000e+01,3.138000e+01,2.805000e+01,2.670000e+01,2.305000e+01,1.554000e-01,1.420000e-01,1.551000e-01
2.170000e+02,6.329000e+01,8.143000e+01,1.110000e+02,3.428000e+01,4.293000e+01,3.378000e+01,3.020000e+01,2.875000e+01,2.482000e+01,1.628000e-01,1.488000e-01,1.625000e-01
2.180000e+02,6.400000e+01,8.234000e+01,1.122000e+02,2.998000e+01,3.755000e+01,2.954000e+01,2.641000e+01,2.514000e+01,2.171000e+01,1.522000e-01,1.391000e-01,1.519000e-01
2.190000e+02,6.361000e+01,8.184000e+01,1.115000e+02,3.176000e+01,3.978000e+01,3.130000e+01,2.798000e+01,2.663000e+01,2.299000e+01,1.849000e-01,1.690000e-01,1.845000e-01
2.200000e+02,6.347000e+01,8.166000e+01,1.113000e+02,3.121000e+01,3.909000e+01,3.075000e+01,2.749000e+01,2.617000e+01,2.260000e+01,1.680000e-01,1.535000e-01,1.676000e-01
2.210000e+02,6.400000e+01,8.234000e+01,1.122000e+02,2.891000e+01,3.621000e+01,2.849000e+01,2.547000e+01,2.424000e+01,2.093000e+01,2.398000e-01,2.192000e-01,2.393000e-01
2.220000e+02,6.320000e+01,8.131000e+01,1.108000e+02,3.419000e+01,4.282000e+01,3.369000e+01,3.012000e+01,2.867000e+01,2.475000e+01,1.739000e-01,1.589000e-01,1.735000e-01
2.230000e+02,6.329000e+01,8.143000e+01,1.110000e+02,3.082000e+01,3.860000e+01,3.037000e+01,2.715000e+01,2.585000e+01,2.231000e+01,1.991000e-01,1.820000e-01,1.987000e-01
2.240000e+02,6.395000e+01,8.228000e+01,1.121000e+02,3.372000e+01,4.223000e+01,3.323000e+01,2.970000e+01,2.828000e+01,2.441000e+01,1.648000e-01,1.506000e-01,1.645000e-01
2.250000e+02,6.465000e+01,8.318000e+01,1.133000e+02,2.881000e+01,3.608000e+01,2.839000e+01,2.538000e+01,2.416000e+01,2.086000e+01,2.069000e-01,1.891000e-01,2.065000e-01
2.260000e+02,6.409000e+01,8.246000e+01,1.124000e+02,2.724000e+01,3.412000e+01,2.684000e+01,2.400000e+01,2.284000e+01,1.972000e+01,1.543000e-01,1.410000e-01,1.540000e-01
2.270000e+02,6.283000e+01,8.084000e+01,1.101000e+02,2.929000e+01,3.668000e+01,2.886000e+01,2.580000e+01,2.456000e+01,2.121000e+01,1.660000e-01,1.517000e-01,1.657000e-01
2.280000e+02,6.292000e+01,8.095000e+01,1.103000e+02,3.240000e+01,4.058000e+01,3.193000e+01,2.854000e+01,2.717000e+01,2.346000e+01,1.565000e-01,1.430000e-01,1.562000e-01
2.290000e+02,6.429000e+01,8.272000e+01,1.127000e+02,3.475000e+01,4.352000e+01,3.424000e+01,3.061000e+01,2.914000e+01,2.516000e+01,1.559000e-01,1.425000e-01,1.556000e-01
2.300000e+02,6.382000e+01,8.211000e+01,1.119000e+02,3.277000e+01,4.104000e+01,3.229000e+01,2.887000e+01,2.748000e+01,2.373000e+01,1.534000e-01,1.402000e-01,1.531000e-01
2.310000e+02,6.309000e+01,8.117000e+01,1.106000e+02,3.223000e+01,4.036000e+01,3.176000e+01,2.839000e+01,2.703000e+01,2.333000e+01,1.661000e-01,1.518000e-01,1.658000e-01
2.320000e+02,6.473000e+01,8.328000e+01,1.135000e+02,2.600000e+01,3.256000e+01,2.562000e+01,2.290000e+01,2.180000e+01,1.882000e+01,1.547000e-01,1.414000e-01,1.544000e-01
2.330000e+02,6.377000e+01,8.205000e+01,1.118000e+02,3.177000e+01,3.979000e+01,3.131000e+01,2.799000e+01,2.664000e+01,2.300000e+01,1.695000e-01,1.549000e-01,1.691000e-01
2.340000e+02,6.394000e+01,8.227000e+01,1.121000e+02,2.580000e+01,3.231000e+01,2.542000e+01,2.273000e+01,2.164000e+01,1.868000e+01,1.674000e-01,1.530000e-01,1.670000e-01
2.350000e+02,6.339000e+01,8.156000e+01,1.111000e+02,3.246000e+01,4.065000e+01,3.199000e+01,2.859000e+01,2.722000e+01,2.350000e+01,1.559000e-01,1.425000e-01,1.556000e-01
2.360000e+02,6.358000e+01,8.180000e+01,1.115000e+02,3.130000e+01,3.920000e+01,3.084000e+01,2.757000e+01,2.625000e+01,2.266000e+01,1.564000e-01,1.429000e-01,1.561000e-01
2.370000e+02,6.467000e+01,8.320000e+01,1.134000e+02,2.960000e+01,3.707000e+01,2.917000e+01,2.607000e+01,2.482000e+01,2.143000e+01,1.855000e-01,1.695000e-01,1.851000e-01
2.380000e+02,6.300000e+01,8.106000e+01,1.104000e+02,3.474000e+01,4.351000e+01,3.423000e+01,3.060000e+01,2.913000e+01,2.515000e+01,1.832000e-01,1.674000e-01,1.828000e-01
2.390000e+02,6.395000e+01,8.228000e+01,1.121000e+02,2.638000e+01,3.304000e+01,2.599000e+01,2.324000e+01,2.212000e+01,1.910000e+01,1.535000e-01,1.403000e-01,1.532000e-01
2.400000e+02,6.334000e+01,8.149000e+01,1.110000e+02,3.160000e+01,3.958000e+01,3.114000e+01,2.784000e+01,2.650000e+01,2.288000e+01,1.642000e-01,1.501000e-01,1.639000e-01
2.410000e+02,6.423000e+01,8.264000e+01,1.126000e+02,2.821000e+01,3.533000e+01,2.780000e+01,2.485000e+01,2.366000e+01,2.042000e+01,1.589000e-01,1.452000e-01,1.586000e-01
2.420000e+02,6.405000e+01,8.241000e+01,1.123000e+02,2.554000e+01,3.199000e+01,2.517000e+01,2.250000e+01,2.142000e+01,1.849000e+01,1.642000e-01,1.501000e-01,1.639000e-01
2.430000e+02,6.350000e+01,8.170000e+01,1.113000e+02,2.878000e+01,3.604000e+01,2.836000e+01,2.535000e+01,2.413000e+01,2.084000e+01,1.935000e-01,1.768000e-01,1.931000e-01
2.440000e+02,6.427000e+01,8.269000e+01,1.127000e+02,3.232000e+01,4.048000e+01,3.185000e+01,2.847000e+01,2.710000e+01,2.340000e+01,1.528000e-01,1.396000e-01,1.525000e-01
2.450000e+02,6.387000e+01,8.218000e+01,1.120000e+02,2.552000e+01,3.196000e+01,2.515000e+01,2.248000e+01,2.140000e+01,1.848000e+01,1.568000e-01,1.433000e-01,1.565000e-01
2.460000e+02,6.431000e+01,8.274000e+01,1.127000e+02,3.460000e+01,4.333000e+01,3.409000e+01,3.048000e+01,2.902000e+01,2.505000e+01,1.629000e-01,1.489000e-01,1.626000e-01
2.470000e+02,6.407000e+01,8.243000e+01,1.123000e+02,3.398000e+01,4.256000e+01,3.348000e+01,2.993000e+01,2.850000e+01,2.460000e+01,1.703000e-01,1.556000e-01,1.699000e-01
2.480000e+02,6.362000e+01,8.185000e+01,1.115000e+02,3.481000e+01,4.360000e+01,3.430000e+01,3.066000e+01,2.919000e+01,2.520000e+01,1.673000e-01,1.529000e-01,1.669000e-01
2.490000e+02,6.428000e+01,8.270000e+01,1.127000e+02,3.370000e+01,4.221000e+01,3.321000e+01,2.969000e+01,2.826000e+01,2.440000e+01,1.560000e-01,1.426000e-01,1.557000e-01
2.500000e+02,6.312000e+01,8.121000e+01,1.107000e+02,2.804000e+01,3.512000e+01,2.763000e+01,2.470000e+01,2.351000e+01,2.030000e+01,1.520000e-01,1.389000e-01,1.517000e-01
2.510000e+02,6.423000e+01,8.264000e+01,1.126000e+02,3.043000e+01,3.811000e+01,2.999000e+01,2.681000e+01,2.552000e+01,2.203000e+01,1.600000e-01,1.462000e-01,1.597000e-01
2.520000e+02,6.334000e+01,8.149000e+01,1.110000e+02,3.402000e+01,4.261000e+01,3.352000e+01,2.997000e+01,2.853000e+01,2.463000e+01,1.549000e-01,1.416000e-01,1.546000e-01
2.530000e+02,6.435000e+01,8.279000e+01,1.128000e+02,2.558000e+01,3.204000e+01,2.521000e+01,2.253000e+01,2.145000e+01,1.852000e+01,1.623000e-01,1.483000e-01,1.620000e-01
2.540000e+02,6.360000e+01,8.183000e+01,1.115000e+02,2.783000e+01,3.485000e+01,2.742000e+01,2.452000e+01,2.334000e+01,2.015000e+01,1.567000e-01,1.432000e-01,1.564000e-01
2.550000e+02,6.339000e+01,8.156000e+01,1.111000e+02,2.977000e+01,3.728000e+01,2.934000e+01,2.622000e+01,2.497000e+01,2.155000e+01,1.532000e-01,1.400000e-01,1.529000e-01
2.560000e+02,6.448000e+01,8.296000e+01,1.130000e+02,3.275000e+01,4.102000e+01,3.227000e+01,2.885000e+01,2.746000e+01,2.371000e+01,1.594000e-01,1.457000e-01,1.591000e-01
