3.200000000000000000e+01 5.889661875000000180e+01 7.639969999999999573e+01
1.024000000000000000e+03 7.005249214843749428e+01 9.172966999999999871e+01
1.024000000000000000e+03 7.466993412109374617e+01 9.128021999999999991e+01
1.024000000000000000e+03 7.721399642578126077e+01 9.354525999999999897e+01
1.024000000000000000e+03 7.963376500976562511e+01 9.746160000000000423e+01
1.024000000000000000e+03 8.076395792968750698e+01 9.752646000000000015e+01
1.024000000000000000e+03 7.987951482421874516e+01 9.737221999999999866e+01
1.024000000000000000e+03 8.345122562500000640e+01 9.944992000000000587e+01
1.024000000000000000e+03 8.158643036132812654e+01 9.839731000000000449e+01
1.024000000000000000e+03 8.037909171875000425e+01 9.684413000000000693e+01
1.024000000000000000e+03 8.042911851562499237e+01 9.520726000000000511e+01
1.024000000000000000e+03 8.305678621093750280e+01 9.967909000000000219e+01
1.024000000000000000e+03 8.235022940429686855e+01 9.688335999999999615e+01
1.024000000000000000e+03 8.264416494140624536e+01 9.841034000000000503e+01
1.024000000000000000e+03 8.152799903320311614e+01 9.660303999999999292e+01
1.024000000000000000e+03 8.136312709960937184e+01 9.760433999999999344e+01
1.024000000000000000e+03 8.161719175781250613e+01 9.752048999999999523e+01
