6.712530000000000427e+02
6.521620000000000346e+02
6.571829999999999927e+02
6.501860000000000355e+02
6.455250000000000909e+02
6.556449999999999818e+02
6.594810000000001082e+02
6.450070000000000618e+02
6.309020000000000437e+02
6.484619999999999891e+02
6.511230000000000473e+02
6.443820000000000618e+02
6.662810000000000628e+02
6.537540000000000191e+02
6.483270000000001119e+02
6.528609999999999900e+02
6.588229999999999791e+02
6.509610000000000127e+02
6.743740000000000236e+02
6.615740000000000691e+02
6.520090000000000146e+02
6.522590000000000146e+02
6.464250000000000682e+02
6.455940000000000509e+02
6.799290000000000873e+02
6.348810000000000855e+02
6.598390000000000555e+02
6.666040000000000418e+02
6.563050000000000637e+02
6.434000000000000909e+02
6.495740000000000691e+02
6.336950000000000500e+02
6.641020000000000891e+02
6.297730000000000246e+02
6.558859999999999673e+02
6.685130000000000337e+02
6.498810000000000855e+02
6.532710000000000719e+02
6.477330000000000609e+02
6.625289999999999964e+02
6.479180000000001201e+02
6.449230000000000018e+02
6.682970000000000255e+02
6.416850000000000591e+02
6.694950000000000045e+02
6.538910000000000764e+02
6.488350000000000364e+02
6.619439999999999600e+02
6.476810000000000400e+02
6.291950000000000500e+02
6.567100000000000364e+02
6.412430000000000518e+02
6.385660000000000309e+02
6.697970000000000255e+02
6.522680000000000291e+02
6.522580000000000382e+02
6.450020000000000664e+02
6.426640000000001010e+02
6.669110000000000582e+02
6.504210000000000491e+02
6.691159999999999854e+02
6.634650000000000318e+02
6.833720000000000709e+02
6.592660000000000764e+02
6.486850000000000591e+02
6.495140000000001237e+02
6.446530000000000200e+02
6.736760000000000446e+02
6.471380000000000337e+02
6.422640000000001237e+02
6.567630000000000337e+02
6.541580000000000155e+02
6.569500000000000455e+02
6.670920000000000982e+02
6.520350000000000819e+02
6.498029999999999973e+02
6.463620000000000800e+02
6.704470000000001164e+02
6.660579999999999927e+02
6.565430000000001201e+02
6.347989999999999782e+02
6.386990000000000691e+02
6.453510000000001128e+02
6.657730000000000246e+02
6.482260000000001128e+02
6.440790000000000646e+02
6.477140000000000555e+02
6.478990000000000009e+02
6.710500000000000682e+02
6.572750000000000909e+02
6.608880000000000337e+02
6.432180000000000746e+02
6.702930000000001201e+02
6.471720000000000255e+02
6.597110000000000127e+02
6.600020000000000664e+02
6.439120000000000346e+02
6.423330000000000837e+02
6.498560000000001082e+02
6.428890000000001237e+02
6.678010000000000446e+02
