7.030121145787606451e+01
6.564812449890014534e+01
7.309746895449669069e+01
8.639589692663854237e+01
7.764278960365368221e+01
7.492421083405267268e+01
7.607878610166004307e+01
8.037131974827445902e+01
7.200116329256177039e+01
7.538840300165963981e+01
7.350006591117021060e+01
7.271023556358265694e+01
7.671906305433483908e+01
7.401603689482301718e+01
7.437571745653445987e+01
7.951950265520343919e+01
8.172651537321520721e+01
7.312852377445365448e+01
7.895501797190830473e+01
7.817896175190188046e+01
9.117077360935715546e+01
7.644781549514249264e+01
7.237561911006579862e+01
6.943539841792852485e+01
8.532933773905585895e+01
7.841216266265033141e+01
7.643128040007994173e+01
8.379260936356240563e+01
7.941008961698730673e+01
7.407296473634060874e+01
7.314977969608980857e+01
7.283277956752674243e+01
7.486862184395067743e+01
7.556278518859619453e+01
7.513636836994338353e+01
8.008051290904680286e+01
7.238688740664635191e+01
7.686041213085505319e+01
7.313003670741318274e+01
6.947047003573086954e+01
6.923482089355674418e+01
7.176239303136743786e+01
7.551785726212762029e+01
7.497650437626631970e+01
7.015704342206275612e+01
7.236616380843362606e+01
7.439073583611016716e+01
1.020272360212759253e+02
7.500195260608856529e+01
7.624472285438456254e+01
7.854889437545541853e+01
7.312959169225450751e+01
7.164247385694166326e+01
7.269515362084132448e+01
7.613786628885661401e+01
6.607010874773494891e+01
7.322440159406882287e+01
7.555367783992738850e+01
8.203566540678681918e+01
7.637028449165333654e+01
7.245341368629475198e+01
7.411896727198323731e+01
8.661614589520527829e+01
7.758439619517719166e+01
7.646505394265967936e+01
7.690083800671651204e+01
8.611972441665928102e+01
7.764661374796389737e+01
7.564174858797186118e+01
7.402831785469183501e+01
8.949679093142040642e+01
7.401407675783339357e+01
7.266582228183932557e+01
8.376897967272401502e+01
7.622946908695443824e+01
7.667114432163205606e+01
7.489196308819965964e+01
7.468583595510712314e+01
7.694182702987852451e+01
8.253656219737109723e+01
8.851548796193362989e+01
7.328370882459189772e+01
7.714151900084088709e+01
7.160303257615065320e+01
7.447644846438531374e+01
7.485666622382957769e+01
8.427201561108533667e+01
8.065632639972372431e+01
7.443151271154239623e+01
8.317400403554398736e+01
7.074554315473159249e+01
7.419193441001974065e+01
7.238020525198039934e+01
1.456044493451439621e+02
8.031745466345182649e+01
7.261598797265017424e+01
1.699801162692171772e+02
8.653369555623515907e+01
6.975712575440726937e+01
8.117096756548902192e+01
7.304744239100361369e+01
