4.523835000000000264e+02
5.362532499999999800e+02
5.397567500000000109e+02
4.898637499999999818e+02
4.035519999999999641e+02
5.394635000000000673e+02
4.914632500000000164e+02
5.255985000000000582e+02
4.708894999999999982e+02
4.796092500000000314e+02
5.175750000000000455e+02
5.356212500000000318e+02
4.721520000000000437e+02
5.275432499999999436e+02
4.677397500000000719e+02
5.308010000000000446e+02
4.810762500000000159e+02
4.683857500000000300e+02
5.394110000000000582e+02
4.689747500000000286e+02
5.134647500000000946e+02
4.811552500000000805e+02
4.638007499999999936e+02
5.120907500000000709e+02
5.420112500000000182e+02
4.690370000000000346e+02
5.388827499999999873e+02
5.495544999999999618e+02
5.228414999999999964e+02
5.135752500000000964e+02
5.286000000000000227e+02
4.898544999999999732e+02
5.294342500000000200e+02
4.522435000000000400e+02
4.609737499999999955e+02
5.080657500000000937e+02
4.862087500000000091e+02
4.887312499999999886e+02
4.841097500000000764e+02
4.962742500000000518e+02
5.156897500000000036e+02
5.065120000000000573e+02
4.793942499999999995e+02
5.473782499999999800e+02
5.246597500000000309e+02
4.906442499999999995e+02
5.734055000000000746e+02
5.063997500000000400e+02
5.275294999999999845e+02
5.443795000000000073e+02
4.844432500000000346e+02
5.639192500000000337e+02
5.356739999999999782e+02
5.126415000000000646e+02
5.208605000000000018e+02
4.786512500000000045e+02
5.113377500000000282e+02
4.772119999999999891e+02
5.286762499999999818e+02
4.956227500000000532e+02
5.619287500000000364e+02
5.581924999999999955e+02
5.488502500000000737e+02
4.961507500000000164e+02
4.639562500000000114e+02
4.732435000000000400e+02
4.527827500000000214e+02
5.211647500000000264e+02
4.609624999999999773e+02
5.599595000000000482e+02
4.127207500000000095e+02
5.336970000000000027e+02
5.350009999999999764e+02
5.976997499999999945e+02
5.048395000000000437e+02
4.989644999999999868e+02
4.624962500000000318e+02
5.420002500000000509e+02
4.725372500000000855e+02
4.918422500000000355e+02
4.082777499999999691e+02
5.869290000000000873e+02
5.117352500000000646e+02
4.954867500000000291e+02
7.608780000000000427e+02
6.037300000000000182e+02
6.011012500000000500e+02
5.082610000000000241e+02
5.235497500000000173e+02
4.708269999999999982e+02
4.782142500000000496e+02
5.163994999999999891e+02
5.030090000000000146e+02
4.891010000000000559e+02
4.645037499999999682e+02
5.526227499999999964e+02
4.778065000000000282e+02
4.812762500000000045e+02
5.005227500000000873e+02
5.449667500000000473e+02
5.722554999999999836e+02
