8.621811972074706887e+01
1.867198219789485165e+02
1.163982506449163736e+02
2.100484048985928496e+02
1.548010233438886587e+02
1.733123908919774010e+02
1.579758957224528046e+02
1.555774471672686445e+02
7.970904451709165528e+01
2.169967360758963935e+02
1.728392686426835496e+02
2.078791980431245179e+02
1.728571598225681498e+02
2.085209421506507681e+02
1.247540585490838936e+02
1.776714079523457883e+02
1.306778624701350111e+02
1.733029986439968297e+02
1.415281360582995660e+02
1.498921427587698361e+02
1.693633015075192816e+02
2.401771308530986175e+02
1.406794567039326580e+02
1.670327690414403889e+02
1.923291695729067783e+02
1.719103926859058049e+02
2.095667721619059591e+02
1.888156410660070890e+02
2.528893665670215114e+02
1.689106647011441851e+02
1.075085520991675452e+02
1.234392094836010614e+02
1.685524796208967189e+02
1.340128848286514085e+02
1.317881856963126950e+02
1.799070776694732956e+02
1.517440496450669229e+02
1.383148805932599430e+02
1.154145753499368396e+02
1.205431123827414979e+02
1.867450455476779325e+02
2.299316126868301069e+02
1.182292094543412304e+02
2.489905014500680807e+02
1.889667932843564699e+02
1.713739328204648871e+02
1.867315212791236547e+02
1.180355661667306180e+02
1.579479871207003328e+02
1.477862212583300447e+02
1.429429982543737481e+02
1.729266121487409293e+02
1.737860314341799324e+02
2.118430705761936963e+02
1.435590779295197876e+02
1.792708442834750429e+02
1.770222706512843160e+02
1.781125864645574381e+02
1.346797787108755813e+02
1.900311862560992324e+02
1.659122463008147577e+02
1.586498528662514218e+02
1.379552607949637775e+02
1.707425838766796460e+02
1.582220147570363338e+02
1.435219963925927402e+02
1.427361041473143644e+02
1.579977564288284384e+02
1.156376701477584135e+02
2.172622207826516956e+02
9.512488879677152909e+01
2.487325427539693692e+02
1.475012812057676399e+02
1.730330658729542961e+02
1.429800579984767239e+02
1.428461422406948316e+02
1.782784136501771002e+02
1.659170392846388040e+02
1.553827945403526769e+02
1.703276483044947724e+02
1.865683054942830097e+02
1.569276638025387740e+02
1.749003990182929442e+02
2.137778770383187634e+02
3.306861168066858454e+02
1.583720084841700952e+02
1.431196328540175386e+02
1.829721933955429449e+02
2.459490290215172195e+02
1.614361977691186212e+02
1.484861811410170560e+02
1.478483355134753481e+02
1.750195385436058473e+02
1.460810664642525865e+02
1.048002726316298663e+02
2.310558046259978369e+02
1.651055468460417899e+02
1.865831528598387195e+02
1.426877076220633285e+02
1.801343002535466837e+02
1.608615490310784537e+02
