8.167425487587340172e+01
9.617664717344302971e+01
1.513395243256457263e+02
7.577154603098283303e+01
1.872895975444729402e+02
1.513575500533204092e+02
9.510834671381073235e+01
2.011160382077793827e+02
1.732558676292769633e+02
1.133960044589222917e+02
1.161008166047549111e+02
1.705535562582595617e+02
9.367546678686784389e+01
1.329966062386945680e+02
1.641034580417588131e+02
1.235504712792090203e+02
9.239172888439415487e+01
1.182071153138584094e+02
1.377695022103847293e+02
7.961657745470883185e+01
1.469194984755736755e+02
1.577494671886950641e+02
1.503373931792694407e+02
1.195872172721041693e+02
1.025734420246347725e+02
9.204270393778699599e+01
8.965409532058994557e+01
8.804324901796829295e+01
8.575917831672875025e+01
1.221911312157963607e+02
9.347673946963416824e+01
1.376519234445225095e+02
8.463394512123002755e+01
9.237667107032572744e+01
1.482567716167544063e+02
8.473903719903866261e+01
7.523196791772794256e+01
8.599250062016425034e+01
8.685585985107617546e+01
1.617106294558766137e+02
1.290221006677242315e+02
8.801007579089375099e+01
7.907092932406703767e+01
1.099141796610772559e+02
1.054977888335007350e+02
9.503922865946701393e+01
7.404942122878567545e+01
9.904336943138677896e+01
1.620526704064560590e+02
9.567038618616021495e+01
9.558815996343335541e+01
1.186407405735498202e+02
1.259293702631506164e+02
9.799120075886811776e+01
2.085394555270755745e+02
1.263845888400861242e+02
1.114701371309678706e+02
1.130417315925289614e+02
1.231631159596976346e+02
1.293549525448732709e+02
1.330953773199698844e+02
1.627754319785593395e+02
8.522997461105353523e+01
9.599936776507321667e+01
1.000004971938323166e+02
1.464335769993964220e+02
8.970657598979302350e+01
1.035514742985958634e+02
1.008088743856828415e+02
9.509069118469679438e+01
1.088996401911312404e+02
9.212981076172047779e+01
8.921341910637799799e+01
1.061862142023958455e+02
9.839660826705369345e+01
1.643992669009975032e+02
1.680796363571852794e+02
1.049204546222948977e+02
1.054058477640381710e+02
9.748667189278837952e+01
1.080831446098942763e+02
1.971082958189199701e+02
1.756171286476713078e+02
1.765768786086204898e+02
8.900659468183519607e+01
7.286029214373439800e+01
9.792912498350796113e+01
8.763744568452682415e+01
1.124632301097264531e+02
1.428706622155258401e+02
1.084065801830168141e+02
1.288043199073782716e+02
1.028233790486617067e+02
1.916764085726882456e+02
1.053974924203223935e+02
1.315575908361157360e+02
1.009195532565341153e+02
9.040839659221541069e+01
8.803723618635537207e+01
1.122972251467868432e+02
9.811197341531007510e+01
