1.173759999999999991e+03
1.124650000000000091e+03
1.187190000000000055e+03
1.157420000000000073e+03
1.252550000000000182e+03
1.105329999999999927e+03
1.186049999999999955e+03
1.090579999999999927e+03
1.099799999999999955e+03
1.265579999999999927e+03
1.302300000000000182e+03
1.235410000000000082e+03
1.253840000000000146e+03
1.131060000000000173e+03
1.116079999999999927e+03
1.209700000000000045e+03
1.201270000000000209e+03
1.259320000000000164e+03
1.101579999999999927e+03
1.314850000000000136e+03
1.251900000000000091e+03
1.179860000000000127e+03
1.115140000000000100e+03
1.212270000000000209e+03
1.104890000000000100e+03
1.218610000000000127e+03
1.196379999999999882e+03
1.194410000000000082e+03
1.232190000000000055e+03
1.140610000000000127e+03
1.222190000000000055e+03
1.087360000000000127e+03
1.114829999999999927e+03
1.176279999999999973e+03
1.177039999999999964e+03
1.274720000000000255e+03
1.130799999999999955e+03
1.261890000000000100e+03
1.309770000000000209e+03
1.279220000000000255e+03
1.340000000000000000e+03
1.161910000000000082e+03
1.174710000000000036e+03
1.195210000000000036e+03
1.222390000000000100e+03
1.184960000000000036e+03
1.121020000000000209e+03
1.235960000000000036e+03
1.183700000000000045e+03
1.104509999999999991e+03
1.135629999999999882e+03
1.254100000000000136e+03
1.198670000000000073e+03
1.259079999999999927e+03
1.128620000000000118e+03
1.211210000000000036e+03
1.155220000000000027e+03
1.205799999999999955e+03
1.160710000000000036e+03
1.189810000000000173e+03
1.197900000000000091e+03
1.221829999999999927e+03
1.243230000000000018e+03
1.219549999999999955e+03
1.144329999999999927e+03
1.242680000000000064e+03
1.120650000000000091e+03
1.163360000000000127e+03
1.182400000000000091e+03
1.157049999999999955e+03
1.240740000000000009e+03
1.094480000000000018e+03
1.285680000000000064e+03
1.122250000000000000e+03
1.230650000000000091e+03
1.310829999999999927e+03
1.218650000000000091e+03
1.112320000000000164e+03
1.144680000000000064e+03
1.227759999999999991e+03
1.064829999999999927e+03
1.148940000000000055e+03
1.246829999999999927e+03
1.180079999999999927e+03
1.121690000000000055e+03
1.145060000000000173e+03
1.252700000000000045e+03
1.133370000000000118e+03
1.174339999999999918e+03
1.142270000000000209e+03
1.172930000000000064e+03
1.200100000000000136e+03
1.157610000000000127e+03
1.206070000000000164e+03
1.299910000000000082e+03
1.215370000000000118e+03
1.253070000000000164e+03
1.235800000000000182e+03
1.215230000000000018e+03
1.244640000000000100e+03
1.213660000000000082e+03
