
# frame count and equilibrium distance between CLm:CL1 and CLm:CL1 in nm, the last line is the average, %d %.6f
1 0.518857
2 0.522858
3 0.527262
4 0.530330
5 0.537756
6 0.538915
7 0.542579
8 0.550575
9 0.545792
10 0.520907
11 0.530380
12 0.533707
13 0.536135
14 0.542157
15 0.541768
16 0.545483
17 0.574007
18 0.571734
19 0.569795
20 0.563189
21 0.558759
22 0.559602
23 0.558255
24 0.559237
25 0.558907
26 0.555551
27 0.553026
28 0.555532
29 0.555086
30 0.555224
31 0.561017
32 0.564519
33 0.559574
34 0.560062
35 0.558026
36 0.556270
37 0.558282
38 0.554723
39 0.555268
40 0.554394
41 0.553327
42 0.554433
43 0.551300
44 0.557086
45 0.558718
46 0.557841
47 0.558437
48 0.559018
49 0.558990
50 0.560688
51 0.556988
52 0.560283
53 0.561448
54 0.560709
55 0.561339
56 0.560305
57 0.561788
58 0.560783
59 0.560662
60 0.561890
61 0.561701
62 0.562006
63 0.560546
64 0.558947
65 0.561137
66 0.561320
67 0.560947
68 0.559922
69 0.559363
70 0.560239
71 0.559930
72 0.558356
73 0.560189
74 0.559200
75 0.560995
76 0.558294
77 0.558878
78 0.559668
79 0.560395
80 0.560474
81 0.556964
82 0.559740
83 0.557823
84 0.559523
85 0.560335
86 0.561176
87 0.559845
88 0.562711
89 0.560627
90 0.559745
91 0.560096
92 0.558507
93 0.561869
94 0.560027
95 0.561448
96 0.560826
97 0.560624
98 0.561023
99 0.561742
100 0.560855
101 0.560307
-1 0.555840
