
# frame count and equilibrium distance between CLm:CL1 and CLm:CL2 in nm, the last line is the average, %d %.6f
1 0.476291
2 0.477249
3 0.478172
4 0.479739
5 0.482966
6 0.483243
7 0.485071
8 0.488091
9 0.485066
10 0.480286
11 0.479377
12 0.481646
13 0.481210
14 0.481362
15 0.483041
16 0.480418
17 0.484829
18 0.485084
19 0.485692
20 0.483928
21 0.482351
22 0.483795
23 0.483746
24 0.484770
25 0.484918
26 0.484762
27 0.483212
28 0.485452
29 0.485157
30 0.484827
31 0.483848
32 0.487057
33 0.484871
34 0.482549
35 0.483940
36 0.486001
37 0.486338
38 0.485005
39 0.484576
40 0.485549
41 0.485158
42 0.485796
43 0.481065
44 0.483810
45 0.484942
46 0.484008
47 0.482700
48 0.483609
49 0.484417
50 0.483624
51 0.483717
52 0.484435
53 0.483334
54 0.483259
55 0.483232
56 0.483111
57 0.484027
58 0.482287
59 0.483700
60 0.483018
61 0.483410
62 0.483465
63 0.483734
64 0.482898
65 0.484091
66 0.484057
67 0.483506
68 0.483388
69 0.483834
70 0.484893
71 0.484677
72 0.483763
73 0.484491
74 0.484956
75 0.485626
76 0.484767
77 0.483811
78 0.485222
79 0.484720
80 0.485003
81 0.484586
82 0.484244
83 0.485725
84 0.484391
85 0.486275
86 0.486195
87 0.485362
88 0.486348
89 0.486385
90 0.485036
91 0.486226
92 0.485024
93 0.485709
94 0.485448
95 0.484823
96 0.485904
97 0.485261
98 0.486917
99 0.484436
100 0.485237
101 0.485663
-1 0.484042
