
# frame count and equilibrium distance between CLm:CL1 and CLm:CL3 in nm, the last line is the average, %d %.6f
1 0.463194
2 0.464420
3 0.466230
4 0.466839
5 0.469084
6 0.468631
7 0.469243
8 0.473338
9 0.471703
10 0.467746
11 0.467771
12 0.467158
13 0.467941
14 0.468172
15 0.468052
16 0.468772
17 0.474193
18 0.474791
19 0.474537
20 0.474451
21 0.471652
22 0.473197
23 0.471519
24 0.469996
25 0.471258
26 0.472079
27 0.469147
28 0.472946
29 0.471635
30 0.470058
31 0.467948
32 0.470923
33 0.469364
34 0.469127
35 0.469451
36 0.467170
37 0.469000
38 0.468973
39 0.468969
40 0.470733
41 0.468206
42 0.469500
43 0.469949
44 0.471137
45 0.472154
46 0.471754
47 0.471702
48 0.472033
49 0.472712
50 0.474394
51 0.470549
52 0.474192
53 0.473493
54 0.474304
55 0.474872
56 0.473653
57 0.473754
58 0.475376
59 0.474688
60 0.475362
61 0.474880
62 0.474170
63 0.473855
64 0.473012
65 0.473841
66 0.473950
67 0.474926
68 0.473746
69 0.473699
70 0.473881
71 0.474007
72 0.473821
73 0.473183
74 0.473849
75 0.474971
76 0.473856
77 0.474150
78 0.475293
79 0.475012
80 0.476160
81 0.472964
82 0.474467
83 0.474481
84 0.474712
85 0.476298
86 0.475700
87 0.475983
88 0.476223
89 0.474141
90 0.473595
91 0.475029
92 0.473728
93 0.475556
94 0.474062
95 0.475388
96 0.472548
97 0.472816
98 0.476333
99 0.475821
100 0.475655
101 0.474372
-1 0.472271
