
# frame count and equilibrium distance between CLm:CL2 and CLm:CL2 in nm, the last line is the average, %d %.6f
1 0.453678
2 0.452713
3 0.455891
4 0.456866
5 0.454699
6 0.455123
7 0.456690
8 0.458626
9 0.457107
10 0.453504
11 0.459725
12 0.456151
13 0.457546
14 0.458755
15 0.457633
16 0.458052
17 0.456343
18 0.456526
19 0.459157
20 0.458421
21 0.458632
22 0.459301
23 0.455850
24 0.455711
25 0.458112
26 0.457423
27 0.455268
28 0.457886
29 0.455878
30 0.454103
31 0.449268
32 0.448886
33 0.452086
34 0.452608
35 0.452157
36 0.452195
37 0.451471
38 0.452817
39 0.453911
40 0.454556
41 0.454858
42 0.453308
43 0.452061
44 0.454077
45 0.453819
46 0.452167
47 0.451701
48 0.451556
49 0.453221
50 0.452830
51 0.450243
52 0.452494
53 0.452242
54 0.452766
55 0.453465
56 0.453400
57 0.454361
58 0.452760
59 0.452476
60 0.454757
61 0.454021
62 0.452424
63 0.453687
64 0.450999
65 0.454396
66 0.455625
67 0.453717
68 0.453722
69 0.455350
70 0.454266
71 0.454635
72 0.453548
73 0.453201
74 0.454291
75 0.453151
76 0.452281
77 0.452322
78 0.452629
79 0.452784
80 0.456404
81 0.451643
82 0.453968
83 0.452833
84 0.454720
85 0.453589
86 0.453859
87 0.454676
88 0.454354
89 0.453100
90 0.453913
91 0.456078
92 0.453424
93 0.454552
94 0.455881
95 0.455728
96 0.454951
97 0.453625
98 0.456458
99 0.456238
100 0.454141
101 0.454295
-1 0.454409
