
# frame count and equilibrium distance between CLm:CL2 and CLm:CL3 in nm, the last line is the average, %d %.6f
1 0.407256
2 0.407276
3 0.408302
4 0.407898
5 0.409294
6 0.409799
7 0.411616
8 0.410881
9 0.411173
10 0.410135
11 0.408666
12 0.408313
13 0.410483
14 0.409711
15 0.411916
16 0.411820
17 0.412584
18 0.411501
19 0.413011
20 0.414356
21 0.410861
22 0.411561
23 0.410494
24 0.408297
25 0.408200
26 0.409937
27 0.409431
28 0.409532
29 0.410153
30 0.409548
31 0.412216
32 0.413723
33 0.413524
34 0.411888
35 0.416520
36 0.414682
37 0.414858
38 0.412634
39 0.414685
40 0.415324
41 0.412386
42 0.411912
43 0.413604
44 0.411938
45 0.410626
46 0.411668
47 0.411992
48 0.413224
49 0.410994
50 0.411110
51 0.412966
52 0.410583
53 0.411579
54 0.412037
55 0.411406
56 0.412024
57 0.410221
58 0.412348
59 0.411689
60 0.411338
61 0.411784
62 0.411130
63 0.411135
64 0.412245
65 0.409938
66 0.411520
67 0.411127
68 0.411293
69 0.410738
70 0.411059
71 0.411753
72 0.411692
73 0.412896
74 0.411303
75 0.411104
76 0.410700
77 0.412543
78 0.411702
79 0.411282
80 0.410556
81 0.411313
82 0.411090
83 0.412573
84 0.411929
85 0.410853
86 0.411919
87 0.410927
88 0.410865
89 0.410125
90 0.411287
91 0.411548
92 0.410444
93 0.411543
94 0.412089
95 0.409918
96 0.411769
97 0.410642
98 0.410577
99 0.411454
100 0.411097
101 0.411021
-1 0.411309
