
# frame count and equilibrium distance between CLm:CL3 and CLm:CL3 in nm, the last line is the average, %d %.6f
1 0.441931
2 0.442686
3 0.446053
4 0.446965
5 0.447648
6 0.448834
7 0.449355
8 0.450590
9 0.452024
10 0.442289
11 0.446940
12 0.447009
13 0.449191
14 0.452476
15 0.449035
16 0.452060
17 0.447967
18 0.452317
19 0.452715
20 0.453232
21 0.452896
22 0.455156
23 0.453220
24 0.452236
25 0.453373
26 0.453467
27 0.448798
28 0.451822
29 0.451650
30 0.448051
31 0.445444
32 0.450631
33 0.447304
34 0.448731
35 0.447901
36 0.445088
37 0.448036
38 0.446522
39 0.449552
40 0.449507
41 0.447756
42 0.449539
43 0.444209
44 0.444683
45 0.448288
46 0.447824
47 0.445803
48 0.444479
49 0.447832
50 0.446909
51 0.444268
52 0.447270
53 0.446375
54 0.446148
55 0.447960
56 0.447056
57 0.447938
58 0.450247
59 0.447229
60 0.449687
61 0.448648
62 0.448517
63 0.448398
64 0.447831
65 0.451139
66 0.448826
67 0.450714
68 0.448831
69 0.450538
70 0.449934
71 0.448976
72 0.448422
73 0.446363
74 0.448270
75 0.449574
76 0.449332
77 0.448530
78 0.449447
79 0.450458
80 0.447672
81 0.447158
82 0.450992
83 0.446369
84 0.448185
85 0.450738
86 0.450228
87 0.450128
88 0.449691
89 0.447094
90 0.449152
91 0.450215
92 0.447167
93 0.449170
94 0.448705
95 0.450331
96 0.448376
97 0.449893
98 0.452767
99 0.451806
100 0.451930
101 0.449950
-1 0.448838
