# Time-averaged data for fix forceanddisplacementstretch
# TimeStep f_stretch[1] f_stretch[2] f_stretch[3] f_stretch[4] f_stretch[5] f_stretch[6] f_stretch[7]
0 0 0 0 0 48.0775 48.0779 0
100 0.00969569 -1.37454 0.0749333 1.37661 48.0375 48.0955 0.0273479
200 0.00719474 -0.993068 0.0544317 0.994583 47.9975 48.0395 0.0828026
300 0.00565097 -0.802453 0.0439526 0.803674 47.9575 47.9915 0.116227
400 0.0162199 -3.08195 0.169349 3.08664 47.9175 48.0471 0.186945
500 0.0362631 -6.17408 0.335461 6.18329 47.8775 48.1366 0.376921
600 0.0420759 -6.55636 0.362246 6.56649 47.8375 48.1127 0.6399
700 0.0521344 -7.4021 0.418859 7.41412 47.7975 48.1081 0.915979
800 0.0423138 -8.43747 0.469301 8.45061 47.7575 48.1115 1.23928
900 0.0492368 -8.97009 0.499381 8.98411 47.7175 48.0938 1.59489
1000 0.0662253 -9.71335 0.545994 9.7289 47.6775 48.085 1.96725
1100 0.0549134 -7.36968 0.412187 7.38139 47.6375 47.9468 2.31487
1200 0.0441377 -5.97801 0.332276 5.98739 47.5975 47.8484 2.57907
1300 0.0746261 -9.42686 0.509573 9.44088 47.5575 47.9529 2.88174
1400 0.0713835 -10.9603 0.602321 10.9771 47.5175 47.9772 3.30657
1500 0.0628936 -8.56323 0.474537 8.57659 47.4775 47.8368 3.70171
1600 0.0616434 -7.97973 0.436482 7.99188 47.4375 47.7723 4.01898
1700 0.0671235 -8.74456 0.48426 8.75821 47.3975 47.7644 4.36283
1800 0.0681147 -9.06226 0.508439 9.07676 47.3575 47.7377 4.70989
1900 0.0850674 -8.22722 0.462914 8.24059 47.3175 47.6627 5.07086
2000 0.0921976 -7.60158 0.433803 7.61435 47.2775 47.5965 5.37924
2100 0.102156 -8.28564 0.459893 8.29885 47.2375 47.5851 5.68778
2200 0.129113 -10.2025 0.581558 10.2197 47.1975 47.6255 6.06322
2300 0.119353 -10.4749 0.581885 10.4916 47.1575 47.5969 6.48732
2400 0.10776 -9.9289 0.552032 9.9447 47.1175 47.534 6.89122
2500 0.0969834 -9.66088 0.531168 9.67587 47.0775 47.4828 7.28576
2600 0.0802348 -9.16441 0.511474 9.17898 47.0375 47.422 7.65814
2700 0.10566 -10.7238 0.597331 10.7409 46.9975 47.4473 8.05728
2800 0.117848 -10.5508 0.584704 10.5675 46.9575 47.4001 8.48787
2900 0.113664 -10.4685 0.588039 10.4855 46.9175 47.3566 8.91581
3000 0.0956325 -10.0109 0.57597 10.0278 46.8775 47.2975 9.31688
3100 0.117498 -11.0729 0.6319 11.0914 46.8375 47.302 9.74071
3200 0.13934 -13.0945 0.739598 13.116 46.7975 47.3467 10.2153
3300 0.154495 -14.8553 0.833615 14.8794 46.7575 47.3805 10.7756
3400 0.144305 -16.9404 0.960032 16.9682 46.7175 47.4279 11.4119
3500 0.143582 -18.7043 1.04244 18.7339 46.6775 47.4618 12.1288
3600 0.166869 -18.3897 1.01146 18.4181 46.6375 47.4085 12.8738
3700 0.146058 -17.9798 0.996846 18.0079 46.5975 47.3514 13.5997
3800 0.152534 -17.973 1.00492 18.0016 46.5575 47.3111 14.3196
3900 0.166138 -20.2696 1.136 20.302 46.5175 47.3674 15.0826
4000 0.182267 -22.5092 1.24718 22.5444 46.4775 47.4212 15.9284
4100 0.211753 -23.8618 1.34917 23.9007 46.4375 47.4379 16.8611
4200 0.15512 -24.1203 1.38494 24.1605 46.3975 47.4088 17.8227
4300 0.108981 -24.6301 1.397 24.6699 46.3575 47.3901 18.7908
4400 0.104498 -26.8709 1.51757 26.9138 46.3175 47.444 19.8218
4500 0.105629 -25.7927 1.45126 25.8337 46.2775 47.3588 20.9003
4600 0.0927246 -21.8108 1.24416 21.8464 46.2375 47.152 21.8446
4700 0.10141 -22.3013 1.23842 22.3358 46.1975 47.1325 22.7121
4800 0.140966 -24.6601 1.35073 24.6975 46.1575 47.1913 23.6514
4900 0.148417 -26.5129 1.48876 26.555 46.1175 47.229 24.6783
5000 0.143052 -27.0968 1.53835 27.1408 46.0775 47.2135 25.7561
5100 0.163836 -27.0298 1.52921 27.0735 46.0375 47.1707 26.8381
5200 0.102064 -26.8942 1.52209 26.9374 45.9975 47.125 27.9082
5300 0.117439 -28.0291 1.61795 28.0759 45.9575 47.1326 29.0126
5400 0.143995 -28.0448 1.61825 28.0918 45.9175 47.0933 30.1374
5500 0.11309 -26.8713 1.51037 26.9139 45.8775 47.004 31.24
5600 0.14376 -25.3134 1.42873 25.3541 45.8375 46.8987 32.2907
5700 0.14519 -24.165 1.36961 24.2042 45.7975 46.8106 33.27
5800 0.155499 -24.4339 1.38108 24.4734 45.7575 46.7819 34.2437
5900 0.162035 -24.8288 1.38384 24.8679 45.7175 46.7584 35.2217
6000 0.12453 -26.5091 1.48811 26.5512 45.6775 46.7888 36.2476
6100 0.136699 -27.1988 1.55657 27.2437 45.6375 46.7778 37.3242
6200 0.172127 -28.0626 1.60849 28.1092 45.5975 46.774 38.4319
6300 0.182376 -27.384 1.566 27.4294 45.5575 46.7056 39.5449
6400 0.171127 -27.0097 1.56432 27.0555 45.5175 46.6499 40.6308
6500 0.162253 -26.6063 1.5426 26.6514 45.4775 46.593 41.7079
6600 0.232976 -26.4695 1.54993 26.5156 45.4375 46.5474 42.7694
6700 0.297086 -29.3371 1.6461 29.3845 45.3975 46.6274 43.8798
6800 0.295882 -30.635 1.72447 30.6847 45.3575 46.6418 45.0867
6900 0.277711 -33.4408 1.89384 33.4955 45.3175 46.7194 46.3555
7000 0.327971 -37.7772 2.11917 37.8379 45.2775 46.8611 47.7921
7100 0.34797 -38.168 2.1305 38.2288 45.2375 46.8374 49.3194
7200 0.320309 -34.7086 1.97686 34.7661 45.1975 46.6526 50.7861
7300 0.290741 -34.4434 1.98873 34.5018 45.1575 46.6015 52.1452
7400 0.282051 -36.4714 2.1094 36.5334 45.1175 46.6465 53.5732
7500 0.332877 -37.6003 2.14132 37.6625 45.0775 46.6538 55.0545
7600 0.392818 -39.002 2.25624 39.0687 45.0375 46.6726 56.5903
7700 0.360431 -39.1425 2.27556 39.21 44.9975 46.6385 58.1541
7800 0.288478 -40.3051 2.29969 40.3717 44.9575 46.6471 59.7523
7900 0.303946 -41.4396 2.33766 41.5066 44.9175 46.6546 61.3875
8000 0.311003 -44.3613 2.51142 44.4334 44.8775 46.737 63.1054
8100 0.306647 -45.7146 2.56067 45.7873 44.8375 46.7537 64.9242
8200 0.351343 -44.848 2.56185 44.9224 44.7975 46.6775 66.7376
8300 0.307896 -44.2279 2.46729 44.2977 44.7575 46.6114 68.5226
8400 0.322674 -43.5444 2.50647 43.6176 44.7175 46.5429 70.2756
8500 0.306984 -43.5902 2.53041 43.6645 44.6775 46.5049 72.024
8600 0.261286 -43.9585 2.53035 44.032 44.6375 46.4803 73.7666
8700 0.225919 -44.8308 2.58135 44.9055 44.5975 46.4768 75.5493
8800 0.244887 -45.834 2.64817 45.911 44.5575 46.4789 77.3674
8900 0.226959 -46.5411 2.70003 46.6198 44.5175 46.4685 79.2213
9000 0.19492 -44.3266 2.51327 44.3982 44.4775 46.3356 81.0443
9100 0.176484 -43.249 2.46256 43.3193 44.4375 46.2504 82.7838
9200 0.198228 -42.714 2.4591 42.7851 44.3975 46.1881 84.5005
9300 0.200195 -41.5024 2.38178 41.5711 44.3575 46.0973 86.2015
9400 0.136213 -38.6639 2.22398 38.7279 44.3175 45.9383 87.7951
9500 0.103689 -41.4349 2.3972 41.504 44.2775 46.0145 89.3832
9600 0.133463 -45.3778 2.65252 45.4551 44.2375 46.1398 91.1326
9700 0.200407 -46.2959 2.73888 46.377 44.1975 46.1384 92.9814
9800 0.21356 -46.2268 2.66847 46.3041 44.1575 46.0953 94.847
9900 0.125683 -44.8065 2.62336 44.8831 44.1175 45.9959 96.6711
10000 0.14368 -44.9233 2.65106 45.0013 44.0775 45.9608 98.4702
10100 0.172625 -45.526 2.63061 45.6021 44.0375 45.946 100.277
10200 0.215418 -45.3844 2.60161 45.4593 43.9975 45.9 102.104
10300 0.203804 -45.6293 2.60264 45.7038 43.9575 45.8702 103.925
10400 0.171769 -46.581 2.72473 46.6607 43.9175 45.8702 105.775
10500 0.184844 -46.7593 2.6839 46.8365 43.8775 45.8376 107.641
10600 0.183095 -48.6941 2.81052 48.7753 43.8375 45.8787 109.554
10700 0.178323 -51.3651 3.00067 51.4527 43.7975 45.9508 111.559
10800 0.177408 -52.3806 3.09307 52.4717 43.7575 45.9534 113.642
10900 0.33193 -53.6612 3.12728 53.7531 43.7175 45.967 115.755
11000 0.308608 -55.0306 3.21416 55.1251 43.6775 45.9844 117.933
11100 0.342383 -55.5164 3.23405 55.6114 43.6375 45.9647 120.156
11200 0.307351 -56.154 3.30747 56.2519 43.5975 45.9516 122.39
11300 0.307566 -57.5519 3.28849 57.6465 43.5575 45.9699 124.668
11400 0.38712 -58.6372 3.33404 58.7331 43.5175 45.9754 127.003
11500 0.435863 -59.855 3.45616 59.9561 43.4775 45.9865 129.373
11600 0.391994 -61.8033 3.53765 61.9057 43.4375 46.0281 131.82
11700 0.340406 -62.8814 3.5982 62.9852 43.3975 46.0333 134.32
11800 0.498316 -62.3126 3.62445 62.4196 43.3575 45.9696 136.836
11900 0.593881 -61.0645 3.61608 61.1736 43.3175 45.8775 139.305
12000 0.508158 -61.384 3.63226 61.493 43.2775 45.8509 141.758
12100 0.346423 -60.2769 3.50454 60.3796 43.2375 45.7643 144.205
12200 0.408433 -60.687 3.55035 60.7919 43.1975 45.7415 146.617
12300 0.46391 -61.277 3.6236 61.3854 43.1575 45.7263 149.056
12400 0.456182 -62.6653 3.61926 62.7713 43.1175 45.7443 151.541
12500 0.397541 -62.6056 3.60964 62.7108 43.0775 45.7018 154.066
12600 0.364053 -62.2646 3.5768 62.3683 43.0375 45.6475 156.556
12700 0.378059 -62.7832 3.65411 62.8904 42.9975 45.6293 159.067
12800 0.392668 -61.6192 3.60933 61.7259 42.9575 45.5406 161.553
12900 0.438108 -61.9131 3.60046 62.0191 42.9175 45.5129 164.026
13000 0.487261 -61.5484 3.64091 61.6575 42.8775 45.4577 166.505
13100 0.421113 -60.8162 3.66768 60.9276 42.8375 45.3872 168.959
13200 0.397543 -61.587 3.65693 61.6964 42.7975 45.3794 171.408
13300 0.338019 -61.4873 3.63346 61.5952 42.7575 45.3351 173.879
13400 0.27955 -61.1967 3.59323 61.3025 42.7175 45.2829 176.338
13500 0.298804 -61.3206 3.62081 61.4279 42.6775 45.2481 178.785
13600 0.29914 -61.4009 3.59472 61.5066 42.6375 45.2114 181.244
13700 0.245632 -62.3905 3.60301 62.4947 42.5975 45.2128 183.72
13800 0.184804 -63.1274 3.71529 63.2364 42.5575 45.2038 186.234
13900 0.230239 -62.8417 3.68542 62.9498 42.5175 45.1518 188.769
14000 0.224507 -62.6968 3.75256 62.8088 42.4775 45.1059 191.274
14100 0.188108 -64.8658 3.84753 64.9795 42.4375 45.1567 193.816
14200 -0.0421733 -68.8052 4.11876 68.9264 42.3975 45.2819 196.504
14300 0.0568265 -68.8147 4.18028 68.94 42.3575 45.2425 199.268
14400 0.119439 -69.6921 4.10033 69.8119 42.3175 45.2389 202.034
14500 0.173985 -72.0345 4.26165 72.1598 42.2775 45.2972 204.879
14600 0.103382 -72.7802 4.25191 72.9034 42.2375 45.2883 207.783
14700 0.189211 -73.097 4.30265 73.2231 42.1975 45.2617 210.717
14800 0.210272 -73.3388 4.29325 73.4641 42.1575 45.2317 213.644
14900 0.259256 -72.2006 4.18378 72.3218 42.1175 45.1439 216.568
15000 0.213207 -74.9131 4.43172 75.0436 42.0775 45.2178 219.5
15100 0.189121 -77.4232 4.5945 77.5587 42.0375 45.2831 222.562
15200 0.109167 -77.6542 4.5609 77.7871 41.9975 45.2526 225.673
15300 0.108495 -78.5437 4.69448 78.6826 41.9575 45.2501 228.8
15400 0.129449 -78.9477 4.70638 79.0867 41.9175 45.227 231.954
15500 0.190343 -78.8966 4.70517 79.036 41.8775 45.1849 235.124
15600 0.256037 -79.1615 4.66097 79.2984 41.8375 45.1559 238.283
15700 0.216258 -80.6067 4.66804 80.7415 41.7975 45.1762 241.475
15800 0.378461 -79.9448 4.72865 80.085 41.7575 45.1088 244.699
15900 0.440543 -80.6287 4.71124 80.7672 41.7175 45.0973 247.902
16000 0.345185 -81.1277 4.70426 81.2644 41.6775 45.0781 251.15
16100 0.362036 -79.0244 4.67517 79.1629 41.6375 44.9502 254.358
16200 0.386111 -79.9211 4.80867 80.0658 41.5975 44.948 257.536
16300 0.541077 -79.8025 4.76105 79.9457 41.5575 44.9029 260.743
16400 0.575157 -79.1363 4.74077 79.2796 41.5175 44.8351 263.934
16500 0.514063 -78.0751 4.67665 78.2161 41.4775 44.7506 267.083
16600 0.585194 -77.4802 4.72639 77.6254 41.4375 44.6859 270.2
16700 0.539572 -78.8569 4.68317 78.9972 41.3975 44.7032 273.326
16800 0.540154 -79.3193 4.69669 79.4597 41.3575 44.6826 276.503
16900 0.477254 -79.2832 4.69888 79.4234 41.3175 44.6411 279.674
17000 0.477861 -79.8002 4.75595 79.9427 41.2775 44.6228 282.866
17100 0.444741 -79.7864 4.73434 79.9275 41.2375 44.5822 286.05
17200 0.399861 -80.7708 4.8096 80.9143 41.1975 44.5835 289.273
17300 0.425164 -81.3213 4.90098 81.4692 41.1575 44.5667 292.519
17400 0.536727 -80.9639 4.91934 81.114 41.1175 44.5118 295.769
17500 0.572243 -81.4354 4.87134 81.5824 41.0775 44.4914 299.022
17600 0.518043 -82.1137 4.98205 82.2654 41.0375 44.48 302.299
17700 0.559989 -83.6067 5.05986 83.7607 40.9975 44.5026 305.61
17800 0.443028 -84.3993 5.10553 84.5539 40.9575 44.4958 308.981
17900 0.411005 -85.7941 5.08598 85.9452 40.9175 44.514 312.387
18000 0.392079 -87.371 5.19121 87.5254 40.8775 44.5401 315.86
18100 0.318004 -87.7333 5.2525 87.8901 40.8375 44.5154 319.372
18200 0.26348 -88.288 5.27338 88.4448 40.7975 44.4986 322.894
18300 0.135727 -89.8651 5.29838 90.02 40.7575 44.5245 326.464
18400 0.192603 -90.82 5.4188 90.9805 40.7175 44.5247 330.086
18500 0.129495 -92.6858 5.60425 92.8533 40.6775 44.5631 333.756
18600 0.0789893 -93.5963 5.65889 93.7651 40.6375 44.5612 337.503
18700 0.0886195 -93.4293 5.6095 93.5957 40.5975 44.5141 341.243
18800 -0.0471116 -94.8298 5.73614 95.0003 40.5575 44.5329 345.015
18900 0.0358325 -96.7335 5.86033 96.9084 40.5175 44.5728 348.851
19000 -0.00510839 -96.2996 5.77678 96.4703 40.4775 44.5144 352.722
19100 -0.00482366 -96.0558 5.74753 96.2252 40.4375 44.4642 356.574
19200 0.0488446 -95.7661 5.689 95.933 40.3975 44.4119 360.417
19300 0.0885382 -96.4522 5.75552 96.622 40.3575 44.4007 364.262
19400 0.0793692 -97.348 5.79595 97.5185 40.3175 44.3983 368.149
19500 0.129259 -97.4336 5.80723 97.6049 40.2775 44.3619 372.055
19600 0.167438 -97.4548 5.8946 97.6313 40.2375 44.323 375.951
19700 0.201962 -97.5001 5.96061 97.6804 40.1975 44.285 379.86
19800 0.148644 -97.627 5.902 97.8035 40.1575 44.2502 383.758
19900 0.000616216 -98.7825 6.02557 98.9632 40.1175 44.2587 387.694
20000 -0.0311526 -98.2539 5.97315 98.4323 40.0775 44.1965 391.647
20100 0.0776426 -96.4591 5.93574 96.6389 40.0375 44.0815 395.546
20200 0.163309 -96.5999 5.80907 96.7729 39.9975 44.0471 399.417
20300 0.197605 -96.3676 5.68919 96.5345 39.9575 43.9971 403.285
20400 0.277966 -96.509 5.86219 96.6858 39.9175 43.9634 407.154
20500 0.260438 -96.9281 5.94459 97.1088 39.8775 43.9411 411.018
20600 0.349072 -97.3974 5.86279 97.5732 39.8375 43.9205 414.914
20700 0.497883 -96.7861 5.8886 96.9653 39.7975 43.8551 418.808
20800 0.5538 -96.8814 5.97763 97.0656 39.7575 43.8193 422.687
20900 0.555785 -98.1228 6.06081 98.3098 39.7175 43.8314 426.596
21000 0.547922 -97.8662 6.01947 98.0512 39.6775 43.7805 430.532
21100 0.628567 -98.6662 6.03262 98.8512 39.6375 43.774 434.454
21200 0.647546 -101.228 6.16672 101.417 39.5975 43.8413 438.478
21300 0.603968 -101.098 6.13536 101.285 39.5575 43.7958 442.53
21400 0.633077 -103.304 6.23837 103.494 39.5175 43.8482 446.607
21500 0.524439 -105.851 6.33723 106.041 39.4775 43.9148 450.8
21600 0.506665 -105.929 6.34316 106.119 39.4375 43.8781 455.047
21700 0.487299 -105.914 6.49702 106.113 39.3975 43.8378 459.282
21800 0.403101 -107.091 6.42104 107.283 39.3575 43.8468 463.545
21900 0.370688 -107.848 6.63255 108.051 39.3175 43.8389 467.852
22000 0.467886 -108.789 6.7419 108.997 39.2775 43.8385 472.2
22100 0.358084 -109.892 6.74827 110.098 39.2375 43.8446 476.576
22200 0.474238 -108.745 6.68856 108.95 39.1975 43.7565 480.953
22300 0.582932 -110.141 6.7185 110.346 39.1575 43.775 485.33
22400 0.481935 -112.26 6.80323 112.466 39.1175 43.8236 489.8
22500 0.342248 -112.864 6.84231 113.07 39.0775 43.809 494.313
22600 0.297058 -114.92 6.8917 115.125 39.0375 43.8549 498.861
22700 0.372651 -115.544 6.97689 115.754 38.9975 43.8412 503.488
22800 0.427904 -114.898 6.97538 115.109 38.9575 43.7742 508.108
22900 0.283966 -114.72 6.98215 114.93 38.9175 43.7268 512.702
23000 -0.0388386 -116.021 7.10244 116.234 38.8775 43.7414 517.327
23100 -0.0899227 -116.187 7.17854 116.404 38.8375 43.7085 521.978
23200 -0.0815259 -114.895 7.1057 115.11 38.7975 43.6144 526.607
23300 -0.127432 -115.535 7.03829 115.745 38.7575 43.601 531.222
23400 -0.0721019 -115.261 7.11987 115.476 38.7175 43.5497 535.848
23500 -0.130068 -114.741 7.06523 114.954 38.6775 43.4879 540.451
23600 -0.12894 -115.017 6.97072 115.224 38.6375 43.4592 545.055
23700 0.0836562 -113.954 6.92604 114.161 38.5975 43.3746 549.66
23800 0.0357232 -111.743 6.86743 111.951 38.5575 43.2422 554.17
23900 -0.0294693 -112.382 6.98951 112.595 38.5175 43.2292 558.654
24000 0.0119817 -113.355 7.06457 113.571 38.4775 43.23 563.181
24100 0.0944407 -114.373 6.99974 114.584 38.4375 43.2323 567.736
24200 0.21466 -115.684 7.20718 115.906 38.3975 43.2476 572.353
24300 0.239562 -116.972 7.26372 117.194 38.3575 43.2616 577.014
24400 0.0923031 -115.885 7.20461 116.105 38.3175 43.176 581.685
24500 0.0125028 -115.987 7.12922 116.202 38.2775 43.1401 586.316
24600 -0.103167 -118.568 7.2859 118.788 38.2375 43.2083 591.015
24700 0.0332923 -117.746 7.35946 117.972 38.1975 43.1342 595.761
24800 0.302563 -116.358 7.1943 116.578 38.1575 43.0358 600.436
24900 0.170354 -119.035 7.29739 119.256 38.1175 43.1078 605.154
25000 0.0697311 -120.531 7.50215 120.761 38.0775 43.1308 609.964
