# step_count,fitted_elastic_modulus,elastic_modulus_match_degree,average_persistence_length,persistence_length_match_degree,average_end_to_end_distance,end_to_end_distance_match_degree,system_stable_enough_switch,fracture_average_direction_angle_match_degree,fracture_rotation_angle_match_degree,max_stress_match_degree,max_strain_energy_match_degree,equivalent_strain_match_degree,reward_value
1.000000e+00,2.607829e+03,9.479816e-01,1.120289e+01,6.633766e-01,9.176862e+00,8.987810e-01,1.000000e+00,5.276659e-01,5.671438e-01,4.722967e-01,6.677290e-01,8.103093e-01,6.697719e+01
2.000000e+00,2.610486e+03,9.402848e-01,1.125315e+01,6.112833e-01,9.188795e+00,8.791190e-01,1.000000e+00,1.000000e+00,1.000000e+00,6.525903e-01,2.990742e-01,2.812936e-01,6.186816e+01
3.000000e+00,2.603583e+03,9.642062e-01,9.935646e+00,7.292565e-01,9.086461e+00,9.055343e-01,1.000000e+00,2.427442e-01,2.466851e-01,7.885886e-01,4.326273e-01,4.273629e-01,6.532150e+01
4.000000e+00,2.601738e+03,9.748005e-01,9.865516e+00,7.350577e-01,9.094293e+00,8.789648e-01,1.000000e+00,2.474759e-01,2.499906e-01,7.793002e-01,3.877480e-01,6.045198e-01,6.430073e+01
5.000000e+00,2.605333e+03,9.566712e-01,1.035002e+01,7.017356e-01,9.125458e+00,8.892932e-01,1.000000e+00,1.000000e+00,1.000000e+00,6.484490e-01,8.099567e-01,9.708276e-01,8.363684e+01
6.000000e+00,2.604785e+03,9.588654e-01,1.134460e+01,6.115354e-01,9.163491e+00,8.928381e-01,1.000000e+00,9.377055e-01,1.000000e+00,7.041013e-01,7.174814e-01,9.072200e-01,8.129622e+01
7.000000e+00,2.605201e+03,9.571886e-01,1.098813e+01,5.978817e-01,9.179677e+00,8.706340e-01,1.000000e+00,2.485555e-01,2.502586e-01,7.676059e-01,4.441338e-01,5.786366e-01,6.492666e+01
8.000000e+00,2.601524e+03,9.763612e-01,1.010729e+01,7.332544e-01,9.107216e+00,9.015117e-01,1.000000e+00,1.000000e+00,1.000000e+00,6.376459e-01,5.223635e-01,7.278125e-01,7.229503e+01
9.000000e+00,2.601780e+03,9.745029e-01,1.028798e+01,6.691820e-01,9.071615e+00,9.071968e-01,1.000000e+00,3.068104e-01,3.159988e-01,7.238090e-01,3.150610e-01,3.863776e-01,5.916079e+01
1.000000e+01,2.607385e+03,9.494020e-01,1.043796e+01,7.058689e-01,9.114963e+00,9.093201e-01,1.000000e+00,1.000000e+00,1.000000e+00,7.690509e-01,5.097265e-01,4.089902e-01,7.462512e+01
1.100000e+01,2.605109e+03,9.575537e-01,1.022176e+01,7.454815e-01,9.110095e+00,8.859820e-01,1.000000e+00,2.451425e-01,2.496981e-01,8.715155e-01,6.507309e-01,8.870356e-01,7.813309e+01
1.200000e+01,2.600762e+03,9.831639e-01,1.155368e+01,5.770958e-01,9.220897e+00,8.620675e-01,8.196918e-01,2.468104e-01,2.465284e-01,9.073051e-01,6.125856e-01,6.730221e-01,7.523808e+01
1.300000e+01,2.601346e+03,9.777512e-01,1.107661e+01,6.562837e-01,9.163035e+00,9.040249e-01,1.000000e+00,8.240556e-01,1.000000e+00,5.581507e-01,5.681779e-01,7.730122e-01,7.009714e+01
1.400000e+01,2.600910e+03,9.816389e-01,1.148102e+01,6.004464e-01,9.212019e+00,8.697968e-01,1.000000e+00,7.081123e-01,1.000000e+00,5.108297e-01,2.480508e-01,2.685048e-01,5.370331e+01
1.500000e+01,2.603973e+03,9.623802e-01,1.026311e+01,6.729614e-01,9.112156e+00,9.240343e-01,7.422706e-01,2.435461e-01,2.475543e-01,5.459249e-01,3.792690e-01,4.395859e-01,5.354345e+01
1.600000e+01,2.601737e+03,9.748049e-01,9.408912e+00,7.309093e-01,9.052542e+00,8.707030e-01,1.000000e+00,4.318816e-01,4.698854e-01,3.381489e-01,3.845827e-01,6.430448e-01,5.090175e+01
1.700000e+01,2.601759e+03,9.746513e-01,9.935306e+00,7.741856e-01,9.094107e+00,8.895428e-01,1.000000e+00,5.428282e-01,5.754257e-01,5.422749e-01,4.730764e-01,7.959703e-01,6.330031e+01
1.800000e+01,2.606140e+03,9.536576e-01,9.804224e+00,7.624065e-01,9.093424e+00,8.934738e-01,1.000000e+00,7.784636e-01,1.000000e+00,4.673183e-01,4.763516e-01,8.141749e-01,6.403933e+01
1.900000e+01,2.603336e+03,9.654186e-01,1.027728e+01,7.523231e-01,9.093666e+00,9.033486e-01,1.000000e+00,5.008865e-01,5.280958e-01,3.516698e-01,4.108621e-01,4.974223e-01,5.242609e+01
2.000000e+01,2.604892e+03,9.584264e-01,1.082709e+01,5.947566e-01,9.169566e+00,8.707308e-01,1.000000e+00,2.485897e-01,2.487596e-01,5.951892e-01,3.906455e-01,3.673865e-01,5.594746e+01
2.100000e+01,2.600909e+03,9.816406e-01,1.015884e+01,6.977899e-01,9.118938e+00,8.758585e-01,9.495655e-01,2.445748e-01,2.465641e-01,7.354649e-01,4.449962e-01,4.788678e-01,6.369044e+01
2.200000e+01,2.604875e+03,9.584973e-01,1.015610e+01,7.293263e-01,9.113540e+00,8.888642e-01,1.000000e+00,4.423619e-01,4.570851e-01,3.502866e-01,4.729245e-01,6.712915e-01,5.454952e+01
2.300000e+01,2.603840e+03,9.629892e-01,1.079025e+01,6.374272e-01,9.155669e+00,8.892610e-01,1.000000e+00,1.000000e+00,1.000000e+00,6.340051e-01,4.718376e-01,5.552373e-01,6.892907e+01
2.400000e+01,2.598610e+03,9.773968e-01,1.095627e+01,6.534958e-01,9.156148e+00,9.079161e-01,1.000000e+00,1.000000e+00,1.000000e+00,7.950124e-01,4.664053e-01,5.622222e-01,7.465478e+01
2.500000e+01,2.599093e+03,9.816681e-01,1.114841e+01,6.113324e-01,9.189708e+00,8.750461e-01,8.779769e-01,5.776143e-01,5.869726e-01,4.549511e-01,6.194891e-01,8.570359e-01,6.444364e+01
2.600000e+01,2.604973e+03,9.580995e-01,9.891788e+00,7.430717e-01,9.067910e+00,8.951175e-01,1.000000e+00,1.000000e+00,1.000000e+00,7.671054e-01,5.303299e-01,6.858378e-01,7.682087e+01
2.700000e+01,2.608483e+03,9.459665e-01,1.101004e+01,6.294068e-01,9.175179e+00,8.832001e-01,1.000000e+00,7.178854e-01,1.000000e+00,4.744880e-01,6.019510e-01,8.530620e-01,6.782297e+01
2.800000e+01,2.602451e+03,9.702115e-01,1.025120e+01,7.563664e-01,9.092463e+00,8.903538e-01,1.000000e+00,4.501725e-01,4.664188e-01,5.569123e-01,2.943649e-01,5.396087e-01,5.516036e+01
2.900000e+01,2.606490e+03,9.524170e-01,1.135750e+01,6.389159e-01,9.188859e+00,8.859809e-01,6.660901e-01,2.405898e-01,2.452077e-01,5.662349e-01,3.862699e-01,5.512284e-01,5.423982e+01
3.000000e+01,2.607421e+03,9.492855e-01,9.492862e+00,7.173723e-01,9.014204e+00,8.772587e-01,1.000000e+00,4.413157e-01,4.542136e-01,3.707569e-01,4.465674e-01,6.319718e-01,5.396344e+01
3.100000e+01,2.601286e+03,9.782478e-01,1.082317e+01,6.858784e-01,9.153093e+00,9.128180e-01,1.000000e+00,6.476334e-01,6.972134e-01,4.682572e-01,2.238329e-01,2.279252e-01,4.997174e+01
3.200000e+01,2.604686e+03,9.592761e-01,1.016406e+01,7.432020e-01,9.100287e+00,8.855268e-01,7.567685e-01,1.000000e+00,1.000000e+00,8.249901e-01,6.399331e-01,6.186805e-01,8.108958e+01
3.300000e+01,2.599255e+03,9.833558e-01,9.235300e+00,7.001480e-01,9.047893e+00,8.464201e-01,1.000000e+00,8.126352e-01,7.763529e-01,3.570892e-01,4.251803e-01,5.068773e-01,5.550838e+01
3.400000e+01,2.598109e+03,9.737388e-01,1.040839e+01,6.425380e-01,9.147350e+00,8.775554e-01,1.000000e+00,7.896348e-01,7.958602e-01,4.356047e-01,3.620928e-01,6.942196e-01,5.678715e+01
3.500000e+01,2.604553e+03,9.598332e-01,1.013090e+01,7.089011e-01,9.109519e+00,8.753871e-01,1.000000e+00,1.000000e+00,1.000000e+00,6.290720e-01,4.388403e-01,4.376563e-01,6.728582e+01
3.600000e+01,2.601872e+03,9.738684e-01,9.944897e+00,7.656857e-01,9.093261e+00,8.811864e-01,1.000000e+00,2.437624e-01,2.483873e-01,6.268367e-01,3.700780e-01,4.222364e-01,5.756765e+01
3.700000e+01,2.605103e+03,9.575790e-01,9.975799e+00,7.240767e-01,9.099684e+00,8.735377e-01,1.000000e+00,5.471503e-01,5.812186e-01,4.504310e-01,3.561674e-01,3.150795e-01,5.322415e+01
3.800000e+01,2.599611e+03,9.879226e-01,1.001366e+01,6.746356e-01,9.107119e+00,8.646516e-01,6.563722e-01,6.175505e-01,7.933443e-01,8.435969e-01,4.556723e-01,6.631413e-01,7.176251e+01
3.900000e+01,2.600612e+03,9.848901e-01,1.073908e+01,6.723672e-01,9.158661e+00,9.016544e-01,1.000000e+00,6.280710e-01,5.620381e-01,5.985923e-01,4.677341e-01,4.232435e-01,6.318275e+01
4.000000e+01,2.609488e+03,9.430312e-01,1.032204e+01,6.739462e-01,9.120425e+00,8.812224e-01,1.000000e+00,5.533609e-01,5.963333e-01,4.226686e-01,4.223409e-01,2.077445e-01,5.385353e+01
4.100000e+01,2.601348e+03,9.777339e-01,9.780034e+00,8.269894e-01,9.036258e+00,8.859240e-01,1.000000e+00,7.205753e-01,1.000000e+00,4.402569e-01,5.227681e-01,8.283451e-01,6.490371e+01
4.200000e+01,2.603487e+03,9.646702e-01,1.008632e+01,6.675084e-01,9.078637e+00,9.121140e-01,1.000000e+00,2.451315e-01,2.494706e-01,8.191455e-01,4.784037e-01,7.735713e-01,6.947655e+01
4.300000e+01,2.604837e+03,9.586532e-01,9.849681e+00,7.779107e-01,9.072885e+00,8.940878e-01,1.000000e+00,6.612521e-01,5.109583e-01,6.534262e-01,4.276412e-01,5.105850e-01,6.440459e+01
4.400000e+01,2.607941e+03,9.476297e-01,1.075061e+01,6.800753e-01,9.127654e+00,9.167423e-01,1.000000e+00,2.498721e-01,2.548445e-01,7.151624e-01,3.863235e-01,5.748522e-01,6.167209e+01
4.500000e+01,2.606114e+03,9.537493e-01,1.033834e+01,6.702714e-01,9.105112e+00,8.754409e-01,1.000000e+00,5.384785e-01,5.794088e-01,5.339003e-01,4.755652e-01,4.007130e-01,6.042160e+01
4.600000e+01,2.605748e+03,9.550935e-01,9.930716e+00,7.361526e-01,9.086984e+00,8.933179e-01,1.000000e+00,1.000000e+00,1.000000e+00,4.955459e-01,5.110948e-01,5.232164e-01,6.577133e+01
4.700000e+01,2.598616e+03,9.774468e-01,9.452363e+00,7.757195e-01,9.024457e+00,8.842289e-01,4.599746e-01,1.000000e+00,7.161485e-01,8.783419e-01,5.307667e-01,5.657689e-01,7.621524e+01
4.800000e+01,2.605842e+03,9.547441e-01,1.019601e+01,7.590965e-01,9.092208e+00,8.926752e-01,4.447517e-01,1.000000e+00,8.325837e-01,6.147047e-01,7.144908e-01,8.210216e-01,7.504621e+01
4.900000e+01,2.609719e+03,9.423822e-01,9.585401e+00,8.114213e-01,9.051651e+00,8.735358e-01,1.000000e+00,2.450904e-01,2.506930e-01,7.902769e-01,4.446614e-01,5.594969e-01,6.663594e+01
5.000000e+01,2.598257e+03,9.747587e-01,9.521066e+00,7.827950e-01,9.019760e+00,8.876778e-01,7.595259e-01,2.455776e-01,2.455890e-01,7.520826e-01,3.832945e-01,3.323445e-01,6.087954e+01
5.100000e+01,2.607468e+03,9.491321e-01,9.421219e+00,7.386369e-01,8.983304e+00,8.620276e-01,1.000000e+00,6.134054e-01,6.602572e-01,5.382469e-01,8.344028e-01,8.756561e-01,7.653832e+01
5.200000e+01,2.602035e+03,9.727835e-01,1.015916e+01,7.087017e-01,9.109706e+00,8.769012e-01,1.000000e+00,7.233498e-01,7.077438e-01,4.434088e-01,3.859745e-01,3.622405e-01,5.578702e+01
5.300000e+01,2.602874e+03,9.678249e-01,1.096642e+01,6.181169e-01,9.164704e+00,8.810895e-01,6.438358e-01,1.000000e+00,1.000000e+00,5.694697e-01,2.943032e-01,4.171746e-01,5.787226e+01
5.400000e+01,2.607931e+03,9.476610e-01,9.349314e+00,7.377770e-01,9.010954e+00,8.853415e-01,1.000000e+00,1.000000e+00,1.000000e+00,4.469706e-01,3.852795e-01,3.423469e-01,5.869439e+01
5.500000e+01,2.603368e+03,9.652566e-01,9.181739e+00,7.057235e-01,9.029155e+00,8.457586e-01,1.000000e+00,3.165398e-01,3.162626e-01,5.260708e-01,2.297716e-01,3.133912e-01,4.876915e+01
5.600000e+01,2.607635e+03,9.485947e-01,1.054814e+01,6.834041e-01,9.142390e+00,8.991330e-01,1.000000e+00,4.002356e-01,5.172143e-01,5.768557e-01,4.490012e-01,3.339529e-01,5.981766e+01
5.700000e+01,2.602065e+03,9.725935e-01,9.694045e+00,7.907878e-01,9.041272e+00,8.912896e-01,7.551299e-01,2.453127e-01,2.449083e-01,9.041427e-01,4.901627e-01,4.737862e-01,7.066973e+01
5.800000e+01,2.602453e+03,9.701986e-01,1.083528e+01,6.697869e-01,9.169685e+00,8.949149e-01,1.000000e+00,2.453621e-01,2.508345e-01,8.049068e-01,4.200402e-01,5.178919e-01,6.561809e+01
5.900000e+01,2.605712e+03,9.552265e-01,1.069577e+01,6.238303e-01,9.138346e+00,8.839195e-01,1.000000e+00,1.000000e+00,1.000000e+00,5.083877e-01,4.927514e-01,5.610648e-01,6.516007e+01
6.000000e+01,2.603213e+03,9.660415e-01,1.139731e+01,6.246207e-01,9.192947e+00,8.840078e-01,1.000000e+00,4.973149e-01,4.945300e-01,3.523673e-01,4.537180e-01,5.804951e-01,5.344804e+01
6.100000e+01,2.603965e+03,9.624143e-01,1.119174e+01,6.130919e-01,9.161077e+00,9.274339e-01,1.000000e+00,4.578350e-01,4.768609e-01,5.678152e-01,5.325894e-01,3.415142e-01,6.240991e+01
6.200000e+01,2.601341e+03,9.777964e-01,1.079237e+01,6.355194e-01,9.154997e+00,8.855161e-01,1.000000e+00,4.253340e-01,4.710404e-01,4.118032e-01,3.983771e-01,2.798837e-01,5.173176e+01
6.300000e+01,2.604829e+03,9.586828e-01,9.771896e+00,8.117935e-01,9.066235e+00,8.827945e-01,1.000000e+00,2.451165e-01,2.455683e-01,7.459607e-01,4.382767e-01,3.499128e-01,6.391765e+01
6.400000e+01,2.603282e+03,9.656893e-01,9.949576e+00,7.455385e-01,9.081982e+00,8.740831e-01,1.000000e+00,8.399898e-01,1.000000e+00,3.738480e-01,4.934556e-01,8.819292e-01,6.189178e+01
6.500000e+01,2.602388e+03,9.705829e-01,1.149239e+01,5.855955e-01,9.201377e+00,8.673898e-01,7.837619e-01,7.693755e-01,7.693492e-01,5.444444e-01,5.907814e-01,9.505907e-01,6.821613e+01
6.600000e+01,2.600932e+03,9.814146e-01,1.018461e+01,6.534844e-01,9.119221e+00,8.680044e-01,1.000000e+00,2.452057e-01,2.496129e-01,7.425031e-01,3.410005e-01,4.987885e-01,6.040518e+01
6.700000e+01,2.607036e+03,9.505504e-01,9.734159e+00,7.678479e-01,9.049741e+00,8.920081e-01,1.000000e+00,1.000000e+00,1.000000e+00,5.631949e-01,5.300830e-01,6.864806e-01,6.974916e+01
6.800000e+01,2.603584e+03,9.642030e-01,1.086971e+01,6.407420e-01,9.165321e+00,8.883949e-01,1.000000e+00,1.000000e+00,1.000000e+00,5.570524e-01,4.007892e-01,7.422749e-01,6.470253e+01
6.900000e+01,2.601054e+03,9.802658e-01,9.482104e+00,7.260819e-01,9.064466e+00,8.879581e-01,1.000000e+00,8.086315e-01,1.000000e+00,5.425250e-01,6.462120e-01,8.589106e-01,7.291503e+01
7.000000e+01,2.603707e+03,9.636123e-01,1.099633e+01,6.499745e-01,9.156404e+00,8.980067e-01,7.818761e-01,2.454542e-01,2.455333e-01,8.279949e-01,5.231155e-01,6.596372e-01,6.950934e+01
7.100000e+01,2.602355e+03,9.707862e-01,1.012653e+01,7.306812e-01,9.104317e+00,9.022196e-01,7.373768e-01,2.412936e-01,2.410045e-01,7.138234e-01,3.376532e-01,2.861866e-01,5.734942e+01
7.200000e+01,2.605641e+03,9.554923e-01,1.161541e+01,5.902515e-01,9.196830e+00,8.741287e-01,1.000000e+00,4.446036e-01,4.603193e-01,4.418773e-01,4.060631e-01,3.983483e-01,5.329363e+01
7.300000e+01,2.602381e+03,9.706257e-01,1.036741e+01,7.198042e-01,9.100298e+00,9.017498e-01,1.000000e+00,6.493194e-01,7.210000e-01,5.223679e-01,5.457406e-01,9.772771e-01,6.708268e+01
7.400000e+01,2.602829e+03,9.680663e-01,1.090584e+01,6.350502e-01,9.159806e+00,8.932158e-01,1.000000e+00,4.749422e-01,5.014585e-01,3.114165e-01,4.655461e-01,5.872727e-01,5.249372e+01
7.500000e+01,2.604884e+03,9.584611e-01,9.561712e+00,8.181553e-01,9.041520e+00,8.860988e-01,8.990310e-01,2.965458e-01,2.962540e-01,7.361768e-01,4.351535e-01,4.676433e-01,6.410751e+01
7.600000e+01,2.597370e+03,9.691770e-01,1.181009e+01,6.001183e-01,9.220376e+00,8.726640e-01,1.000000e+00,2.110533e-01,2.131648e-01,7.494557e-01,3.230061e-01,2.924283e-01,5.832919e+01
7.700000e+01,2.602011e+03,9.729392e-01,1.082934e+01,6.223658e-01,9.158842e+00,8.781604e-01,5.164034e-01,4.898047e-01,4.890706e-01,5.984947e-01,3.614786e-01,2.671275e-01,5.477843e+01
7.800000e+01,0.000000e+00,-1.000000e+00,0.000000e+00,-1.000000e+00,0.000000e+00,-1.000000e+00,-1.000000e+00,0.000000e+00,0.000000e+00,0.000000e+00,0.000000e+00,0.000000e+00,-2.000000e+01
7.900000e+01,2.604162e+03,9.615286e-01,1.076161e+01,6.813365e-01,9.153964e+00,9.121778e-01,1.000000e+00,1.000000e+00,1.000000e+00,5.098617e-01,5.401583e-01,7.807513e-01,6.842967e+01
8.000000e+01,2.604806e+03,9.587785e-01,9.688849e+00,7.650491e-01,9.067515e+00,8.956069e-01,1.000000e+00,4.613510e-01,4.821820e-01,5.491776e-01,4.483513e-01,5.824747e-01,6.064072e+01
8.100000e+01,2.602566e+03,9.695392e-01,1.078742e+01,6.106262e-01,9.158075e+00,8.715786e-01,1.000000e+00,4.267641e-01,4.618552e-01,2.912064e-01,3.246889e-01,3.356317e-01,4.493631e+01
8.200000e+01,2.603676e+03,9.637610e-01,1.046857e+01,6.686753e-01,9.082822e+00,9.191398e-01,1.000000e+00,1.000000e+00,1.000000e+00,6.839834e-01,3.201489e-01,3.920855e-01,6.486294e+01
8.300000e+01,2.604939e+03,9.582356e-01,1.053767e+01,7.018122e-01,9.132290e+00,9.024315e-01,1.000000e+00,5.249047e-01,5.648267e-01,5.322304e-01,6.047501e-01,7.534711e-01,6.682272e+01
8.400000e+01,2.601047e+03,9.803273e-01,1.065720e+01,7.124296e-01,9.121222e+00,9.053405e-01,1.000000e+00,2.522014e-01,2.547933e-01,6.582367e-01,3.784051e-01,4.396586e-01,5.900622e+01
8.500000e+01,2.599172e+03,9.824718e-01,9.218472e+00,7.565007e-01,8.993432e+00,8.762435e-01,6.851328e-01,8.375499e-01,8.372730e-01,4.005079e-01,3.132754e-01,5.535090e-01,5.262582e+01
8.600000e+01,2.605297e+03,9.568136e-01,1.134667e+01,6.458922e-01,9.183077e+00,8.919198e-01,8.091731e-01,2.092498e-01,2.093411e-01,4.400915e-01,2.874800e-01,3.084363e-01,4.561913e+01
8.700000e+01,2.600354e+03,9.884630e-01,9.874915e+00,7.156057e-01,9.089222e+00,8.626734e-01,1.000000e+00,1.000000e+00,1.000000e+00,5.640421e-01,3.972483e-01,5.275885e-01,6.411682e+01
8.800000e+01,2.607028e+03,9.505773e-01,1.043519e+01,6.812654e-01,9.122697e+00,8.860586e-01,1.000000e+00,2.058087e-01,2.090476e-01,5.253831e-01,3.393659e-01,4.340471e-01,5.210024e+01
8.900000e+01,2.602469e+03,9.701078e-01,1.019429e+01,7.000757e-01,9.099850e+00,8.739599e-01,5.649210e-01,7.304127e-01,7.305188e-01,5.485263e-01,4.002563e-01,3.323331e-01,5.771904e+01
9.000000e+01,2.609074e+03,9.442182e-01,1.008329e+01,6.934377e-01,9.104636e+00,8.720098e-01,1.000000e+00,2.443026e-01,2.439900e-01,8.398672e-01,4.317663e-01,4.620595e-01,6.680726e+01
9.100000e+01,2.601497e+03,9.765652e-01,1.132382e+01,6.322796e-01,9.181402e+00,8.914621e-01,1.000000e+00,6.498017e-01,7.406624e-01,5.013408e-01,5.449525e-01,9.239301e-01,6.569377e+01
9.200000e+01,2.603073e+03,9.667625e-01,1.189429e+01,5.554533e-01,9.224438e+00,8.561033e-01,1.000000e+00,1.000000e+00,1.000000e+00,4.798112e-01,4.813917e-01,5.575848e-01,6.332162e+01
9.300000e+01,2.595025e+03,9.580915e-01,1.052460e+01,6.903039e-01,9.138467e+00,9.003549e-01,1.000000e+00,7.698900e-01,6.678332e-01,4.529961e-01,3.335865e-01,5.857588e-01,5.539155e+01
9.400000e+01,2.598031e+03,9.732150e-01,1.115264e+01,6.431585e-01,9.162536e+00,8.985682e-01,1.000000e+00,7.217185e-01,1.000000e+00,3.698322e-01,3.889375e-01,7.009549e-01,5.624501e+01
9.500000e+01,2.606814e+03,9.512989e-01,9.488200e+00,7.450129e-01,9.064304e+00,8.830635e-01,7.915121e-01,6.873259e-01,6.952948e-01,4.519657e-01,4.212051e-01,6.980925e-01,5.781898e+01
9.600000e+01,2.599711e+03,9.895743e-01,9.641056e+00,7.865035e-01,9.046727e+00,8.765022e-01,1.000000e+00,2.724543e-01,2.725549e-01,5.440067e-01,2.383179e-01,2.992613e-01,4.986561e+01
9.700000e+01,2.602155e+03,9.720139e-01,1.012334e+01,7.643857e-01,9.078649e+00,8.871730e-01,1.000000e+00,6.158150e-01,6.168197e-01,4.532983e-01,5.583663e-01,8.242966e-01,6.381078e+01
9.800000e+01,2.605657e+03,9.554342e-01,1.068754e+01,6.257214e-01,9.162625e+00,8.819939e-01,1.000000e+00,1.000000e+00,1.000000e+00,4.743563e-01,4.311038e-01,5.683447e-01,6.184858e+01
9.900000e+01,2.604237e+03,9.611960e-01,1.085776e+01,6.618644e-01,9.156088e+00,9.018017e-01,1.000000e+00,7.353442e-01,1.000000e+00,6.376026e-01,7.475297e-01,9.533399e-01,7.954736e+01
1.000000e+02,2.602835e+03,9.680344e-01,9.389243e+00,7.752724e-01,9.040804e+00,8.711256e-01,1.000000e+00,2.451302e-01,2.450557e-01,8.226358e-01,5.735157e-01,6.553718e-01,7.266525e+01
1.010000e+02,2.599553e+03,9.870637e-01,1.002921e+01,7.580753e-01,9.078335e+00,8.896526e-01,1.000000e+00,1.000000e+00,1.000000e+00,8.655296e-01,7.070251e-01,9.330597e-01,8.787867e+01
1.020000e+02,2.613277e+03,9.333059e-01,1.181472e+01,5.523885e-01,9.232681e+00,8.482452e-01,1.000000e+00,5.976337e-01,7.064002e-01,9.653377e-01,6.258767e-01,8.872867e-01,8.331881e+01
1.030000e+02,2.607800e+03,9.480730e-01,9.363467e+00,7.615585e-01,9.036491e+00,8.609094e-01,1.000000e+00,1.000000e+00,1.000000e+00,8.609464e-01,7.144139e-01,9.428884e-01,8.770476e+01
1.040000e+02,2.601474e+03,9.767437e-01,9.511204e+00,7.877152e-01,9.042865e+00,8.799905e-01,1.000000e+00,1.000000e+00,1.000000e+00,9.215259e-01,8.225210e-01,9.897240e-01,9.421251e+01
1.050000e+02,2.606485e+03,9.524345e-01,9.687016e+00,8.004462e-01,9.054469e+00,8.734555e-01,1.000000e+00,7.241228e-01,5.894270e-01,9.002058e-01,8.825254e-01,8.593803e-01,9.139192e+01
1.060000e+02,2.601120e+03,9.796638e-01,1.022156e+01,6.674980e-01,9.080884e+00,9.144845e-01,1.000000e+00,2.450479e-01,2.451245e-01,7.198255e-01,4.134010e-01,3.367001e-01,6.160552e+01
1.070000e+02,2.605305e+03,9.567831e-01,9.601474e+00,7.902982e-01,9.025785e+00,8.749692e-01,1.000000e+00,1.000000e+00,1.000000e+00,8.271864e-01,7.792296e-01,9.797704e-01,8.923367e+01
1.080000e+02,2.604879e+03,9.584812e-01,8.749403e+00,6.994781e-01,8.942104e+00,8.550084e-01,1.000000e+00,1.000000e+00,1.000000e+00,9.125591e-01,7.698853e-01,9.801929e-01,9.135135e+01
1.090000e+02,2.602685e+03,9.688630e-01,1.153444e+01,5.798950e-01,9.205553e+00,8.614287e-01,1.000000e+00,1.000000e+00,1.000000e+00,7.992949e-01,6.299575e-01,8.135792e-01,8.114266e+01
1.100000e+02,2.604912e+03,9.583466e-01,1.034208e+01,7.144570e-01,9.107563e+00,8.967190e-01,1.000000e+00,1.000000e+00,1.000000e+00,8.936859e-01,7.843462e-01,9.925571e-01,9.154152e+01
1.110000e+02,2.605620e+03,9.555724e-01,9.975754e+00,6.692972e-01,9.111859e+00,8.548366e-01,1.000000e+00,5.599588e-01,6.333426e-01,9.290720e-01,6.386804e-01,8.629880e-01,8.255131e+01
1.120000e+02,2.603886e+03,9.627775e-01,1.002861e+01,7.452925e-01,9.101404e+00,8.979058e-01,1.000000e+00,7.534427e-01,1.000000e+00,9.259891e-01,4.978396e-01,5.873661e-01,7.956792e+01
1.130000e+02,2.602578e+03,9.694741e-01,1.031893e+01,6.715279e-01,9.114885e+00,8.687345e-01,1.000000e+00,1.000000e+00,1.000000e+00,8.539266e-01,5.956408e-01,7.746626e-01,8.215686e+01
1.140000e+02,2.601885e+03,9.737803e-01,1.012234e+01,6.809456e-01,9.125931e+00,8.749300e-01,1.000000e+00,1.000000e+00,1.000000e+00,8.704145e-01,5.890911e-01,7.004737e-01,8.223334e+01
1.150000e+02,2.602648e+03,9.690753e-01,1.118707e+01,6.504728e-01,9.166864e+00,9.113553e-01,1.000000e+00,1.000000e+00,1.000000e+00,9.007087e-01,8.824432e-01,9.839532e-01,9.498460e+01
1.160000e+02,2.603950e+03,9.624854e-01,1.031061e+01,6.325799e-01,9.133409e+00,8.605157e-01,1.000000e+00,1.000000e+00,1.000000e+00,8.942335e-01,7.535690e-01,9.831970e-01,8.986698e+01
1.170000e+02,2.604297e+03,9.609343e-01,1.072156e+01,7.005251e-01,9.150427e+00,9.110221e-01,1.000000e+00,1.000000e+00,1.000000e+00,9.023849e-01,7.050313e-01,9.093328e-01,8.866864e+01
1.180000e+02,2.608228e+03,9.467421e-01,1.036187e+01,6.981971e-01,9.122567e+00,8.898486e-01,8.354320e-01,1.000000e+00,6.843345e-01,8.986948e-01,6.653219e-01,8.177674e-01,8.410219e+01
1.190000e+02,2.597380e+03,9.692308e-01,1.042034e+01,7.095986e-01,9.125053e+00,8.904113e-01,1.000000e+00,1.000000e+00,1.000000e+00,8.605529e-01,7.770895e-01,9.381851e-01,8.985461e+01
1.200000e+02,2.607396e+03,9.493648e-01,9.613818e+00,7.349462e-01,9.017607e+00,8.784485e-01,1.000000e+00,1.000000e+00,1.000000e+00,8.347441e-01,7.766550e-01,9.696261e-01,8.906090e+01
1.210000e+02,2.607599e+03,9.487099e-01,1.021767e+01,7.230545e-01,9.090313e+00,8.994274e-01,1.000000e+00,9.199097e-01,1.000000e+00,8.815526e-01,6.456834e-01,8.604847e-01,8.521119e+01
1.220000e+02,2.602348e+03,9.708258e-01,1.116690e+01,6.606077e-01,9.162667e+00,9.053513e-01,1.000000e+00,1.000000e+00,1.000000e+00,8.136290e-01,9.815621e-01,9.770780e-01,9.540100e+01
1.230000e+02,2.602610e+03,9.692875e-01,1.022579e+01,6.773013e-01,9.120532e+00,8.818799e-01,1.000000e+00,1.000000e+00,1.000000e+00,9.562882e-01,8.189544e-01,9.891891e-01,9.472178e+01
1.240000e+02,2.598457e+03,9.762205e-01,9.633970e+00,8.127162e-01,9.057445e+00,8.784348e-01,8.988083e-01,1.000000e+00,1.000000e+00,8.728620e-01,7.814052e-01,9.703954e-01,9.058222e+01
1.250000e+02,2.598851e+03,9.794141e-01,9.959892e+00,7.227274e-01,9.100613e+00,8.810566e-01,1.000000e+00,8.641671e-01,8.537743e-01,8.809892e-01,6.754788e-01,8.307012e-01,8.513558e+01
1.260000e+02,2.605845e+03,9.547327e-01,1.039353e+01,6.673103e-01,9.086834e+00,9.225455e-01,1.000000e+00,1.000000e+00,1.000000e+00,7.999205e-01,7.651300e-01,9.421078e-01,8.721025e+01
1.270000e+02,2.601807e+03,9.743119e-01,9.981877e+00,7.019024e-01,9.075568e+00,9.113130e-01,1.000000e+00,5.627752e-01,5.619651e-01,8.138826e-01,7.249380e-01,9.302065e-01,8.207109e+01
1.280000e+02,2.605991e+03,9.541981e-01,8.453200e+00,7.079109e-01,8.933063e+00,8.456733e-01,1.000000e+00,1.000000e+00,1.000000e+00,9.209655e-01,6.560366e-01,9.459074e-01,8.746352e+01
1.290000e+02,2.607304e+03,9.496653e-01,1.015032e+01,6.922831e-01,9.076684e+00,9.139998e-01,1.000000e+00,7.799708e-01,1.000000e+00,7.746105e-01,5.886294e-01,7.183788e-01,7.798488e+01
1.300000e+02,2.601870e+03,9.738827e-01,1.027006e+01,7.347961e-01,9.115344e+00,8.929598e-01,1.000000e+00,1.000000e+00,1.000000e+00,8.523518e-01,8.330486e-01,9.924899e-01,9.195966e+01
1.310000e+02,2.599754e+03,9.903689e-01,9.852038e+00,7.352536e-01,9.088784e+00,8.852989e-01,1.000000e+00,1.000000e+00,1.000000e+00,9.010688e-01,7.183947e-01,9.716157e-01,8.959391e+01
1.320000e+02,2.599848e+03,9.924138e-01,9.367146e+00,7.750021e-01,9.023441e+00,8.742298e-01,1.000000e+00,8.099284e-01,1.000000e+00,8.809831e-01,6.768015e-01,9.656290e-01,8.660848e+01
1.330000e+02,2.605575e+03,9.557418e-01,8.919548e+00,7.304602e-01,8.967850e+00,8.688307e-01,1.000000e+00,9.563823e-01,1.000000e+00,8.771798e-01,6.944615e-01,9.222196e-01,8.717562e+01
1.340000e+02,2.600514e+03,9.861392e-01,8.946308e+00,6.772568e-01,8.902716e+00,8.325005e-01,1.000000e+00,1.000000e+00,1.000000e+00,9.268894e-01,7.002008e-01,9.479182e-01,8.916723e+01
1.350000e+02,2.603583e+03,9.642085e-01,9.433814e+00,8.229436e-01,9.037844e+00,8.761207e-01,1.000000e+00,1.000000e+00,1.000000e+00,8.897427e-01,7.273298e-01,9.752951e-01,8.979038e+01
1.360000e+02,2.605607e+03,9.556227e-01,9.597685e+00,8.413655e-01,9.037239e+00,8.731282e-01,1.000000e+00,4.633732e-01,4.832242e-01,9.155268e-01,5.762997e-01,7.499618e-01,7.904731e+01
1.370000e+02,2.605279e+03,9.568823e-01,1.021162e+01,7.445819e-01,9.099319e+00,8.922379e-01,1.000000e+00,8.463598e-01,6.519552e-01,8.425619e-01,8.664386e-01,8.830909e-01,8.969056e+01
1.380000e+02,2.599719e+03,9.897145e-01,1.120008e+01,6.055150e-01,9.179708e+00,8.827399e-01,1.000000e+00,9.027184e-01,1.000000e+00,8.632995e-01,5.308415e-01,6.420779e-01,7.890876e+01
1.390000e+02,2.603031e+03,9.669814e-01,9.781389e+00,7.746073e-01,9.059638e+00,8.943707e-01,1.000000e+00,7.588195e-01,1.000000e+00,8.808943e-01,6.461616e-01,9.517650e-01,8.517968e+01
1.400000e+02,2.599004e+03,9.807996e-01,1.031208e+01,7.128832e-01,9.086909e+00,9.051138e-01,1.000000e+00,8.184775e-01,1.000000e+00,9.086499e-01,6.738940e-01,9.057186e-01,8.700400e+01
1.410000e+02,2.601570e+03,9.760181e-01,8.892615e+00,7.573583e-01,8.987344e+00,8.606626e-01,1.000000e+00,1.000000e+00,1.000000e+00,9.196933e-01,7.518915e-01,9.851543e-01,9.140144e+01
1.420000e+02,2.596735e+03,9.657766e-01,1.076165e+01,6.584730e-01,9.145597e+00,9.033605e-01,1.000000e+00,1.000000e+00,1.000000e+00,7.601318e-01,9.997678e-01,9.836215e-01,9.415265e+01
1.430000e+02,2.607878e+03,9.478277e-01,1.041616e+01,7.124718e-01,9.122855e+00,8.969702e-01,8.293641e-01,7.674944e-01,1.000000e+00,9.525937e-01,6.634135e-01,8.811025e-01,8.673640e+01
1.440000e+02,2.603373e+03,9.652341e-01,9.731318e+00,7.513967e-01,9.081843e+00,8.806009e-01,1.000000e+00,8.115615e-01,1.000000e+00,9.137467e-01,6.367382e-01,9.154776e-01,8.588832e+01
1.450000e+02,2.601115e+03,9.797100e-01,9.071599e+00,7.548128e-01,9.006321e+00,8.757946e-01,1.000000e+00,1.000000e+00,1.000000e+00,9.482907e-01,7.605560e-01,9.631520e-01,9.267698e+01
1.460000e+02,2.605590e+03,9.556854e-01,1.067437e+01,6.404013e-01,9.141647e+00,8.822925e-01,1.000000e+00,1.000000e+00,1.000000e+00,8.521345e-01,7.392489e-01,9.603119e-01,8.789187e+01
1.470000e+02,2.609633e+03,9.426223e-01,9.668698e+00,6.862000e-01,9.095203e+00,8.592507e-01,1.000000e+00,1.000000e+00,1.000000e+00,7.707284e-01,4.590499e-01,4.456042e-01,7.271063e+01
1.480000e+02,2.603921e+03,9.626185e-01,9.732264e+00,7.831728e-01,9.074623e+00,8.763959e-01,1.000000e+00,1.000000e+00,1.000000e+00,8.479867e-01,5.075621e-01,5.939886e-01,7.852509e+01
1.490000e+02,2.602235e+03,9.715174e-01,9.116395e+00,7.422806e-01,8.997184e+00,8.729378e-01,1.000000e+00,1.000000e+00,1.000000e+00,8.556676e-01,6.789147e-01,8.733843e-01,8.601098e+01
1.500000e+02,2.600312e+03,9.891644e-01,9.735430e+00,7.648418e-01,9.048931e+00,8.895892e-01,1.000000e+00,1.000000e+00,1.000000e+00,8.788588e-01,6.789937e-01,9.609930e-01,8.754778e+01
1.510000e+02,2.598819e+03,9.791335e-01,9.987631e+00,7.327179e-01,9.107283e+00,8.832557e-01,1.000000e+00,6.050884e-01,5.984959e-01,8.337134e-01,6.556744e-01,8.511214e-01,8.037764e+01
1.520000e+02,2.603912e+03,9.626591e-01,9.367741e+00,8.156108e-01,9.029074e+00,8.673230e-01,1.000000e+00,1.000000e+00,1.000000e+00,7.424614e-01,8.042242e-01,9.559879e-01,8.714190e+01
1.530000e+02,2.598182e+03,9.742413e-01,9.773232e+00,7.121471e-01,9.103885e+00,8.771980e-01,1.000000e+00,1.000000e+00,1.000000e+00,8.473575e-01,7.111868e-01,9.604966e-01,8.716947e+01
1.540000e+02,2.597436e+03,9.695527e-01,1.003615e+01,7.324520e-01,9.089137e+00,8.827568e-01,1.000000e+00,1.000000e+00,1.000000e+00,8.951225e-01,7.260629e-01,9.778513e-01,8.955455e+01
1.550000e+02,2.603824e+03,9.630636e-01,9.929321e+00,7.535121e-01,9.103013e+00,8.762455e-01,1.000000e+00,7.218221e-01,7.332334e-01,8.650210e-01,7.285927e-01,9.554372e-01,8.579305e+01
1.560000e+02,2.602163e+03,9.719655e-01,9.604575e+00,7.686675e-01,9.073919e+00,8.714054e-01,1.000000e+00,5.291519e-01,5.745402e-01,8.630841e-01,6.364390e-01,8.245081e-01,8.018450e+01
1.570000e+02,2.603264e+03,9.657808e-01,1.025467e+01,7.490079e-01,9.097087e+00,8.989610e-01,1.000000e+00,1.000000e+00,1.000000e+00,7.835391e-01,9.024838e-01,9.975584e-01,9.206734e+01
1.580000e+02,2.597843e+03,9.720023e-01,1.136141e+01,6.093991e-01,9.193191e+00,8.761045e-01,8.621959e-01,7.406363e-01,1.000000e+00,8.543992e-01,6.681527e-01,8.745065e-01,8.296354e+01
1.590000e+02,2.603378e+03,9.652107e-01,1.010187e+01,7.613102e-01,9.099922e+00,8.911796e-01,1.000000e+00,1.000000e+00,1.000000e+00,8.326744e-01,8.322862e-01,9.609712e-01,9.116698e+01
1.600000e+02,2.605684e+03,9.553307e-01,1.012483e+01,7.603830e-01,9.103513e+00,8.939246e-01,1.000000e+00,1.000000e+00,1.000000e+00,8.114602e-01,7.988471e-01,9.834176e-01,8.932604e+01
1.610000e+02,2.601955e+03,9.733099e-01,9.914139e+00,7.798714e-01,9.083060e+00,8.886793e-01,1.000000e+00,5.653856e-01,6.560486e-01,9.083637e-01,6.082330e-01,8.135338e-01,8.146503e+01
1.620000e+02,2.599004e+03,9.808076e-01,1.047050e+01,7.188259e-01,9.123404e+00,8.982515e-01,1.000000e+00,1.000000e+00,1.000000e+00,8.812179e-01,7.276748e-01,8.550773e-01,8.857605e+01
1.630000e+02,2.610892e+03,9.392099e-01,1.034455e+01,6.865255e-01,9.122143e+00,8.819439e-01,1.000000e+00,5.203761e-01,5.569311e-01,8.346517e-01,5.860596e-01,7.010856e-01,7.615526e+01
1.640000e+02,2.604678e+03,9.593106e-01,1.024563e+01,7.230167e-01,9.099794e+00,9.035765e-01,1.000000e+00,1.000000e+00,1.000000e+00,8.381157e-01,8.742444e-01,9.976180e-01,9.285021e+01
1.650000e+02,2.602884e+03,9.677692e-01,9.398378e+00,7.604993e-01,9.026120e+00,8.860022e-01,1.000000e+00,1.000000e+00,1.000000e+00,8.769542e-01,8.032968e-01,9.157884e-01,9.145908e+01
1.660000e+02,2.600626e+03,9.847240e-01,9.920277e+00,7.866222e-01,9.068515e+00,8.865272e-01,1.000000e+00,1.000000e+00,1.000000e+00,9.035214e-01,8.999258e-01,9.750520e-01,9.628528e+01
1.670000e+02,2.604141e+03,9.616219e-01,8.783031e+00,7.049202e-01,8.988380e+00,8.490170e-01,1.000000e+00,7.733500e-01,1.000000e+00,8.976153e-01,6.406638e-01,8.569053e-01,8.456884e+01
1.680000e+02,2.599405e+03,9.850918e-01,1.123696e+01,6.109138e-01,9.200145e+00,8.716506e-01,1.000000e+00,7.585481e-01,1.000000e+00,7.440504e-01,7.637983e-01,9.377627e-01,8.359454e+01
1.690000e+02,2.599185e+03,9.826027e-01,1.135504e+01,6.416464e-01,9.174880e+00,9.005644e-01,1.000000e+00,1.000000e+00,7.973597e-01,8.929933e-01,7.893089e-01,9.716624e-01,9.034975e+01
1.700000e+02,2.602515e+03,9.698340e-01,1.004503e+01,7.278473e-01,9.083954e+00,9.043923e-01,1.000000e+00,1.000000e+00,1.000000e+00,8.559899e-01,7.805831e-01,9.878024e-01,9.022944e+01
1.710000e+02,2.602516e+03,9.698332e-01,9.640120e+00,7.498236e-01,9.071962e+00,8.706076e-01,1.000000e+00,1.000000e+00,1.000000e+00,7.007340e-01,8.797286e-01,9.976154e-01,8.825559e+01
1.720000e+02,2.603505e+03,9.645826e-01,9.621043e+00,7.316963e-01,9.032504e+00,8.871655e-01,1.000000e+00,8.329752e-01,1.000000e+00,8.929084e-01,7.238079e-01,9.259841e-01,8.829709e+01
1.730000e+02,2.599830e+03,9.919710e-01,9.643909e+00,7.624113e-01,9.071306e+00,8.921337e-01,1.000000e+00,1.000000e+00,1.000000e+00,8.679911e-01,6.579878e-01,7.675100e-01,8.547939e+01
1.740000e+02,2.600519e+03,9.860624e-01,9.472643e+00,7.945452e-01,9.028922e+00,8.834531e-01,1.000000e+00,1.000000e+00,1.000000e+00,9.091673e-01,5.410693e-01,6.245552e-01,8.220136e+01
1.750000e+02,2.604437e+03,9.603274e-01,1.144121e+01,6.172862e-01,9.196583e+00,8.775940e-01,1.000000e+00,8.350135e-01,1.000000e+00,9.328050e-01,6.555836e-01,9.106962e-01,8.659819e+01
1.760000e+02,2.603396e+03,9.651210e-01,1.046940e+01,6.695061e-01,9.148347e+00,8.852963e-01,1.000000e+00,1.000000e+00,1.000000e+00,8.633520e-01,8.174833e-01,9.848022e-01,9.135286e+01
1.770000e+02,2.596021e+03,9.623515e-01,1.006247e+01,7.325289e-01,9.108733e+00,8.868205e-01,1.000000e+00,1.000000e+00,1.000000e+00,8.532918e-01,8.019530e-01,9.125386e-01,9.040476e+01
1.780000e+02,2.604769e+03,9.589307e-01,9.474918e+00,7.405320e-01,9.037111e+00,8.947306e-01,1.000000e+00,1.000000e+00,1.000000e+00,9.100393e-01,7.049761e-01,9.474111e-01,8.923356e+01
1.790000e+02,2.606235e+03,9.533170e-01,9.262842e+00,7.238188e-01,9.002757e+00,8.787275e-01,1.000000e+00,1.000000e+00,1.000000e+00,9.042299e-01,4.645412e-01,6.160908e-01,7.876676e+01
1.800000e+02,2.606852e+03,9.511718e-01,9.393980e+00,7.198482e-01,9.015456e+00,8.795369e-01,1.000000e+00,6.228174e-01,6.302107e-01,8.474337e-01,7.378787e-01,9.574680e-01,8.429120e+01
1.810000e+02,2.604103e+03,9.617906e-01,9.887358e+00,7.958633e-01,9.062970e+00,8.881651e-01,1.000000e+00,1.000000e+00,1.000000e+00,8.546376e-01,7.812625e-01,9.611174e-01,9.029119e+01
1.820000e+02,2.601801e+03,9.743584e-01,1.171903e+01,5.486999e-01,9.215507e+00,8.532414e-01,1.000000e+00,1.000000e+00,1.000000e+00,7.893771e-01,1.000000e+00,9.599115e-01,9.430925e+01
1.830000e+02,2.603405e+03,9.650745e-01,9.414641e+00,7.349029e-01,9.015456e+00,8.810510e-01,1.000000e+00,6.157603e-01,7.104649e-01,8.863704e-01,6.374627e-01,8.672860e-01,8.220686e+01
1.840000e+02,2.611637e+03,9.372947e-01,9.911784e+00,6.882653e-01,9.105273e+00,8.614068e-01,1.000000e+00,8.127689e-01,1.000000e+00,8.740561e-01,6.494356e-01,8.506674e-01,8.407423e+01
1.850000e+02,2.600139e+03,9.927540e-01,1.034328e+01,6.633825e-01,9.126461e+00,8.764655e-01,1.000000e+00,1.000000e+00,1.000000e+00,7.436367e-01,6.298466e-01,8.359269e-01,7.991456e+01
1.860000e+02,2.600471e+03,9.867129e-01,1.106509e+01,6.371518e-01,9.154417e+00,8.997409e-01,1.000000e+00,1.000000e+00,1.000000e+00,7.840627e-01,8.347717e-01,9.904977e-01,8.922972e+01
1.870000e+02,2.604401e+03,9.604822e-01,1.025657e+01,6.494459e-01,9.136504e+00,8.633752e-01,1.000000e+00,1.000000e+00,1.000000e+00,9.262834e-01,6.191562e-01,7.515284e-01,8.521454e+01
1.880000e+02,2.601200e+03,9.789721e-01,9.735627e+00,8.111190e-01,9.071197e+00,8.860655e-01,1.000000e+00,6.979280e-01,1.000000e+00,8.742873e-01,6.947277e-01,8.885339e-01,8.622862e+01
1.890000e+02,2.604986e+03,9.580477e-01,1.068957e+01,6.982204e-01,9.142890e+00,9.114851e-01,1.000000e+00,4.538993e-01,4.773053e-01,9.524773e-01,5.693136e-01,7.009104e-01,7.926202e+01
1.900000e+02,2.602398e+03,9.705236e-01,1.033985e+01,7.010477e-01,9.121128e+00,8.874513e-01,1.000000e+00,1.000000e+00,1.000000e+00,8.691933e-01,7.927177e-01,9.834269e-01,9.087913e+01
1.910000e+02,2.606082e+03,9.538674e-01,1.088668e+01,6.298169e-01,9.155835e+00,8.878616e-01,1.000000e+00,5.316793e-01,5.789348e-01,8.670628e-01,6.293498e-01,8.094544e-01,7.933251e+01
1.920000e+02,2.606045e+03,9.539981e-01,1.059129e+01,6.478311e-01,9.148127e+00,8.891514e-01,1.000000e+00,1.000000e+00,1.000000e+00,9.462413e-01,6.344552e-01,8.743147e-01,8.715086e+01
1.930000e+02,2.598888e+03,9.797380e-01,1.061424e+01,7.139739e-01,9.123991e+00,8.997059e-01,1.000000e+00,1.000000e+00,1.000000e+00,7.461461e-01,8.060920e-01,9.681105e-01,8.713598e+01
1.940000e+02,2.602478e+03,9.700506e-01,1.012457e+01,6.631378e-01,9.106755e+00,8.658450e-01,1.000000e+00,1.000000e+00,1.000000e+00,7.851659e-01,6.790387e-01,9.104619e-01,8.329464e+01
1.950000e+02,2.604723e+03,9.591217e-01,1.065624e+01,7.099595e-01,9.126999e+00,9.058674e-01,1.000000e+00,8.206846e-01,1.000000e+00,9.312030e-01,5.422386e-01,7.381431e-01,8.223934e+01
1.960000e+02,2.601792e+03,9.744192e-01,9.494480e+00,7.862301e-01,9.032673e+00,8.834272e-01,1.000000e+00,1.000000e+00,1.000000e+00,9.208651e-01,6.835645e-01,9.552476e-01,8.915165e+01
1.970000e+02,2.604582e+03,9.597100e-01,1.021652e+01,7.278340e-01,9.115980e+00,8.942080e-01,1.000000e+00,1.000000e+00,1.000000e+00,9.000116e-01,8.604798e-01,9.881304e-01,9.446661e+01
1.980000e+02,2.606561e+03,9.521697e-01,1.039411e+01,6.827700e-01,9.120776e+00,9.193871e-01,1.000000e+00,1.000000e+00,1.000000e+00,8.828746e-01,7.551656e-01,9.742589e-01,8.997434e+01
1.990000e+02,2.602152e+03,9.720372e-01,9.898054e+00,7.025958e-01,9.065026e+00,9.096121e-01,1.000000e+00,1.000000e+00,1.000000e+00,8.755162e-01,6.934620e-01,9.202491e-01,8.743671e+01
2.000000e+02,2.606723e+03,9.516096e-01,9.409218e+00,8.032830e-01,9.027109e+00,8.770017e-01,1.000000e+00,1.000000e+00,1.000000e+00,8.728214e-01,6.182707e-01,7.062247e-01,8.387882e+01
2.010000e+02,2.600410e+03,9.875968e-01,1.032635e+01,6.739784e-01,9.084456e+00,9.178678e-01,1.000000e+00,8.872361e-01,1.000000e+00,8.628224e-01,6.764702e-01,8.910029e-01,8.566365e+01
2.020000e+02,2.605975e+03,9.542559e-01,1.051333e+01,7.285033e-01,9.124422e+00,8.984245e-01,1.000000e+00,5.422185e-01,6.018500e-01,9.038649e-01,5.905224e-01,7.482504e-01,7.967107e+01
2.030000e+02,2.605508e+03,9.559988e-01,9.816314e+00,7.561362e-01,9.079390e+00,8.901291e-01,1.000000e+00,6.965881e-01,1.000000e+00,9.284377e-01,7.312329e-01,9.751872e-01,8.945867e+01
2.040000e+02,2.598784e+03,9.788317e-01,1.058913e+01,6.863084e-01,9.145062e+00,8.990140e-01,1.000000e+00,1.000000e+00,1.000000e+00,8.167978e-01,7.816542e-01,9.780670e-01,8.865692e+01
2.050000e+02,2.603897e+03,9.627287e-01,1.022514e+01,6.854754e-01,9.107269e+00,8.782710e-01,1.000000e+00,5.284020e-01,5.991668e-01,8.759240e-01,6.340379e-01,8.221821e-01,8.022980e+01
2.060000e+02,2.600804e+03,9.827227e-01,1.063448e+01,6.775594e-01,9.155020e+00,8.961884e-01,1.000000e+00,4.560093e-01,4.839886e-01,8.916272e-01,5.601744e-01,6.926109e-01,7.675845e+01
2.070000e+02,2.603725e+03,9.635272e-01,1.050179e+01,7.148564e-01,9.119550e+00,8.974147e-01,1.000000e+00,1.000000e+00,6.995511e-01,9.794155e-01,5.067229e-01,6.237198e-01,8.151019e+01
2.080000e+02,2.605675e+03,9.553661e-01,1.048151e+01,6.567375e-01,9.134709e+00,8.761038e-01,1.000000e+00,1.000000e+00,1.000000e+00,8.443301e-01,8.040725e-01,9.569290e-01,8.991977e+01
2.090000e+02,2.601082e+03,9.800075e-01,1.123801e+01,6.085186e-01,9.195807e+00,8.712321e-01,1.000000e+00,7.015566e-01,6.892717e-01,7.834036e-01,8.212488e-01,9.842202e-01,8.533687e+01
2.100000e+02,2.602513e+03,9.698472e-01,1.022985e+01,7.139378e-01,9.112172e+00,8.936142e-01,1.000000e+00,7.480669e-01,1.000000e+00,8.280305e-01,5.044111e-01,5.392752e-01,7.595916e+01
2.110000e+02,2.607307e+03,9.496564e-01,9.775849e+00,7.797750e-01,9.087978e+00,8.830455e-01,7.760015e-01,1.000000e+00,1.000000e+00,7.976700e-01,7.240223e-01,8.690934e-01,8.454709e+01
2.120000e+02,2.607006e+03,9.506523e-01,9.404407e+00,7.831294e-01,9.037094e+00,8.764640e-01,1.000000e+00,1.000000e+00,1.000000e+00,8.589329e-01,8.872494e-01,9.926015e-01,9.413062e+01
2.130000e+02,2.604220e+03,9.612748e-01,1.046213e+01,6.597325e-01,9.135008e+00,8.694867e-01,1.000000e+00,7.836353e-01,1.000000e+00,7.994735e-01,6.894488e-01,8.822303e-01,8.289408e+01
2.140000e+02,2.603541e+03,9.644091e-01,1.051933e+01,6.242603e-01,9.156524e+00,8.730823e-01,1.000000e+00,1.000000e+00,1.000000e+00,8.797869e-01,5.471050e-01,6.896985e-01,8.069847e+01
2.150000e+02,2.599213e+03,9.829030e-01,1.083710e+01,6.338225e-01,9.168519e+00,8.875139e-01,1.000000e+00,6.110990e-01,7.569675e-01,8.560658e-01,6.173065e-01,7.862594e-01,7.986086e+01
2.160000e+02,2.603511e+03,9.645529e-01,1.037996e+01,6.977635e-01,9.121850e+00,8.972526e-01,1.000000e+00,7.801219e-01,1.000000e+00,8.689929e-01,6.895572e-01,9.123813e-01,8.580961e+01
2.170000e+02,2.606450e+03,9.525548e-01,9.794529e+00,7.595382e-01,9.103026e+00,8.799107e-01,1.000000e+00,5.274380e-01,5.764966e-01,8.892629e-01,6.094598e-01,8.384480e-01,8.012723e+01
2.180000e+02,2.602563e+03,9.695572e-01,1.060243e+01,6.639523e-01,9.134057e+00,8.788165e-01,1.000000e+00,1.000000e+00,1.000000e+00,9.080884e-01,7.918984e-01,9.884488e-01,9.200341e+01
2.190000e+02,2.603154e+03,9.663415e-01,1.101992e+01,6.287748e-01,9.161485e+00,8.929005e-01,1.000000e+00,1.000000e+00,1.000000e+00,8.422770e-01,7.633009e-01,9.748405e-01,8.850951e+01
2.200000e+02,2.600697e+03,9.838854e-01,1.047601e+01,7.285846e-01,9.117511e+00,8.988162e-01,1.000000e+00,5.618949e-01,5.620205e-01,8.182734e-01,6.466699e-01,8.757140e-01,7.932759e+01
2.210000e+02,2.606397e+03,9.527425e-01,9.558379e+00,7.420137e-01,9.059331e+00,8.888574e-01,1.000000e+00,7.495321e-01,1.000000e+00,8.728288e-01,6.576898e-01,8.647754e-01,8.455775e+01
2.220000e+02,2.601726e+03,9.748854e-01,1.085932e+01,6.459083e-01,9.168274e+00,8.889181e-01,1.000000e+00,1.000000e+00,1.000000e+00,8.969316e-01,5.805360e-01,6.809667e-01,8.266476e+01
2.230000e+02,2.604783e+03,9.588737e-01,1.054916e+01,6.792208e-01,9.112875e+00,9.227761e-01,1.000000e+00,1.000000e+00,1.000000e+00,8.384827e-01,7.780919e-01,9.822908e-01,8.929592e+01
2.240000e+02,2.601018e+03,9.805967e-01,1.054081e+01,7.185022e-01,9.122363e+00,8.964895e-01,1.000000e+00,8.825218e-01,1.000000e+00,7.976526e-01,6.607835e-01,8.382310e-01,8.262697e+01
2.250000e+02,2.604241e+03,9.611800e-01,1.005409e+01,6.913827e-01,9.108120e+00,8.788599e-01,1.000000e+00,1.000000e+00,1.000000e+00,9.061184e-01,7.250625e-01,9.230306e-01,8.936360e+01
2.260000e+02,2.601877e+03,9.738349e-01,1.071289e+01,6.891246e-01,9.164771e+00,8.997379e-01,1.000000e+00,1.000000e+00,1.000000e+00,7.565242e-01,8.527001e-01,9.839431e-01,8.905605e+01
2.270000e+02,2.608440e+03,9.460954e-01,1.081059e+01,6.415807e-01,9.151559e+00,8.945541e-01,1.000000e+00,1.000000e+00,1.000000e+00,9.057994e-01,6.406846e-01,8.629142e-01,8.585266e+01
2.280000e+02,2.608386e+03,9.462606e-01,1.056895e+01,6.789617e-01,9.131860e+00,8.907898e-01,1.000000e+00,9.587265e-01,6.306401e-01,8.240836e-01,4.907823e-01,5.451722e-01,7.427306e+01
2.290000e+02,2.603177e+03,9.662258e-01,9.254682e+00,7.425768e-01,9.048893e+00,8.674150e-01,1.000000e+00,1.000000e+00,1.000000e+00,9.140739e-01,7.644243e-01,9.917643e-01,9.158735e+01
2.300000e+02,2.599608e+03,9.878732e-01,8.873031e+00,7.089125e-01,8.955368e+00,8.597422e-01,1.000000e+00,7.036716e-01,1.000000e+00,8.894306e-01,7.111271e-01,9.467547e-01,8.705429e+01
2.310000e+02,2.600105e+03,9.936944e-01,1.104726e+01,6.493687e-01,9.164552e+00,8.978794e-01,1.000000e+00,1.000000e+00,1.000000e+00,7.979127e-01,8.546787e-01,9.794332e-01,9.044258e+01
2.320000e+02,2.602992e+03,9.671891e-01,1.031004e+01,6.492897e-01,9.139273e+00,8.754415e-01,1.000000e+00,5.216725e-01,5.682059e-01,8.330826e-01,6.730769e-01,8.731591e-01,7.999037e+01
2.330000e+02,2.608210e+03,9.467965e-01,1.013596e+01,7.096291e-01,9.103345e+00,8.839720e-01,1.000000e+00,1.000000e+00,1.000000e+00,9.332080e-01,7.091009e-01,9.596629e-01,8.998111e+01
2.340000e+02,2.603329e+03,9.654545e-01,1.053563e+01,6.854706e-01,9.126795e+00,9.170865e-01,1.000000e+00,2.456218e-01,2.455607e-01,8.632370e-01,5.423127e-01,6.508539e-01,7.274448e+01
2.350000e+02,2.603345e+03,9.653738e-01,9.996196e+00,7.797540e-01,9.085247e+00,8.877183e-01,1.000000e+00,1.000000e+00,1.000000e+00,8.759541e-01,7.649762e-01,9.857948e-01,9.052576e+01
2.360000e+02,2.608350e+03,9.463699e-01,1.004439e+01,7.657576e-01,9.082513e+00,8.954856e-01,1.000000e+00,8.361133e-01,1.000000e+00,9.426973e-01,6.767686e-01,9.087932e-01,8.844390e+01
2.370000e+02,2.605088e+03,9.576380e-01,1.108464e+01,6.188728e-01,9.175706e+00,8.806622e-01,1.000000e+00,1.000000e+00,6.642065e-01,8.232863e-01,7.145428e-01,8.833080e-01,8.384745e+01
2.380000e+02,2.598248e+03,9.747004e-01,9.064047e+00,7.480284e-01,8.991050e+00,8.758504e-01,1.000000e+00,7.180122e-01,1.000000e+00,9.455473e-01,6.383357e-01,9.566398e-01,8.680206e+01
2.390000e+02,2.605222e+03,9.571083e-01,9.738747e+00,7.071155e-01,9.085897e+00,8.630079e-01,1.000000e+00,1.000000e+00,1.000000e+00,9.462405e-01,7.550646e-01,9.415737e-01,9.188971e+01
2.400000e+02,2.605383e+03,9.564771e-01,9.422619e+00,7.413125e-01,9.022069e+00,8.829651e-01,1.000000e+00,1.000000e+00,1.000000e+00,8.675533e-01,5.625564e-01,7.102110e-01,8.150867e+01
2.410000e+02,2.603108e+03,9.665820e-01,9.687587e+00,7.685023e-01,9.065245e+00,8.803451e-01,1.000000e+00,1.000000e+00,1.000000e+00,9.023288e-01,4.457533e-01,4.116541e-01,7.731829e+01
2.420000e+02,2.611370e+03,9.379733e-01,1.025303e+01,6.522066e-01,9.125565e+00,8.676413e-01,1.000000e+00,6.595783e-01,1.000000e+00,8.839103e-01,7.108783e-01,9.552431e-01,8.618081e+01
2.430000e+02,2.598714e+03,9.782410e-01,9.359271e+00,7.906786e-01,9.001912e+00,8.768231e-01,1.000000e+00,1.000000e+00,1.000000e+00,9.333384e-01,6.634742e-01,9.123767e-01,8.867904e+01
2.440000e+02,2.605417e+03,9.563459e-01,9.592287e+00,7.795231e-01,9.024727e+00,8.889270e-01,1.000000e+00,1.000000e+00,1.000000e+00,8.574684e-01,8.439862e-01,9.187527e-01,9.226865e+01
2.450000e+02,2.602638e+03,9.691279e-01,1.087326e+01,6.036273e-01,9.167345e+00,8.761741e-01,1.000000e+00,1.000000e+00,1.000000e+00,9.069592e-01,7.673933e-01,9.797028e-01,9.074550e+01
2.460000e+02,2.597465e+03,9.697222e-01,9.267251e+00,7.687775e-01,8.996970e+00,8.764090e-01,1.000000e+00,6.899479e-01,1.000000e+00,8.203511e-01,5.248013e-01,6.371240e-01,7.679024e+01
2.470000e+02,2.607000e+03,9.506722e-01,1.008477e+01,7.173982e-01,9.106404e+00,8.757937e-01,1.000000e+00,8.329867e-01,7.650369e-01,8.558849e-01,5.346770e-01,4.881069e-01,7.681964e+01
2.480000e+02,2.601856e+03,9.739764e-01,1.194594e+01,5.972710e-01,9.214416e+00,8.761787e-01,1.000000e+00,1.000000e+00,1.000000e+00,8.982331e-01,7.727475e-01,9.714092e-01,9.057850e+01
2.490000e+02,2.599769e+03,9.906635e-01,9.804352e+00,7.110460e-01,9.077925e+00,8.656655e-01,1.000000e+00,1.000000e+00,1.000000e+00,9.264367e-01,6.508845e-01,8.637398e-01,8.736181e+01
2.500000e+02,2.599884e+03,9.933696e-01,1.015584e+01,7.655676e-01,9.072534e+00,8.939530e-01,1.000000e+00,1.000000e+00,1.000000e+00,8.731873e-01,6.897257e-01,9.143226e-01,8.753802e+01
2.510000e+02,2.602915e+03,9.676000e-01,9.978015e+00,6.907893e-01,9.101540e+00,8.671625e-01,1.000000e+00,5.336672e-01,5.362304e-01,7.895780e-01,6.072833e-01,7.464982e-01,7.559988e+01
2.520000e+02,2.606756e+03,9.514970e-01,1.138202e+01,5.895698e-01,9.198230e+00,8.690494e-01,1.000000e+00,1.000000e+00,1.000000e+00,7.213877e-01,8.630654e-01,9.908090e-01,8.746048e+01
2.530000e+02,2.607873e+03,9.478423e-01,9.380007e+00,7.799612e-01,9.012054e+00,8.759311e-01,1.000000e+00,1.000000e+00,1.000000e+00,8.499372e-01,6.899025e-01,9.588399e-01,8.670726e+01
2.540000e+02,2.596490e+03,9.645619e-01,1.001539e+01,7.026462e-01,9.052422e+00,8.992048e-01,1.000000e+00,1.000000e+00,1.000000e+00,8.784350e-01,7.083318e-01,9.390471e-01,8.806414e+01
2.550000e+02,2.603731e+03,9.635030e-01,9.953278e+00,7.239023e-01,9.087717e+00,9.064897e-01,1.000000e+00,1.000000e+00,1.000000e+00,9.396418e-01,6.862274e-01,9.368185e-01,8.955899e+01
2.560000e+02,2.599839e+03,9.921881e-01,1.018079e+01,7.287106e-01,9.092033e+00,9.028834e-01,1.000000e+00,8.810908e-01,1.000000e+00,8.673267e-01,5.530422e-01,6.219371e-01,8.034696e+01
2.570000e+02,2.608772e+03,9.451039e-01,1.058367e+01,6.367342e-01,9.145048e+00,8.748058e-01,1.000000e+00,1.000000e+00,1.000000e+00,8.021756e-01,7.985691e-01,9.637919e-01,8.812824e+01
2.580000e+02,2.605706e+03,9.552502e-01,1.045383e+01,7.255914e-01,9.131759e+00,9.061664e-01,1.000000e+00,1.000000e+00,1.000000e+00,9.032355e-01,6.298771e-01,8.597524e-01,8.589274e+01
2.590000e+02,2.597968e+03,9.728023e-01,9.802390e+00,7.623608e-01,9.080679e+00,8.781343e-01,1.000000e+00,6.360512e-01,7.656163e-01,8.676790e-01,5.651022e-01,5.640113e-01,7.804222e+01
2.600000e+02,2.601317e+03,9.779917e-01,1.015680e+01,7.063217e-01,9.107057e+00,8.817940e-01,1.000000e+00,8.805556e-01,1.000000e+00,8.879934e-01,6.758853e-01,8.758226e-01,8.634818e+01
2.610000e+02,2.601433e+03,9.770629e-01,9.826487e+00,6.996263e-01,9.086325e+00,8.620523e-01,1.000000e+00,1.000000e+00,1.000000e+00,8.842372e-01,7.820888e-01,9.858780e-01,9.094451e+01
2.620000e+02,2.603779e+03,9.632772e-01,1.052181e+01,6.707704e-01,9.095438e+00,9.265733e-01,1.000000e+00,1.000000e+00,1.000000e+00,8.113929e-01,7.253886e-01,9.083511e-01,8.613221e+01
2.630000e+02,2.606013e+03,9.541150e-01,1.090493e+01,6.637116e-01,9.154543e+00,8.993636e-01,1.000000e+00,7.703404e-01,1.000000e+00,7.927790e-01,7.015493e-01,9.417866e-01,8.344808e+01
2.640000e+02,2.607751e+03,9.482284e-01,1.100773e+01,6.607899e-01,9.168251e+00,8.995423e-01,1.000000e+00,1.000000e+00,1.000000e+00,8.658180e-01,7.048248e-01,8.369923e-01,8.670026e+01
2.650000e+02,2.603431e+03,9.649467e-01,9.918252e+00,8.035718e-01,9.061057e+00,8.878713e-01,1.000000e+00,7.422019e-01,1.000000e+00,8.500558e-01,7.422926e-01,9.621184e-01,8.753574e+01
2.660000e+02,2.607587e+03,9.487507e-01,1.042422e+01,6.023341e-01,9.146448e+00,8.574773e-01,1.000000e+00,1.000000e+00,1.000000e+00,7.868495e-01,8.330555e-01,9.889014e-01,8.868399e+01
2.670000e+02,2.605964e+03,9.542941e-01,9.794452e+00,8.228725e-01,9.072935e+00,8.808712e-01,1.000000e+00,1.000000e+00,1.000000e+00,7.216276e-01,6.679599e-01,8.902719e-01,8.137711e+01
2.680000e+02,2.599999e+03,9.995252e-01,1.077470e+01,6.832284e-01,9.148445e+00,9.068140e-01,1.000000e+00,1.000000e+00,1.000000e+00,7.988715e-01,6.084838e-01,7.949838e-01,8.118019e+01
2.690000e+02,2.603879e+03,9.628106e-01,9.898119e+00,7.652441e-01,9.100043e+00,8.941113e-01,1.000000e+00,7.034170e-01,1.000000e+00,9.378453e-01,6.437089e-01,8.682428e-01,8.632353e+01
2.700000e+02,2.608745e+03,9.451826e-01,1.023675e+01,7.091006e-01,9.112046e+00,8.897150e-01,1.000000e+00,1.000000e+00,1.000000e+00,8.726290e-01,5.442450e-01,5.361918e-01,7.999154e+01
2.710000e+02,2.600506e+03,9.862425e-01,1.018612e+01,6.687215e-01,9.113343e+00,8.756502e-01,1.000000e+00,1.000000e+00,1.000000e+00,9.000000e-01,7.401981e-01,8.807984e-01,8.946400e+01
2.720000e+02,2.607726e+03,9.483055e-01,1.055772e+01,7.021140e-01,9.136801e+00,9.053745e-01,1.000000e+00,7.752767e-01,1.000000e+00,9.039682e-01,6.743180e-01,8.580128e-01,8.618543e+01
2.730000e+02,2.606308e+03,9.530559e-01,1.068639e+01,6.424615e-01,9.162933e+00,8.891262e-01,1.000000e+00,7.715473e-01,1.000000e+00,8.829649e-01,6.690492e-01,9.002494e-01,8.510270e+01
2.740000e+02,2.601042e+03,9.803695e-01,8.922066e+00,7.491399e-01,8.997428e+00,8.721747e-01,1.000000e+00,7.878541e-01,1.000000e+00,7.879104e-01,7.286413e-01,9.245095e-01,8.464955e+01
2.750000e+02,2.596374e+03,9.640010e-01,9.676447e+00,7.878949e-01,9.077144e+00,8.785156e-01,1.000000e+00,6.963729e-01,1.000000e+00,9.178481e-01,6.346988e-01,8.531529e-01,8.523883e+01
2.760000e+02,2.605431e+03,9.562928e-01,1.119842e+01,5.619510e-01,9.177294e+00,8.568664e-01,1.000000e+00,1.000000e+00,1.000000e+00,8.156467e-01,9.411240e-01,9.590724e-01,9.315789e+01
2.770000e+02,2.601204e+03,9.789300e-01,9.936208e+00,7.084026e-01,9.081212e+00,8.662556e-01,1.000000e+00,1.000000e+00,1.000000e+00,9.540895e-01,7.418169e-01,9.902207e-01,9.207577e+01
2.780000e+02,2.597956e+03,9.727241e-01,1.102764e+01,5.944652e-01,9.199063e+00,8.615976e-01,1.000000e+00,1.000000e+00,1.000000e+00,7.887379e-01,7.468592e-01,9.748522e-01,8.576410e+01
2.790000e+02,2.601079e+03,9.800389e-01,9.583669e+00,7.752046e-01,9.051310e+00,8.620052e-01,1.000000e+00,1.000000e+00,1.000000e+00,8.709929e-01,7.126683e-01,7.172591e-01,8.710068e+01
2.800000e+02,2.610149e+03,9.411965e-01,1.006330e+01,7.690375e-01,9.088282e+00,8.891833e-01,1.000000e+00,5.270721e-01,5.770785e-01,9.015232e-01,6.303793e-01,8.396137e-01,8.133249e+01
2.810000e+02,2.600996e+03,9.808043e-01,1.001341e+01,7.945217e-01,9.087380e+00,8.912652e-01,1.000000e+00,1.000000e+00,1.000000e+00,8.540318e-01,7.289757e-01,8.926494e-01,8.820146e+01
2.820000e+02,2.600091e+03,9.941144e-01,1.078560e+01,6.840097e-01,9.140357e+00,9.040536e-01,1.000000e+00,7.839842e-01,1.000000e+00,9.410874e-01,5.615087e-01,6.875018e-01,8.285918e+01
2.830000e+02,2.598996e+03,9.807325e-01,1.085941e+01,6.329473e-01,9.162328e+00,8.905706e-01,1.000000e+00,1.000000e+00,1.000000e+00,9.181215e-01,8.117403e-01,9.347508e-01,9.274017e+01
2.840000e+02,2.601843e+03,9.740648e-01,1.038817e+01,6.407552e-01,9.123334e+00,8.680863e-01,1.000000e+00,1.000000e+00,1.000000e+00,9.064592e-01,7.610651e-01,9.837132e-01,9.069645e+01
2.850000e+02,2.598698e+03,9.781155e-01,1.038768e+01,6.963148e-01,9.115641e+00,8.875659e-01,1.000000e+00,5.956016e-01,7.032333e-01,8.650521e-01,5.721111e-01,5.726392e-01,7.746806e+01
2.860000e+02,2.602881e+03,9.677844e-01,1.044507e+01,6.363872e-01,9.158448e+00,8.784538e-01,1.000000e+00,2.449820e-01,2.453565e-01,8.128694e-01,5.130232e-01,5.454190e-01,6.899816e+01
2.870000e+02,2.604158e+03,9.615482e-01,1.022705e+01,7.313779e-01,9.105271e+00,8.851158e-01,1.000000e+00,9.548101e-01,6.291836e-01,9.460028e-01,8.175334e-01,9.333710e-01,9.220080e+01
2.880000e+02,2.603506e+03,9.645769e-01,1.034401e+01,7.029016e-01,9.132635e+00,8.953601e-01,1.000000e+00,1.000000e+00,1.000000e+00,9.261248e-01,8.378089e-01,9.837295e-01,9.447052e+01
2.890000e+02,2.606175e+03,9.535311e-01,1.002496e+01,6.652330e-01,9.109630e+00,8.670330e-01,1.000000e+00,1.000000e+00,1.000000e+00,9.184638e-01,9.465683e-01,9.207339e-01,9.730878e+01
2.900000e+02,2.609258e+03,9.436881e-01,1.032279e+01,7.073068e-01,9.116142e+00,9.053330e-01,1.000000e+00,1.000000e+00,1.000000e+00,9.099620e-01,7.264859e-01,9.861584e-01,8.998810e+01
2.910000e+02,2.604232e+03,9.612179e-01,1.151985e+01,6.196294e-01,9.195701e+00,8.830873e-01,1.000000e+00,1.000000e+00,6.798134e-01,8.556038e-01,8.413623e-01,9.955893e-01,9.009050e+01
2.920000e+02,2.606181e+03,9.535084e-01,1.100129e+01,6.022388e-01,9.177946e+00,8.757791e-01,1.000000e+00,1.000000e+00,1.000000e+00,8.476930e-01,7.397593e-01,9.591764e-01,8.751434e+01
2.930000e+02,2.598721e+03,9.783043e-01,9.401306e+00,7.472192e-01,9.002987e+00,8.751998e-01,1.000000e+00,7.725702e-01,1.000000e+00,8.848280e-01,6.967913e-01,9.282251e-01,8.686427e+01
2.940000e+02,2.600812e+03,9.826300e-01,1.036202e+01,6.826735e-01,9.131260e+00,8.902025e-01,1.000000e+00,1.000000e+00,1.000000e+00,8.045967e-01,7.670569e-01,8.514320e-01,8.704257e+01
2.950000e+02,2.602315e+03,9.710256e-01,1.016575e+01,7.325595e-01,9.106136e+00,8.947903e-01,1.000000e+00,1.000000e+00,1.000000e+00,8.715230e-01,7.017669e-01,9.291590e-01,8.770282e+01
2.960000e+02,2.604396e+03,9.605041e-01,9.099771e+00,7.732556e-01,8.996492e+00,8.736234e-01,1.000000e+00,1.000000e+00,1.000000e+00,8.495876e-01,8.428681e-01,9.830513e-01,9.218812e+01
2.970000e+02,2.607432e+03,9.492501e-01,9.784552e+00,6.997920e-01,9.101109e+00,8.589907e-01,1.000000e+00,6.580947e-01,8.120828e-01,8.898453e-01,6.193595e-01,6.975914e-01,8.120118e+01
2.980000e+02,2.610361e+03,9.406219e-01,9.295112e+00,7.607590e-01,9.003003e+00,8.800357e-01,1.000000e+00,1.000000e+00,1.000000e+00,9.109719e-01,4.442126e-01,4.452281e-01,7.756468e+01
2.990000e+02,2.611098e+03,9.386739e-01,8.992532e+00,7.659989e-01,9.013674e+00,8.653432e-01,1.000000e+00,1.000000e+00,1.000000e+00,8.664076e-01,6.891705e-01,7.716515e-01,8.615357e+01
3.000000e+02,2.603762e+03,9.633532e-01,9.874249e+00,6.958647e-01,9.025016e+00,8.776968e-01,1.000000e+00,7.233635e-01,1.000000e+00,9.103280e-01,6.513914e-01,8.337828e-01,8.513049e+01
3.010000e+02,2.602344e+03,9.708522e-01,1.057128e+01,6.435110e-01,9.156155e+00,8.911515e-01,1.000000e+00,4.584727e-01,4.909152e-01,9.627337e-01,5.661554e-01,7.232070e-01,7.940167e+01
3.020000e+02,2.602396e+03,9.705380e-01,9.933193e+00,7.801327e-01,9.076272e+00,8.844385e-01,1.000000e+00,1.000000e+00,1.000000e+00,9.035488e-01,8.059389e-01,9.967345e-01,9.299129e+01
3.030000e+02,2.607292e+03,9.497046e-01,1.004615e+01,7.431486e-01,9.105768e+00,8.905977e-01,1.000000e+00,6.744606e-01,6.696418e-01,8.481527e-01,5.584164e-01,5.315183e-01,7.652528e+01
3.040000e+02,2.603877e+03,9.628187e-01,1.103120e+01,6.311841e-01,9.168642e+00,8.841026e-01,1.000000e+00,1.000000e+00,1.000000e+00,8.397752e-01,8.165767e-01,9.259038e-01,8.999236e+01
3.050000e+02,2.598231e+03,9.745772e-01,1.070458e+01,6.185016e-01,9.177556e+00,8.752780e-01,1.000000e+00,1.000000e+00,1.000000e+00,9.345047e-01,6.691914e-01,9.084561e-01,8.801343e+01
3.060000e+02,2.608792e+03,9.450434e-01,9.861753e+00,7.281913e-01,9.094392e+00,8.733663e-01,1.000000e+00,1.000000e+00,1.000000e+00,9.393914e-01,6.356917e-01,8.332618e-01,8.702722e+01
3.070000e+02,2.601592e+03,9.758526e-01,9.345041e+00,7.892158e-01,9.034341e+00,8.677355e-01,1.000000e+00,2.452407e-01,2.451409e-01,9.121951e-01,6.128713e-01,8.489073e-01,7.823779e+01
3.080000e+02,2.603266e+03,9.657687e-01,1.128484e+01,6.217414e-01,9.187541e+00,8.796511e-01,1.000000e+00,1.000000e+00,1.000000e+00,9.286448e-01,8.266262e-01,8.812326e-01,9.317645e+01
3.090000e+02,2.604367e+03,9.606313e-01,1.040707e+01,6.450939e-01,9.128887e+00,8.732975e-01,1.000000e+00,8.337741e-01,1.000000e+00,9.390044e-01,6.358205e-01,8.893403e-01,8.612956e+01
3.100000e+02,2.607202e+03,9.499998e-01,9.395025e+00,7.769357e-01,9.040124e+00,8.797532e-01,1.000000e+00,8.095656e-01,1.000000e+00,7.695252e-01,6.932206e-01,8.736082e-01,8.264541e+01
3.110000e+02,2.602153e+03,9.720310e-01,1.006881e+01,7.021415e-01,9.081321e+00,9.083182e-01,1.000000e+00,1.000000e+00,1.000000e+00,8.261122e-01,6.163951e-01,6.777197e-01,8.178881e+01
3.120000e+02,2.599478e+03,9.860287e-01,9.983881e+00,6.466027e-01,9.104433e+00,8.480544e-01,1.000000e+00,1.000000e+00,1.000000e+00,8.693883e-01,8.721746e-01,9.511906e-01,9.311409e+01
3.130000e+02,2.607534e+03,9.489206e-01,1.034635e+01,6.855344e-01,9.142082e+00,8.870319e-01,1.000000e+00,1.000000e+00,1.000000e+00,9.280817e-01,7.540485e-01,9.972843e-01,9.146841e+01
3.140000e+02,2.598185e+03,9.742617e-01,1.113757e+01,6.385651e-01,9.183783e+00,8.869904e-01,1.000000e+00,6.222974e-01,8.731829e-01,9.364321e-01,6.256660e-01,8.818142e-01,8.405899e+01
3.150000e+02,2.603820e+03,9.630857e-01,1.007809e+01,7.077656e-01,9.098923e+00,8.800570e-01,1.000000e+00,7.831839e-01,1.000000e+00,7.929720e-01,6.336141e-01,7.746664e-01,8.047430e+01
3.160000e+02,2.602734e+03,9.685933e-01,1.074266e+01,6.859642e-01,9.152025e+00,9.038895e-01,1.000000e+00,1.000000e+00,1.000000e+00,9.198152e-01,5.825251e-01,8.084457e-01,8.441637e+01
3.170000e+02,2.601690e+03,9.751408e-01,9.114469e+00,7.537547e-01,9.007094e+00,8.611761e-01,1.000000e+00,1.000000e+00,1.000000e+00,8.843914e-01,8.882795e-01,9.865444e-01,9.492656e+01
3.180000e+02,2.605519e+03,9.559576e-01,1.039333e+01,6.657453e-01,9.130611e+00,8.769735e-01,1.000000e+00,1.000000e+00,1.000000e+00,8.829981e-01,5.674824e-01,7.115224e-01,8.181781e+01
3.190000e+02,2.600376e+03,9.881173e-01,9.296796e+00,7.597407e-01,9.034418e+00,8.575554e-01,1.000000e+00,7.666483e-01,1.000000e+00,9.008641e-01,4.508131e-01,4.310152e-01,7.632409e+01
3.200000e+02,2.598322e+03,9.752245e-01,9.914116e+00,7.661203e-01,9.082321e+00,8.796591e-01,1.000000e+00,1.000000e+00,1.000000e+00,8.852813e-01,8.292737e-01,9.614007e-01,9.292145e+01
3.210000e+02,2.598847e+03,9.793741e-01,1.066484e+01,6.272343e-01,9.146350e+00,8.751747e-01,1.000000e+00,1.000000e+00,1.000000e+00,7.387519e-01,6.101539e-01,6.834592e-01,7.803792e+01
3.220000e+02,2.609926e+03,9.418067e-01,9.439188e+00,8.100505e-01,9.030987e+00,8.797520e-01,1.000000e+00,2.448540e-01,2.447124e-01,9.151080e-01,7.012243e-01,8.532549e-01,8.144378e+01
3.230000e+02,2.605039e+03,9.578313e-01,1.029277e+01,7.096380e-01,9.121679e+00,8.917756e-01,1.000000e+00,7.247852e-01,1.000000e+00,8.353981e-01,7.060303e-01,9.195714e-01,8.496800e+01
3.240000e+02,2.606250e+03,9.532634e-01,1.051658e+01,7.009848e-01,9.135899e+00,9.017391e-01,1.000000e+00,5.846701e-01,7.170314e-01,8.840817e-01,5.958515e-01,7.499813e-01,7.983601e+01
3.250000e+02,2.604689e+03,9.592622e-01,1.020681e+01,7.331053e-01,9.103506e+00,8.866037e-01,1.000000e+00,1.000000e+00,1.000000e+00,9.536347e-01,7.566784e-01,9.608075e-01,9.255985e+01
3.260000e+02,2.606033e+03,9.540433e-01,9.820136e+00,7.198559e-01,9.067050e+00,8.678206e-01,1.000000e+00,1.000000e+00,1.000000e+00,9.540735e-01,5.642341e-01,6.865132e-01,8.428193e+01
3.270000e+02,2.602815e+03,9.681456e-01,9.817962e+00,7.423651e-01,9.088465e+00,8.698844e-01,1.000000e+00,1.000000e+00,1.000000e+00,9.117091e-01,4.613965e-01,4.264344e-01,7.809284e+01
3.280000e+02,2.605801e+03,9.548966e-01,1.027109e+01,6.983908e-01,9.127776e+00,8.852614e-01,1.000000e+00,1.000000e+00,1.000000e+00,8.954868e-01,5.036229e-01,4.885448e-01,7.910431e+01
3.290000e+02,2.601957e+03,9.732991e-01,1.016905e+01,7.021916e-01,9.088076e+00,9.110898e-01,1.000000e+00,5.199040e-01,5.762360e-01,9.909692e-01,5.712080e-01,7.431864e-01,8.180573e+01
3.300000e+02,2.602054e+03,9.726646e-01,1.046812e+01,6.635401e-01,9.095995e+00,9.243131e-01,1.000000e+00,6.456136e-01,8.456651e-01,9.290828e-01,6.242424e-01,8.451125e-01,8.385093e+01
3.310000e+02,2.601538e+03,9.762532e-01,1.045368e+01,6.850221e-01,9.125567e+00,9.136118e-01,1.000000e+00,5.362038e-01,5.964332e-01,9.457653e-01,6.433900e-01,8.940063e-01,8.362809e+01
3.320000e+02,2.602839e+03,9.680135e-01,1.158403e+01,6.055698e-01,9.191127e+00,8.805887e-01,1.000000e+00,1.000000e+00,1.000000e+00,9.441312e-01,7.311046e-01,9.712973e-01,9.076060e+01
3.330000e+02,2.600406e+03,9.876616e-01,1.048771e+01,6.818510e-01,9.109027e+00,8.813620e-01,1.000000e+00,1.000000e+00,7.581270e-01,8.392327e-01,7.843903e-01,9.099006e-01,8.792131e+01
3.340000e+02,2.603110e+03,9.665718e-01,1.051505e+01,6.862075e-01,9.130612e+00,9.092253e-01,1.000000e+00,7.495826e-01,1.000000e+00,8.834547e-01,4.725008e-01,4.205897e-01,7.611933e+01
3.350000e+02,2.599432e+03,9.854302e-01,9.813718e+00,7.247428e-01,9.025057e+00,8.831857e-01,1.000000e+00,7.333812e-01,7.385750e-01,8.992264e-01,5.234557e-01,5.328392e-01,7.778464e+01
3.360000e+02,2.603450e+03,9.648516e-01,9.982628e+00,6.985736e-01,9.081512e+00,8.645202e-01,1.000000e+00,7.662755e-01,1.000000e+00,9.130430e-01,6.612493e-01,8.870776e-01,8.600672e+01
3.370000e+02,2.601774e+03,9.745409e-01,9.986021e+00,7.464565e-01,9.101799e+00,8.918713e-01,1.000000e+00,1.000000e+00,1.000000e+00,8.434994e-01,6.271046e-01,8.435657e-01,8.375331e+01
3.380000e+02,2.604559e+03,9.598100e-01,1.161860e+01,5.863794e-01,9.219109e+00,8.614563e-01,1.000000e+00,1.000000e+00,1.000000e+00,8.663471e-01,8.631217e-01,8.658734e-01,9.189900e+01
3.390000e+02,2.604374e+03,9.606009e-01,1.089007e+01,6.162097e-01,9.155227e+00,8.798043e-01,1.000000e+00,1.000000e+00,1.000000e+00,9.561678e-01,7.798329e-01,9.951424e-01,9.301881e+01
3.400000e+02,2.599842e+03,9.922734e-01,9.937660e+00,7.760325e-01,9.067753e+00,8.892593e-01,1.000000e+00,8.137772e-01,1.000000e+00,9.371721e-01,5.343705e-01,6.369782e-01,8.204560e+01
3.410000e+02,2.604215e+03,9.612942e-01,1.008211e+01,7.224233e-01,9.107239e+00,8.839462e-01,1.000000e+00,1.000000e+00,1.000000e+00,9.483226e-01,6.840384e-01,9.421815e-01,8.968186e+01
3.420000e+02,2.600629e+03,9.846867e-01,9.540158e+00,7.593621e-01,9.033348e+00,8.930034e-01,1.000000e+00,1.000000e+00,1.000000e+00,9.278055e-01,6.938916e-01,8.673821e-01,8.928157e+01
3.430000e+02,2.607333e+03,9.495702e-01,9.340296e+00,7.381227e-01,9.015069e+00,8.855109e-01,1.000000e+00,7.615365e-01,7.742855e-01,9.550590e-01,4.736859e-01,5.031028e-01,7.806671e+01
3.440000e+02,2.603056e+03,9.668514e-01,9.650949e+00,7.459239e-01,9.022656e+00,8.814075e-01,1.000000e+00,5.443462e-01,6.148158e-01,9.491094e-01,6.186942e-01,8.585408e-01,8.293255e+01
3.450000e+02,2.606659e+03,9.518302e-01,1.010565e+01,7.563525e-01,9.100891e+00,8.963364e-01,1.000000e+00,7.431411e-01,1.000000e+00,8.224156e-01,6.721384e-01,8.670820e-01,8.338310e+01
3.460000e+02,2.605991e+03,9.541956e-01,9.674908e+00,7.450388e-01,9.071583e+00,8.902283e-01,1.000000e+00,1.000000e+00,1.000000e+00,8.799743e-01,8.174927e-01,9.772353e-01,9.224484e+01
3.470000e+02,2.603447e+03,9.648660e-01,1.071695e+01,6.311979e-01,9.144852e+00,8.729680e-01,1.000000e+00,1.000000e+00,1.000000e+00,9.044797e-01,5.543260e-01,6.097236e-01,8.145198e+01
3.480000e+02,2.606867e+03,9.511211e-01,1.087056e+01,6.435758e-01,9.161693e+00,8.910811e-01,1.000000e+00,1.000000e+00,1.000000e+00,6.785945e-01,8.538415e-01,9.850470e-01,8.598938e+01
3.490000e+02,2.605856e+03,9.546927e-01,1.082911e+01,6.719138e-01,9.151246e+00,8.924131e-01,1.000000e+00,5.298039e-01,5.301174e-01,9.699694e-01,5.764562e-01,7.334525e-01,8.068686e+01
3.500000e+02,2.601176e+03,9.791788e-01,1.078693e+01,6.448263e-01,9.163370e+00,8.918291e-01,1.000000e+00,5.351467e-01,5.869889e-01,8.310345e-01,5.146315e-01,4.118012e-01,7.234717e+01
3.510000e+02,2.604241e+03,9.611803e-01,1.136230e+01,6.043973e-01,9.195349e+00,8.781116e-01,1.000000e+00,1.000000e+00,1.000000e+00,7.835482e-01,4.327785e-01,4.045195e-01,7.181248e+01
3.520000e+02,2.605164e+03,9.573344e-01,1.092295e+01,6.671511e-01,9.156481e+00,9.140962e-01,1.000000e+00,1.000000e+00,1.000000e+00,9.705428e-01,5.001268e-01,6.421316e-01,8.237700e+01
3.530000e+02,2.601629e+03,9.755769e-01,1.065623e+01,6.650100e-01,9.141444e+00,8.913265e-01,1.000000e+00,1.000000e+00,1.000000e+00,9.085419e-01,8.655437e-01,9.709727e-01,9.460743e+01
3.540000e+02,2.603500e+03,9.646088e-01,1.095938e+01,6.384436e-01,9.161921e+00,8.959959e-01,1.000000e+00,1.000000e+00,1.000000e+00,8.637053e-01,5.070036e-01,5.195840e-01,7.806797e+01
3.550000e+02,2.602769e+03,9.683978e-01,1.010350e+01,7.381447e-01,9.085828e+00,9.015602e-01,1.000000e+00,7.198055e-01,1.000000e+00,9.724266e-01,6.909705e-01,9.523901e-01,8.962039e+01
3.560000e+02,2.600309e+03,9.892218e-01,1.067807e+01,6.773126e-01,9.148484e+00,9.004533e-01,1.000000e+00,1.000000e+00,1.000000e+00,9.199209e-01,7.163870e-01,9.625390e-01,8.991841e+01
3.570000e+02,2.604502e+03,9.600485e-01,1.009978e+01,7.576570e-01,9.101051e+00,8.951229e-01,1.000000e+00,7.285568e-01,1.000000e+00,8.673191e-01,7.559700e-01,9.148527e-01,8.809631e+01
3.580000e+02,2.598792e+03,9.789040e-01,1.040884e+01,6.584716e-01,9.143637e+00,8.845608e-01,1.000000e+00,1.000000e+00,1.000000e+00,9.184087e-01,6.366289e-01,7.667592e-01,8.586979e+01
3.590000e+02,2.601768e+03,9.745869e-01,1.025740e+01,6.572486e-01,9.129482e+00,8.709416e-01,1.000000e+00,1.000000e+00,1.000000e+00,9.382448e-01,4.527332e-01,4.913600e-01,7.865491e+01
3.600000e+02,2.602007e+03,9.729669e-01,1.038198e+01,6.556320e-01,9.124804e+00,8.699038e-01,1.000000e+00,1.000000e+00,1.000000e+00,9.635767e-01,8.231859e-01,9.480454e-01,9.476943e+01
3.610000e+02,2.604219e+03,9.612767e-01,1.040315e+01,7.143531e-01,9.141015e+00,9.070123e-01,1.000000e+00,1.000000e+00,1.000000e+00,8.704361e-01,6.427719e-01,8.628662e-01,8.518982e+01
3.620000e+02,2.602395e+03,9.705413e-01,1.053114e+01,6.923714e-01,9.110322e+00,8.879537e-01,1.000000e+00,7.517827e-01,1.000000e+00,8.949231e-01,6.933928e-01,8.914029e-01,8.656132e+01
