0.000000e+00 3.138860000000000205e+00
4.000000e+00 3.141160000000000174e+00
8.000000e+00 3.140979999999999883e+00
1.200000e+01 3.141109999999999847e+00
1.600000e+01 3.143639999999999990e+00
2.000000e+01 3.143949999999999800e+00
2.400000e+01 3.209039999999999893e+00
2.800000e+01 3.208050000000000068e+00
3.200000e+01 3.204629999999999868e+00
3.600000e+01 3.206249999999999822e+00
4.000000e+01 3.204819999999999780e+00
4.400000e+01 3.206080000000000041e+00
4.800000e+01 3.202910000000000146e+00
5.200000e+01 3.206820000000000004e+00
5.600000e+01 3.207650000000000112e+00
6.000000e+01 3.204849999999999977e+00
6.400000e+01 3.209499999999999797e+00
6.800000e+01 3.205849999999999866e+00
7.200000e+01 3.202820000000000000e+00
7.600000e+01 3.206160000000000121e+00
8.000000e+01 3.202630000000000088e+00
8.400000e+01 3.205789999999999917e+00
8.800000e+01 3.205760000000000165e+00
9.200000e+01 3.206010000000000026e+00
9.600000e+01 3.203819999999999890e+00
1.000000e+02 3.203730000000000189e+00
1.040000e+02 3.204309999999999992e+00
1.080000e+02 3.205099999999999838e+00
1.120000e+02 3.203990000000000116e+00
1.160000e+02 3.202459999999999862e+00
1.200000e+02 3.201639999999999819e+00
1.240000e+02 3.205680000000000085e+00
1.280000e+02 3.202469999999999928e+00
1.320000e+02 3.203749999999999876e+00
1.360000e+02 3.203959999999999919e+00
1.400000e+02 3.204950000000000188e+00
1.440000e+02 3.206929999999999836e+00
1.480000e+02 3.204590000000000050e+00
1.520000e+02 3.207329999999999792e+00
1.560000e+02 3.203310000000000102e+00
1.600000e+02 3.203749999999999876e+00
1.640000e+02 3.204950000000000188e+00
1.680000e+02 3.208480000000000221e+00
1.720000e+02 3.208380000000000010e+00
1.760000e+02 3.205200000000000049e+00
1.800000e+02 3.203679999999999861e+00
1.840000e+02 3.205220000000000180e+00
1.880000e+02 3.205080000000000151e+00
1.920000e+02 3.207650000000000112e+00
1.960000e+02 3.206370000000000164e+00
2.000000e+02 3.204050000000000065e+00
2.040000e+02 3.205119999999999969e+00
2.080000e+02 3.205529999999999990e+00
2.120000e+02 3.201200000000000045e+00
2.160000e+02 3.206370000000000164e+00
2.200000e+02 3.203230000000000022e+00
2.240000e+02 3.205719999999999903e+00
2.280000e+02 3.203300000000000036e+00
2.320000e+02 3.206479999999999997e+00
2.360000e+02 3.203710000000000058e+00
2.400000e+02 3.205130000000000035e+00
2.440000e+02 3.207209999999999894e+00
2.480000e+02 3.203059999999999796e+00
2.520000e+02 3.203930000000000167e+00
2.560000e+02 3.203030000000000044e+00
2.600000e+02 3.202319999999999833e+00
2.640000e+02 3.204680000000000195e+00
2.680000e+02 3.205410000000000093e+00
2.720000e+02 3.206310000000000215e+00
2.760000e+02 3.205519999999999925e+00
2.800000e+02 3.203650000000000109e+00
2.840000e+02 3.205519999999999925e+00
2.880000e+02 3.204520000000000035e+00
2.920000e+02 3.202080000000000037e+00
2.960000e+02 3.204419999999999824e+00
3.000000e+02 3.205420000000000158e+00
3.040000e+02 3.207669999999999799e+00
3.080000e+02 3.206059999999999910e+00
3.120000e+02 3.204380000000000006e+00
3.160000e+02 3.205379999999999896e+00
3.200000e+02 3.204810000000000159e+00
3.240000e+02 3.205420000000000158e+00
3.280000e+02 3.205929999999999946e+00
3.320000e+02 3.205060000000000020e+00
3.360000e+02 3.205970000000000208e+00
3.400000e+02 3.204380000000000006e+00
3.440000e+02 3.206609999999999960e+00
3.480000e+02 3.204079999999999817e+00
3.520000e+02 3.203819999999999890e+00
3.560000e+02 3.205119999999999969e+00
3.600000e+02 3.205400000000000027e+00
3.640000e+02 3.205880000000000063e+00
3.680000e+02 3.201919999999999877e+00
3.720000e+02 3.203930000000000167e+00
3.760000e+02 3.205880000000000063e+00
3.800000e+02 3.203689999999999927e+00
3.840000e+02 3.206960000000000033e+00
3.880000e+02 3.205799999999999983e+00
3.920000e+02 3.202749999999999986e+00
3.960000e+02 3.202760000000000051e+00
4.000000e+02 3.204740000000000144e+00
4.040000e+02 3.205330000000000013e+00
4.080000e+02 3.204380000000000006e+00
4.120000e+02 3.204990000000000006e+00
4.160000e+02 3.206859999999999822e+00
4.200000e+02 3.201890000000000125e+00
4.240000e+02 3.205820000000000114e+00
4.280000e+02 3.202890000000000015e+00
4.320000e+02 3.207910000000000039e+00
4.360000e+02 3.206310000000000215e+00
4.400000e+02 3.204559999999999853e+00
4.440000e+02 3.202240000000000197e+00
4.480000e+02 3.205680000000000085e+00
4.520000e+02 3.205670000000000019e+00
4.560000e+02 3.203230000000000022e+00
4.600000e+02 3.203469999999999818e+00
4.640000e+02 3.203430000000000000e+00
4.680000e+02 3.206350000000000033e+00
4.720000e+02 3.202989999999999782e+00
4.760000e+02 3.204460000000000086e+00
4.800000e+02 3.204740000000000144e+00
4.840000e+02 3.201150000000000162e+00
4.880000e+02 3.203980000000000050e+00
4.920000e+02 3.204060000000000130e+00
4.960000e+02 3.204400000000000137e+00
5.000000e+02 3.203889999999999905e+00
