0.000000000000000000e+00 2.000399999999999956e+00 1.511390000000000011e+00 1.985749999999999904e+00 1.332570000000000032e+00
0.000000000000000000e+00 2.004710000000000214e+00 1.510019999999999918e+00 1.993679999999999897e+00 1.335229999999999917e+00
0.000000000000000000e+00 2.011150000000000215e+00 1.509230000000000071e+00 2.000269999999999992e+00 1.345579999999999998e+00
0.000000000000000000e+00 2.017360000000000042e+00 1.508720000000000061e+00 2.006520000000000081e+00 1.355399999999999938e+00
0.000000000000000000e+00 2.016410000000000036e+00 1.509200000000000097e+00 2.005660000000000220e+00 1.353320000000000078e+00
0.000000000000000000e+00 2.017939999999999845e+00 1.511579999999999924e+00 2.006790000000000074e+00 1.353539999999999965e+00
0.000000000000000000e+00 2.060690000000000133e+00 1.507190000000000030e+00 2.049319999999999808e+00 1.421810000000000018e+00
0.000000000000000000e+00 2.062959999999999905e+00 1.508960000000000079e+00 2.051769999999999872e+00 1.422989999999999977e+00
0.000000000000000000e+00 2.060319999999999929e+00 1.509239999999999915e+00 2.049259999999999859e+00 1.418649999999999967e+00
0.000000000000000000e+00 2.058320000000000149e+00 1.507980000000000098e+00 2.047120000000000051e+00 1.417270000000000030e+00
0.000000000000000000e+00 2.062380000000000102e+00 1.510739999999999972e+00 2.051169999999999938e+00 1.420279999999999987e+00
0.000000000000000000e+00 2.056890000000000107e+00 1.509020000000000028e+00 2.045889999999999986e+00 1.413799999999999946e+00
0.000000000000000000e+00 2.065290000000000070e+00 1.512659999999999894e+00 2.054170000000000051e+00 1.422350000000000003e+00
0.000000000000000000e+00 2.056680000000000064e+00 1.508890000000000065e+00 2.045180000000000220e+00 1.414330000000000087e+00
0.000000000000000000e+00 2.051829999999999821e+00 1.508990000000000054e+00 2.040259999999999962e+00 1.407240000000000046e+00
0.000000000000000000e+00 2.062739999999999796e+00 1.512159999999999949e+00 2.051280000000000214e+00 1.419680000000000053e+00
0.000000000000000000e+00 2.060639999999999805e+00 1.509679999999999911e+00 2.049199999999999910e+00 1.419200000000000017e+00
0.000000000000000000e+00 2.057020000000000071e+00 1.507880000000000109e+00 2.045589999999999797e+00 1.415810000000000013e+00
0.000000000000000000e+00 2.057249999999999801e+00 1.510620000000000074e+00 2.045900000000000052e+00 1.413110000000000088e+00
0.000000000000000000e+00 2.058399999999999785e+00 1.510150000000000103e+00 2.046969999999999956e+00 1.415399999999999991e+00
0.000000000000000000e+00 2.057020000000000071e+00 1.508799999999999919e+00 2.045900000000000052e+00 1.414390000000000036e+00
0.000000000000000000e+00 2.062520000000000131e+00 1.510140000000000038e+00 2.051050000000000040e+00 1.421510000000000051e+00
0.000000000000000000e+00 2.055130000000000123e+00 1.509789999999999965e+00 2.043750000000000178e+00 1.410940000000000083e+00
0.000000000000000000e+00 2.057360000000000078e+00 1.507730000000000015e+00 2.046269999999999811e+00 1.415999999999999925e+00
0.000000000000000000e+00 2.058440000000000047e+00 1.509339999999999904e+00 2.047229999999999883e+00 1.415999999999999925e+00
0.000000000000000000e+00 2.057939999999999880e+00 1.509300000000000086e+00 2.046310000000000073e+00 1.415939999999999976e+00
0.000000000000000000e+00 2.055769999999999875e+00 1.509390000000000009e+00 2.044109999999999872e+00 1.412700000000000067e+00
0.000000000000000000e+00 2.058139999999999858e+00 1.509509999999999907e+00 2.046809999999999796e+00 1.415569999999999995e+00
0.000000000000000000e+00 2.055600000000000094e+00 1.510969999999999924e+00 2.044420000000000126e+00 1.410080000000000000e+00
0.000000000000000000e+00 2.057990000000000208e+00 1.509149999999999991e+00 2.046670000000000211e+00 1.415729999999999933e+00
0.000000000000000000e+00 2.054580000000000073e+00 1.509859999999999980e+00 2.043179999999999996e+00 1.410090000000000066e+00
0.000000000000000000e+00 2.065589999999999815e+00 1.513889999999999958e+00 2.054460000000000175e+00 1.421510000000000051e+00
0.000000000000000000e+00 2.056540000000000035e+00 1.508010000000000073e+00 2.044989999999999863e+00 1.415140000000000065e+00
0.000000000000000000e+00 2.054120000000000168e+00 1.509519999999999973e+00 2.042739999999999778e+00 1.409750000000000059e+00
0.000000000000000000e+00 2.058949999999999836e+00 1.512359999999999927e+00 2.047810000000000130e+00 1.413429999999999964e+00
0.000000000000000000e+00 2.054469999999999796e+00 1.509300000000000086e+00 2.043169999999999931e+00 1.410379999999999967e+00
0.000000000000000000e+00 2.056340000000000057e+00 1.507209999999999939e+00 2.044960000000000111e+00 1.415450000000000097e+00
0.000000000000000000e+00 2.054450000000000109e+00 1.508089999999999931e+00 2.043200000000000127e+00 1.411569999999999991e+00
0.000000000000000000e+00 2.054629999999999956e+00 1.509740000000000082e+00 2.043039999999999967e+00 1.410570000000000102e+00
0.000000000000000000e+00 2.056789999999999896e+00 1.508629999999999916e+00 2.045479999999999965e+00 1.414500000000000091e+00
0.000000000000000000e+00 2.057700000000000085e+00 1.508780000000000010e+00 2.046440000000000037e+00 1.415610000000000035e+00
0.000000000000000000e+00 2.060140000000000082e+00 1.509439999999999893e+00 2.048740000000000006e+00 1.418670000000000098e+00
0.000000000000000000e+00 2.057609999999999939e+00 1.510089999999999932e+00 2.046479999999999855e+00 1.413880000000000026e+00
0.000000000000000000e+00 2.059959999999999791e+00 1.510569999999999968e+00 2.048309999999999853e+00 1.417569999999999997e+00
0.000000000000000000e+00 2.056389999999999940e+00 1.507460000000000022e+00 2.045209999999999972e+00 1.414970000000000061e+00
0.000000000000000000e+00 2.054250000000000131e+00 1.509370000000000100e+00 2.042660000000000142e+00 1.410390000000000033e+00
0.000000000000000000e+00 2.058629999999999960e+00 1.509759999999999991e+00 2.047250000000000014e+00 1.416090000000000071e+00
0.000000000000000000e+00 2.058809999999999807e+00 1.509169999999999900e+00 2.047320000000000029e+00 1.417140000000000066e+00
0.000000000000000000e+00 2.057240000000000180e+00 1.509549999999999947e+00 2.045879999999999921e+00 1.414250000000000007e+00
0.000000000000000000e+00 2.057220000000000049e+00 1.511740000000000084e+00 2.045999999999999819e+00 1.411680000000000046e+00
0.000000000000000000e+00 2.055289999999999839e+00 1.509309999999999929e+00 2.043969999999999843e+00 1.411599999999999966e+00
0.000000000000000000e+00 2.059779999999999944e+00 1.509900000000000020e+00 2.048360000000000181e+00 1.417689999999999895e+00
0.000000000000000000e+00 2.054870000000000196e+00 1.511949999999999905e+00 2.043639999999999901e+00 1.408039999999999958e+00
0.000000000000000000e+00 2.051200000000000134e+00 1.508440000000000003e+00 2.039740000000000109e+00 1.406730000000000036e+00
0.000000000000000000e+00 2.060389999999999944e+00 1.508920000000000039e+00 2.049110000000000209e+00 1.419410000000000061e+00
0.000000000000000000e+00 2.058819999999999872e+00 1.511160000000000059e+00 2.047410000000000174e+00 1.414919999999999956e+00
0.000000000000000000e+00 2.055349999999999788e+00 1.508119999999999905e+00 2.043930000000000025e+00 1.413110000000000088e+00
0.000000000000000000e+00 2.059070000000000178e+00 1.509309999999999929e+00 2.048099999999999810e+00 1.416630000000000056e+00
0.000000000000000000e+00 2.054009999999999891e+00 1.510259999999999936e+00 2.042739999999999778e+00 1.408639999999999892e+00
0.000000000000000000e+00 2.059410000000000185e+00 1.510240000000000027e+00 2.048230000000000217e+00 1.416430000000000078e+00
0.000000000000000000e+00 2.062289999999999957e+00 1.511730000000000018e+00 2.050769999999999982e+00 1.419540000000000024e+00
0.000000000000000000e+00 2.059250000000000025e+00 1.507959999999999967e+00 2.048010000000000108e+00 1.418709999999999916e+00
0.000000000000000000e+00 2.051419999999999799e+00 1.509980000000000100e+00 2.040220000000000145e+00 1.405030000000000001e+00
0.000000000000000000e+00 2.056880000000000042e+00 1.509630000000000027e+00 2.045599999999999863e+00 1.413529999999999953e+00
0.000000000000000000e+00 2.056669999999999998e+00 1.509050000000000002e+00 2.045189999999999841e+00 1.414120000000000044e+00
0.000000000000000000e+00 2.059079999999999799e+00 1.510170000000000012e+00 2.047890000000000210e+00 1.416050000000000031e+00
0.000000000000000000e+00 2.057819999999999983e+00 1.510119999999999907e+00 2.046409999999999840e+00 1.414570000000000105e+00
0.000000000000000000e+00 2.055359999999999854e+00 1.508569999999999967e+00 2.043919999999999959e+00 1.412660000000000027e+00
0.000000000000000000e+00 2.059509999999999952e+00 1.508180000000000076e+00 2.048179999999999890e+00 1.418959999999999999e+00
0.000000000000000000e+00 2.062840000000000007e+00 1.511349999999999971e+00 2.051489999999999814e+00 1.420490000000000030e+00
0.000000000000000000e+00 2.058129999999999793e+00 1.510399999999999965e+00 2.046949999999999825e+00 1.414390000000000036e+00
0.000000000000000000e+00 2.059079999999999799e+00 1.507970000000000033e+00 2.047460000000000058e+00 1.418989999999999974e+00
0.000000000000000000e+00 2.063009999999999788e+00 1.510080000000000089e+00 2.051719999999999988e+00 1.422029999999999905e+00
0.000000000000000000e+00 2.056210000000000093e+00 1.510299999999999976e+00 2.044820000000000082e+00 1.411969999999999947e+00
0.000000000000000000e+00 2.057589999999999808e+00 1.509670000000000067e+00 2.045889999999999986e+00 1.415129999999999999e+00
0.000000000000000000e+00 2.060909999999999798e+00 1.510140000000000038e+00 2.049599999999999866e+00 1.418900000000000050e+00
0.000000000000000000e+00 2.058559999999999945e+00 1.510790000000000077e+00 2.047499999999999876e+00 1.414420000000000011e+00
0.000000000000000000e+00 2.060480000000000089e+00 1.509449999999999958e+00 2.049259999999999859e+00 1.418879999999999919e+00
0.000000000000000000e+00 2.057139999999999969e+00 1.511220000000000008e+00 2.045770000000000088e+00 1.412330000000000085e+00
0.000000000000000000e+00 2.061080000000000023e+00 1.509370000000000100e+00 2.049720000000000208e+00 1.420069999999999943e+00
0.000000000000000000e+00 2.056620000000000115e+00 1.508240000000000025e+00 2.045319999999999805e+00 1.414660000000000029e+00
0.000000000000000000e+00 2.058330000000000215e+00 1.508380000000000054e+00 2.046990000000000087e+00 1.417049999999999921e+00
0.000000000000000000e+00 2.060070000000000068e+00 1.511470000000000091e+00 2.048529999999999962e+00 1.416600000000000081e+00
0.000000000000000000e+00 2.055600000000000094e+00 1.508119999999999905e+00 2.044309999999999850e+00 1.413280000000000092e+00
0.000000000000000000e+00 2.057129999999999903e+00 1.510709999999999997e+00 2.045690000000000008e+00 1.412949999999999928e+00
0.000000000000000000e+00 2.056470000000000020e+00 1.508170000000000011e+00 2.045090000000000074e+00 1.414639999999999898e+00
0.000000000000000000e+00 2.054609999999999825e+00 1.511090000000000044e+00 2.043299999999999894e+00 1.408679999999999932e+00
0.000000000000000000e+00 2.054230000000000000e+00 1.509200000000000097e+00 2.043029999999999902e+00 1.409980000000000011e+00
0.000000000000000000e+00 2.056649999999999867e+00 1.508129999999999971e+00 2.045319999999999805e+00 1.414860000000000007e+00
0.000000000000000000e+00 2.058380000000000098e+00 1.512240000000000029e+00 2.046879999999999811e+00 1.413249999999999895e+00
0.000000000000000000e+00 2.057869999999999866e+00 1.510310000000000041e+00 2.046570000000000000e+00 1.414279999999999982e+00
0.000000000000000000e+00 2.057650000000000201e+00 1.510389999999999899e+00 2.046370000000000022e+00 1.413839999999999986e+00
0.000000000000000000e+00 2.056059999999999999e+00 1.509509999999999907e+00 2.044599999999999973e+00 1.412709999999999910e+00
0.000000000000000000e+00 2.057119999999999838e+00 1.510839999999999961e+00 2.045710000000000139e+00 1.412779999999999925e+00
0.000000000000000000e+00 2.059750000000000192e+00 1.510280000000000067e+00 2.048309999999999853e+00 1.417270000000000030e+00
0.000000000000000000e+00 2.057030000000000136e+00 1.510089999999999932e+00 2.045560000000000045e+00 1.413529999999999953e+00
0.000000000000000000e+00 2.056350000000000122e+00 1.510529999999999928e+00 2.045160000000000089e+00 1.411650000000000071e+00
0.000000000000000000e+00 2.057310000000000194e+00 1.510189999999999921e+00 2.045739999999999892e+00 1.413960000000000106e+00
0.000000000000000000e+00 2.058769999999999989e+00 1.507870000000000044e+00 2.047390000000000043e+00 1.418320000000000025e+00
0.000000000000000000e+00 2.056799999999999962e+00 1.509759999999999991e+00 2.045669999999999877e+00 1.413049999999999917e+00
0.000000000000000000e+00 2.066129999999999800e+00 1.513139999999999930e+00 2.054790000000000116e+00 1.423399999999999999e+00
0.000000000000000000e+00 2.056519999999999904e+00 1.508369999999999989e+00 2.044979999999999798e+00 1.414709999999999912e+00
0.000000000000000000e+00 2.058479999999999865e+00 1.508089999999999931e+00 2.047210000000000196e+00 1.417499999999999982e+00
0.000000000000000000e+00 2.057510000000000172e+00 1.510369999999999990e+00 2.045999999999999819e+00 1.413999999999999924e+00
0.000000000000000000e+00 2.052740000000000009e+00 1.507560000000000011e+00 2.041360000000000063e+00 1.409820000000000073e+00
0.000000000000000000e+00 2.056919999999999860e+00 1.510289999999999910e+00 2.045490000000000030e+00 1.413100000000000023e+00
0.000000000000000000e+00 2.058269999999999822e+00 1.511400000000000077e+00 2.047099999999999920e+00 1.413499999999999979e+00
0.000000000000000000e+00 2.055099999999999927e+00 1.508580000000000032e+00 2.043890000000000207e+00 1.411929999999999907e+00
0.000000000000000000e+00 2.055829999999999824e+00 1.509090000000000042e+00 2.044220000000000148e+00 1.413040000000000074e+00
0.000000000000000000e+00 2.055750000000000188e+00 1.510529999999999928e+00 2.044669999999999987e+00 1.410609999999999919e+00
0.000000000000000000e+00 2.058549999999999880e+00 1.510099999999999998e+00 2.047200000000000131e+00 1.415569999999999995e+00
0.000000000000000000e+00 2.058310000000000084e+00 1.512399999999999967e+00 2.046940000000000204e+00 1.412779999999999925e+00
0.000000000000000000e+00 2.054840000000000000e+00 1.510380000000000056e+00 2.043520000000000003e+00 1.409790000000000099e+00
0.000000000000000000e+00 2.056579999999999853e+00 1.507789999999999964e+00 2.045040000000000191e+00 1.415429999999999966e+00
0.000000000000000000e+00 2.056639999999999802e+00 1.510099999999999998e+00 2.045249999999999790e+00 1.412840000000000096e+00
0.000000000000000000e+00 2.055520000000000014e+00 1.508529999999999927e+00 2.044090000000000185e+00 1.412910000000000110e+00
0.000000000000000000e+00 2.058399999999999785e+00 1.509020000000000028e+00 2.047210000000000196e+00 1.416260000000000074e+00
0.000000000000000000e+00 2.057230000000000114e+00 1.510150000000000103e+00 2.045679999999999943e+00 1.413890000000000091e+00
0.000000000000000000e+00 2.055079999999999796e+00 1.509460000000000024e+00 2.043899999999999828e+00 1.410930000000000017e+00
0.000000000000000000e+00 2.061729999999999841e+00 1.509980000000000100e+00 2.050600000000000200e+00 1.420029999999999903e+00
0.000000000000000000e+00 2.056970000000000187e+00 1.510389999999999899e+00 2.045720000000000205e+00 1.412819999999999965e+00
0.000000000000000000e+00 2.054619999999999891e+00 1.509600000000000053e+00 2.043070000000000164e+00 1.410649999999999959e+00
0.000000000000000000e+00 2.059070000000000178e+00 1.509889999999999954e+00 2.047839999999999883e+00 1.416379999999999972e+00
0.000000000000000000e+00 2.059390000000000054e+00 1.509409999999999918e+00 2.047909999999999897e+00 1.417720000000000091e+00
0.000000000000000000e+00 2.053910000000000124e+00 1.510040000000000049e+00 2.042429999999999968e+00 1.409030000000000005e+00
0.000000000000000000e+00 2.061040000000000205e+00 1.509749999999999925e+00 2.049679999999999946e+00 1.419589999999999907e+00
