0.000000000000000000e+00 3.138860000000000205e+00 2.369850000000000012e+00 2.542089999999999961e+00 2.761610000000000120e+00
0.000000000000000000e+00 3.141160000000000174e+00 2.376050000000000217e+00 2.541939999999999866e+00 2.761660000000000004e+00
0.000000000000000000e+00 3.140979999999999883e+00 2.375249999999999861e+00 2.543880000000000141e+00 2.760149999999999881e+00
0.000000000000000000e+00 3.141109999999999847e+00 2.377339999999999787e+00 2.545329999999999870e+00 2.757299999999999862e+00
0.000000000000000000e+00 3.143639999999999990e+00 2.379350000000000076e+00 2.547989999999999977e+00 2.758879999999999999e+00
0.000000000000000000e+00 3.143949999999999800e+00 2.380129999999999857e+00 2.548319999999999919e+00 2.758610000000000007e+00
0.000000000000000000e+00 3.209039999999999893e+00 2.488059999999999938e+00 2.520410000000000039e+00 2.837779999999999969e+00
0.000000000000000000e+00 3.208050000000000068e+00 2.489069999999999894e+00 2.517040000000000166e+00 2.837650000000000006e+00
0.000000000000000000e+00 3.204629999999999868e+00 2.490930000000000089e+00 2.510520000000000085e+00 2.834070000000000089e+00
0.000000000000000000e+00 3.206249999999999822e+00 2.491960000000000175e+00 2.513860000000000205e+00 2.833860000000000046e+00
0.000000000000000000e+00 3.204819999999999780e+00 2.491010000000000169e+00 2.510810000000000208e+00 2.834150000000000169e+00
0.000000000000000000e+00 3.206080000000000041e+00 2.495000000000000107e+00 2.509619999999999962e+00 2.834540000000000060e+00
0.000000000000000000e+00 3.202910000000000146e+00 2.490810000000000191e+00 2.509040000000000159e+00 2.831589999999999829e+00
0.000000000000000000e+00 3.206820000000000004e+00 2.497349999999999959e+00 2.507929999999999993e+00 2.835630000000000095e+00
0.000000000000000000e+00 3.207650000000000112e+00 2.494660000000000100e+00 2.510829999999999895e+00 2.837320000000000064e+00
0.000000000000000000e+00 3.204849999999999977e+00 2.493910000000000071e+00 2.508649999999999824e+00 2.833590000000000053e+00
0.000000000000000000e+00 3.209499999999999797e+00 2.496560000000000112e+00 2.512760000000000105e+00 2.838130000000000042e+00
0.000000000000000000e+00 3.205849999999999866e+00 2.494969999999999910e+00 2.508579999999999810e+00 2.834979999999999833e+00
0.000000000000000000e+00 3.202820000000000000e+00 2.494860000000000078e+00 2.505160000000000053e+00 2.831240000000000201e+00
0.000000000000000000e+00 3.206160000000000121e+00 2.495940000000000047e+00 2.508739999999999970e+00 2.834700000000000220e+00
0.000000000000000000e+00 3.202630000000000088e+00 2.490419999999999856e+00 2.509180000000000188e+00 2.831179999999999808e+00
0.000000000000000000e+00 3.205789999999999917e+00 2.491190000000000015e+00 2.513360000000000039e+00 2.833940000000000126e+00
0.000000000000000000e+00 3.205760000000000165e+00 2.491560000000000219e+00 2.512789999999999857e+00 2.834029999999999827e+00
0.000000000000000000e+00 3.206010000000000026e+00 2.495950000000000113e+00 2.508220000000000116e+00 2.834799999999999986e+00
0.000000000000000000e+00 3.203819999999999890e+00 2.491670000000000051e+00 2.510120000000000129e+00 2.831939999999999902e+00
0.000000000000000000e+00 3.203730000000000189e+00 2.495249999999999968e+00 2.505990000000000162e+00 2.832240000000000091e+00
0.000000000000000000e+00 3.204309999999999992e+00 2.493040000000000145e+00 2.509329999999999838e+00 2.832530000000000214e+00
0.000000000000000000e+00 3.205099999999999838e+00 2.492789999999999839e+00 2.509320000000000217e+00 2.834529999999999994e+00
0.000000000000000000e+00 3.203990000000000116e+00 2.493840000000000057e+00 2.507569999999999855e+00 2.832660000000000178e+00
0.000000000000000000e+00 3.202459999999999862e+00 2.489850000000000119e+00 2.509479999999999933e+00 2.831030000000000157e+00
0.000000000000000000e+00 3.201639999999999819e+00 2.494909999999999961e+00 2.503439999999999888e+00 2.830070000000000086e+00
0.000000000000000000e+00 3.205680000000000085e+00 2.494489999999999874e+00 2.509970000000000034e+00 2.833779999999999966e+00
0.000000000000000000e+00 3.202469999999999928e+00 2.490409999999999791e+00 2.509049999999999780e+00 2.830929999999999946e+00
0.000000000000000000e+00 3.203749999999999876e+00 2.490689999999999849e+00 2.510600000000000165e+00 2.832209999999999894e+00
0.000000000000000000e+00 3.203959999999999919e+00 2.489129999999999843e+00 2.512039999999999829e+00 2.832770000000000010e+00
0.000000000000000000e+00 3.204950000000000188e+00 2.495350000000000179e+00 2.507130000000000081e+00 2.833880000000000177e+00
0.000000000000000000e+00 3.206929999999999836e+00 2.497829999999999995e+00 2.507849999999999913e+00 2.835550000000000015e+00
0.000000000000000000e+00 3.204590000000000050e+00 2.493529999999999802e+00 2.508539999999999992e+00 2.833419999999999828e+00
0.000000000000000000e+00 3.207329999999999792e+00 2.493479999999999919e+00 2.511979999999999880e+00 2.836640000000000050e+00
0.000000000000000000e+00 3.203310000000000102e+00 2.493959999999999955e+00 2.506530000000000147e+00 2.831939999999999902e+00
0.000000000000000000e+00 3.203749999999999876e+00 2.493219999999999992e+00 2.508760000000000101e+00 2.831609999999999960e+00
0.000000000000000000e+00 3.204950000000000188e+00 2.492319999999999869e+00 2.510879999999999779e+00 2.833219999999999850e+00
0.000000000000000000e+00 3.208480000000000221e+00 2.495330000000000048e+00 2.511989999999999945e+00 2.837600000000000122e+00
0.000000000000000000e+00 3.208380000000000010e+00 2.491280000000000161e+00 2.515410000000000146e+00 2.837880000000000180e+00
0.000000000000000000e+00 3.205200000000000049e+00 2.494870000000000143e+00 2.508960000000000079e+00 2.833250000000000046e+00
0.000000000000000000e+00 3.203679999999999861e+00 2.493209999999999926e+00 2.507859999999999978e+00 2.832260000000000222e+00
0.000000000000000000e+00 3.205220000000000180e+00 2.488210000000000033e+00 2.514940000000000175e+00 2.833860000000000046e+00
0.000000000000000000e+00 3.205080000000000151e+00 2.493980000000000086e+00 2.510009999999999852e+00 2.832840000000000025e+00
0.000000000000000000e+00 3.207650000000000112e+00 2.490400000000000169e+00 2.516919999999999824e+00 2.835669999999999913e+00
0.000000000000000000e+00 3.206370000000000164e+00 2.494270000000000209e+00 2.511350000000000193e+00 2.834309999999999885e+00
0.000000000000000000e+00 3.204050000000000065e+00 2.490559999999999885e+00 2.511740000000000084e+00 2.831980000000000164e+00
0.000000000000000000e+00 3.205119999999999969e+00 2.493679999999999897e+00 2.509349999999999969e+00 2.833790000000000031e+00
0.000000000000000000e+00 3.205529999999999990e+00 2.493900000000000006e+00 2.510870000000000157e+00 2.833159999999999901e+00
0.000000000000000000e+00 3.201200000000000045e+00 2.490720000000000045e+00 2.507530000000000037e+00 2.829120000000000079e+00
0.000000000000000000e+00 3.206370000000000164e+00 2.497479999999999922e+00 2.507260000000000044e+00 2.835119999999999862e+00
0.000000000000000000e+00 3.203230000000000022e+00 2.491760000000000197e+00 2.509759999999999991e+00 2.830839999999999801e+00
0.000000000000000000e+00 3.205719999999999903e+00 2.492640000000000189e+00 2.511420000000000208e+00 2.834229999999999805e+00
0.000000000000000000e+00 3.203300000000000036e+00 2.491420000000000190e+00 2.510740000000000194e+00 2.830410000000000093e+00
0.000000000000000000e+00 3.206479999999999997e+00 2.495699999999999807e+00 2.509329999999999838e+00 2.835090000000000110e+00
0.000000000000000000e+00 3.203710000000000058e+00 2.489259999999999806e+00 2.512610000000000010e+00 2.831589999999999829e+00
0.000000000000000000e+00 3.205130000000000035e+00 2.490740000000000176e+00 2.512630000000000141e+00 2.833489999999999842e+00
0.000000000000000000e+00 3.207209999999999894e+00 2.494610000000000216e+00 2.512880000000000003e+00 2.834560000000000191e+00
0.000000000000000000e+00 3.203059999999999796e+00 2.491439999999999877e+00 2.509110000000000174e+00 2.831300000000000150e+00
0.000000000000000000e+00 3.203930000000000167e+00 2.491299999999999848e+00 2.510200000000000209e+00 2.832430000000000003e+00
0.000000000000000000e+00 3.203030000000000044e+00 2.489869999999999806e+00 2.510860000000000092e+00 2.831069999999999975e+00
0.000000000000000000e+00 3.202319999999999833e+00 2.491379999999999928e+00 2.508529999999999927e+00 2.830200000000000049e+00
0.000000000000000000e+00 3.204680000000000195e+00 2.493819999999999926e+00 2.509599999999999831e+00 2.832430000000000003e+00
0.000000000000000000e+00 3.205410000000000093e+00 2.490250000000000075e+00 2.512919999999999821e+00 2.834290000000000198e+00
0.000000000000000000e+00 3.206310000000000215e+00 2.494130000000000180e+00 2.511270000000000113e+00 2.834389999999999965e+00
0.000000000000000000e+00 3.205519999999999925e+00 2.489689999999999959e+00 2.514009999999999856e+00 2.834060000000000024e+00
0.000000000000000000e+00 3.203650000000000109e+00 2.495410000000000128e+00 2.506499999999999950e+00 2.831449999999999800e+00
0.000000000000000000e+00 3.205519999999999925e+00 2.491969999999999796e+00 2.512210000000000054e+00 2.833639999999999937e+00
0.000000000000000000e+00 3.204520000000000035e+00 2.488739999999999952e+00 2.514019999999999921e+00 2.832640000000000047e+00
0.000000000000000000e+00 3.202080000000000037e+00 2.490909999999999958e+00 2.508420000000000094e+00 2.830169999999999852e+00
0.000000000000000000e+00 3.204419999999999824e+00 2.489739999999999842e+00 2.512469999999999981e+00 2.832910000000000039e+00
0.000000000000000000e+00 3.205420000000000158e+00 2.491220000000000212e+00 2.512880000000000003e+00 2.833489999999999842e+00
0.000000000000000000e+00 3.207669999999999799e+00 2.495629999999999793e+00 2.511050000000000004e+00 2.836320000000000174e+00
0.000000000000000000e+00 3.206059999999999910e+00 2.490870000000000140e+00 2.513640000000000096e+00 2.834579999999999878e+00
0.000000000000000000e+00 3.204380000000000006e+00 2.488570000000000171e+00 2.513889999999999958e+00 2.832580000000000098e+00
0.000000000000000000e+00 3.205379999999999896e+00 2.497059999999999835e+00 2.506670000000000176e+00 2.833769999999999900e+00
0.000000000000000000e+00 3.204810000000000159e+00 2.491839999999999833e+00 2.510229999999999961e+00 2.833919999999999995e+00
0.000000000000000000e+00 3.205420000000000158e+00 2.492659999999999876e+00 2.511699999999999822e+00 2.833279999999999799e+00
0.000000000000000000e+00 3.205929999999999946e+00 2.494019999999999904e+00 2.510390000000000121e+00 2.834389999999999965e+00
0.000000000000000000e+00 3.205060000000000020e+00 2.491260000000000030e+00 2.512100000000000222e+00 2.833330000000000126e+00
0.000000000000000000e+00 3.205970000000000208e+00 2.494439999999999991e+00 2.509679999999999911e+00 2.834740000000000038e+00
0.000000000000000000e+00 3.204380000000000006e+00 2.493320000000000203e+00 2.509180000000000188e+00 2.832570000000000032e+00
0.000000000000000000e+00 3.206609999999999960e+00 2.494520000000000071e+00 2.511099999999999888e+00 2.834870000000000001e+00
0.000000000000000000e+00 3.204079999999999817e+00 2.492189999999999905e+00 2.510050000000000114e+00 2.832120000000000193e+00
0.000000000000000000e+00 3.203819999999999890e+00 2.494769999999999932e+00 2.507319999999999993e+00 2.831679999999999975e+00
0.000000000000000000e+00 3.205119999999999969e+00 2.492729999999999890e+00 2.510909999999999975e+00 2.833229999999999915e+00
0.000000000000000000e+00 3.205400000000000027e+00 2.491029999999999855e+00 2.512830000000000119e+00 2.833660000000000068e+00
0.000000000000000000e+00 3.205880000000000063e+00 2.491260000000000030e+00 2.512630000000000141e+00 2.834719999999999906e+00
0.000000000000000000e+00 3.201919999999999877e+00 2.493339999999999890e+00 2.506060000000000176e+00 2.829759999999999831e+00
0.000000000000000000e+00 3.203930000000000167e+00 2.491579999999999906e+00 2.510530000000000150e+00 2.831879999999999953e+00
0.000000000000000000e+00 3.205880000000000063e+00 2.496259999999999923e+00 2.508439999999999781e+00 2.834039999999999893e+00
0.000000000000000000e+00 3.203689999999999927e+00 2.488379999999999814e+00 2.512890000000000068e+00 2.832069999999999865e+00
0.000000000000000000e+00 3.206960000000000033e+00 2.493409999999999904e+00 2.512100000000000222e+00 2.835749999999999993e+00
0.000000000000000000e+00 3.205799999999999983e+00 2.492910000000000181e+00 2.511730000000000018e+00 2.833899999999999864e+00
0.000000000000000000e+00 3.202749999999999986e+00 2.489440000000000097e+00 2.510819999999999830e+00 2.830849999999999866e+00
0.000000000000000000e+00 3.202760000000000051e+00 2.486720000000000041e+00 2.513860000000000205e+00 2.830569999999999808e+00
0.000000000000000000e+00 3.204740000000000144e+00 2.490829999999999878e+00 2.511789999999999967e+00 2.833260000000000112e+00
0.000000000000000000e+00 3.205330000000000013e+00 2.489459999999999784e+00 2.513619999999999965e+00 2.834189999999999987e+00
0.000000000000000000e+00 3.204380000000000006e+00 2.492890000000000050e+00 2.509910000000000085e+00 2.832310000000000105e+00
0.000000000000000000e+00 3.204990000000000006e+00 2.493580000000000130e+00 2.510099999999999998e+00 2.832910000000000039e+00
0.000000000000000000e+00 3.206859999999999822e+00 2.493469999999999853e+00 2.512830000000000119e+00 2.834820000000000118e+00
0.000000000000000000e+00 3.201890000000000125e+00 2.492399999999999949e+00 2.506260000000000154e+00 2.830340000000000078e+00
0.000000000000000000e+00 3.205820000000000114e+00 2.494159999999999933e+00 2.510170000000000012e+00 2.834200000000000053e+00
0.000000000000000000e+00 3.202890000000000015e+00 2.491429999999999811e+00 2.509689999999999976e+00 2.830420000000000158e+00
0.000000000000000000e+00 3.207910000000000039e+00 2.495200000000000085e+00 2.512070000000000025e+00 2.836349999999999927e+00
0.000000000000000000e+00 3.206310000000000215e+00 2.490060000000000162e+00 2.515060000000000073e+00 2.834589999999999943e+00
0.000000000000000000e+00 3.204559999999999853e+00 2.493689999999999962e+00 2.508490000000000109e+00 2.833260000000000112e+00
0.000000000000000000e+00 3.202240000000000197e+00 2.488389999999999880e+00 2.511649999999999938e+00 2.829880000000000173e+00
0.000000000000000000e+00 3.205680000000000085e+00 2.492970000000000130e+00 2.510229999999999961e+00 2.834890000000000132e+00
0.000000000000000000e+00 3.205670000000000019e+00 2.491080000000000183e+00 2.513240000000000141e+00 2.833860000000000046e+00
0.000000000000000000e+00 3.203230000000000022e+00 2.492999999999999883e+00 2.508480000000000043e+00 2.830880000000000063e+00
0.000000000000000000e+00 3.203469999999999818e+00 2.493219999999999992e+00 2.508070000000000022e+00 2.831580000000000208e+00
0.000000000000000000e+00 3.203430000000000000e+00 2.493209999999999926e+00 2.507899999999999796e+00 2.831659999999999844e+00
0.000000000000000000e+00 3.206350000000000033e+00 2.488980000000000192e+00 2.516620000000000079e+00 2.834260000000000002e+00
0.000000000000000000e+00 3.202989999999999782e+00 2.494850000000000012e+00 2.506470000000000198e+00 2.830470000000000041e+00
0.000000000000000000e+00 3.204460000000000086e+00 2.488849999999999785e+00 2.513630000000000031e+00 2.832739999999999814e+00
0.000000000000000000e+00 3.204740000000000144e+00 2.495899999999999785e+00 2.507299999999999862e+00 2.832770000000000010e+00
0.000000000000000000e+00 3.201150000000000162e+00 2.492970000000000130e+00 2.505450000000000177e+00 2.828889999999999905e+00
0.000000000000000000e+00 3.203980000000000050e+00 2.493930000000000202e+00 2.507410000000000139e+00 2.832679999999999865e+00
0.000000000000000000e+00 3.204060000000000130e+00 2.494930000000000092e+00 2.507280000000000175e+00 2.832120000000000193e+00
0.000000000000000000e+00 3.204400000000000137e+00 2.491229999999999833e+00 2.510769999999999946e+00 2.833060000000000134e+00
0.000000000000000000e+00 3.203889999999999905e+00 2.496500000000000163e+00 2.505959999999999965e+00 2.831510000000000193e+00
