0.000000000000000000e+00 2.046699999999999964e+00 2.046650000000000080e+00 1.491840000000000055e+00 1.401280000000000081e+00
0.000000000000000000e+00 2.049139999999999961e+00 2.049040000000000195e+00 1.494869999999999921e+00 1.401699999999999946e+00
0.000000000000000000e+00 2.047629999999999839e+00 2.047480000000000189e+00 1.493000000000000105e+00 1.401550000000000074e+00
0.000000000000000000e+00 2.048350000000000115e+00 2.048169999999999824e+00 1.496070000000000011e+00 1.399370000000000003e+00
0.000000000000000000e+00 2.047559999999999825e+00 2.047379999999999978e+00 1.495489999999999986e+00 1.398849999999999927e+00
0.000000000000000000e+00 2.052150000000000141e+00 2.052010000000000112e+00 1.496499999999999941e+00 1.404409999999999936e+00
0.000000000000000000e+00 2.076649999999999885e+00 2.076439999999999841e+00 1.493120000000000003e+00 1.443580000000000085e+00
0.000000000000000000e+00 2.074780000000000069e+00 2.074650000000000105e+00 1.489379999999999926e+00 1.444639999999999924e+00
0.000000000000000000e+00 2.077269999999999950e+00 2.077150000000000052e+00 1.489910000000000068e+00 1.447659999999999947e+00
0.000000000000000000e+00 2.079299999999999926e+00 2.079140000000000210e+00 1.490059999999999940e+00 1.450479999999999992e+00
0.000000000000000000e+00 2.077859999999999818e+00 2.077710000000000168e+00 1.490830000000000100e+00 1.447610000000000063e+00
0.000000000000000000e+00 2.075190000000000090e+00 2.075039999999999996e+00 1.491270000000000095e+00 1.443300000000000027e+00
0.000000000000000000e+00 2.075800000000000090e+00 2.075699999999999878e+00 1.490269999999999984e+00 1.445140000000000091e+00
0.000000000000000000e+00 2.076490000000000169e+00 2.076369999999999827e+00 1.488229999999999942e+00 1.448260000000000103e+00
0.000000000000000000e+00 2.077310000000000212e+00 2.077179999999999804e+00 1.489659999999999984e+00 1.447999999999999954e+00
0.000000000000000000e+00 2.076579999999999870e+00 2.076459999999999972e+00 1.492110000000000047e+00 1.444399999999999906e+00
0.000000000000000000e+00 2.079390000000000072e+00 2.079250000000000043e+00 1.491889999999999938e+00 1.448700000000000099e+00
0.000000000000000000e+00 2.076350000000000140e+00 2.076220000000000176e+00 1.490140000000000020e+00 1.446120000000000072e+00
0.000000000000000000e+00 2.080249999999999932e+00 2.080099999999999838e+00 1.492159999999999931e+00 1.449659999999999949e+00
0.000000000000000000e+00 2.080259999999999998e+00 2.080099999999999838e+00 1.492979999999999974e+00 1.448860000000000037e+00
0.000000000000000000e+00 2.075709999999999944e+00 2.075569999999999915e+00 1.490529999999999911e+00 1.444819999999999993e+00
0.000000000000000000e+00 2.077290000000000081e+00 2.077109999999999790e+00 1.492450000000000054e+00 1.445149999999999935e+00
0.000000000000000000e+00 2.077929999999999833e+00 2.077780000000000182e+00 1.490860000000000074e+00 1.447689999999999921e+00
0.000000000000000000e+00 2.076919999999999877e+00 2.076760000000000161e+00 1.490059999999999940e+00 1.447070000000000078e+00
0.000000000000000000e+00 2.074170000000000069e+00 2.074040000000000106e+00 1.488750000000000018e+00 1.444409999999999972e+00
0.000000000000000000e+00 2.077669999999999906e+00 2.077500000000000124e+00 1.490059999999999940e+00 1.448139999999999983e+00
0.000000000000000000e+00 2.078899999999999970e+00 2.078790000000000138e+00 1.490320000000000089e+00 1.449559999999999960e+00
0.000000000000000000e+00 2.078399999999999803e+00 2.078320000000000167e+00 1.490799999999999903e+00 1.448320000000000052e+00
0.000000000000000000e+00 2.078359999999999985e+00 2.078250000000000153e+00 1.491020000000000012e+00 1.448080000000000034e+00
0.000000000000000000e+00 2.079759999999999831e+00 2.079639999999999933e+00 1.490089999999999915e+00 1.451049999999999951e+00
0.000000000000000000e+00 2.077999999999999847e+00 2.077820000000000000e+00 1.492250000000000076e+00 1.446369999999999933e+00
0.000000000000000000e+00 2.079839999999999911e+00 2.079699999999999882e+00 1.492869999999999919e+00 1.448329999999999895e+00
0.000000000000000000e+00 2.073370000000000157e+00 2.073269999999999946e+00 1.487689999999999957e+00 1.444329999999999892e+00
0.000000000000000000e+00 2.075559999999999850e+00 2.075450000000000017e+00 1.489900000000000002e+00 1.445210000000000106e+00
0.000000000000000000e+00 2.080280000000000129e+00 2.080140000000000100e+00 1.493640000000000079e+00 1.448159999999999892e+00
0.000000000000000000e+00 2.077690000000000037e+00 2.077529999999999877e+00 1.490709999999999980e+00 1.447489999999999943e+00
0.000000000000000000e+00 2.077970000000000095e+00 2.077869999999999884e+00 1.489079999999999959e+00 1.449500000000000011e+00
0.000000000000000000e+00 2.076859999999999928e+00 2.076719999999999899e+00 1.491149999999999975e+00 1.445810000000000040e+00
0.000000000000000000e+00 2.075919999999999987e+00 2.075820000000000221e+00 1.489290000000000003e+00 1.446339999999999959e+00
0.000000000000000000e+00 2.075549999999999784e+00 2.075410000000000199e+00 1.490799999999999903e+00 1.444299999999999917e+00
0.000000000000000000e+00 2.076659999999999950e+00 2.076499999999999790e+00 1.490220000000000100e+00 1.446520000000000028e+00
0.000000000000000000e+00 2.073109999999999786e+00 2.072999999999999954e+00 1.490019999999999900e+00 1.441559999999999953e+00
0.000000000000000000e+00 2.080560000000000187e+00 2.080410000000000093e+00 1.492040000000000033e+00 1.450220000000000065e+00
0.000000000000000000e+00 2.077980000000000160e+00 2.077820000000000000e+00 1.493270000000000097e+00 1.445270000000000055e+00
0.000000000000000000e+00 2.071349999999999802e+00 2.071200000000000152e+00 1.488760000000000083e+00 1.440379999999999994e+00
0.000000000000000000e+00 2.075320000000000054e+00 2.075149999999999828e+00 1.489910000000000068e+00 1.444919999999999982e+00
0.000000000000000000e+00 2.078219999999999956e+00 2.078089999999999993e+00 1.491710000000000091e+00 1.447179999999999911e+00
0.000000000000000000e+00 2.076600000000000001e+00 2.076449999999999907e+00 1.488629999999999898e+00 1.448050000000000059e+00
0.000000000000000000e+00 2.078759999999999941e+00 2.078609999999999847e+00 1.489719999999999933e+00 1.450059999999999905e+00
0.000000000000000000e+00 2.078949999999999854e+00 2.078819999999999890e+00 1.490269999999999984e+00 1.449710000000000054e+00
0.000000000000000000e+00 2.072700000000000209e+00 2.072589999999999932e+00 1.488199999999999967e+00 1.442849999999999966e+00
0.000000000000000000e+00 2.076799999999999979e+00 2.076659999999999950e+00 1.490709999999999980e+00 1.446169999999999956e+00
0.000000000000000000e+00 2.079149999999999832e+00 2.078969999999999985e+00 1.491200000000000081e+00 1.449130000000000029e+00
0.000000000000000000e+00 2.075140000000000207e+00 2.075039999999999996e+00 1.489700000000000024e+00 1.444770000000000110e+00
0.000000000000000000e+00 2.075720000000000010e+00 2.075590000000000046e+00 1.488979999999999970e+00 1.446399999999999908e+00
0.000000000000000000e+00 2.073920000000000208e+00 2.073830000000000062e+00 1.491319999999999979e+00 1.441359999999999975e+00
0.000000000000000000e+00 2.076410000000000089e+00 2.076270000000000060e+00 1.489880000000000093e+00 1.446479999999999988e+00
0.000000000000000000e+00 2.080070000000000086e+00 2.079959999999999809e+00 1.492520000000000069e+00 1.448979999999999935e+00
0.000000000000000000e+00 2.077230000000000132e+00 2.077109999999999790e+00 1.491780000000000106e+00 1.445659999999999945e+00
0.000000000000000000e+00 2.078419999999999934e+00 2.078300000000000036e+00 1.491300000000000070e+00 1.447880000000000056e+00
0.000000000000000000e+00 2.077249999999999819e+00 2.077119999999999855e+00 1.491940000000000044e+00 1.445559999999999956e+00
0.000000000000000000e+00 2.077240000000000197e+00 2.077080000000000037e+00 1.489290000000000003e+00 1.448309999999999986e+00
0.000000000000000000e+00 2.075919999999999987e+00 2.075759999999999827e+00 1.492790000000000061e+00 1.442790000000000017e+00
0.000000000000000000e+00 2.079870000000000108e+00 2.079759999999999831e+00 1.494420000000000082e+00 1.446730000000000071e+00
0.000000000000000000e+00 2.076869999999999994e+00 2.076700000000000212e+00 1.489859999999999962e+00 1.447210000000000107e+00
0.000000000000000000e+00 2.078139999999999876e+00 2.078019999999999978e+00 1.490920000000000023e+00 1.447869999999999990e+00
0.000000000000000000e+00 2.075969999999999871e+00 2.075849999999999973e+00 1.489889999999999937e+00 1.445810000000000040e+00
0.000000000000000000e+00 2.078949999999999854e+00 2.078809999999999825e+00 1.490339999999999998e+00 1.449640000000000040e+00
0.000000000000000000e+00 2.073780000000000179e+00 2.073640000000000150e+00 1.488620000000000054e+00 1.444020000000000081e+00
0.000000000000000000e+00 2.076090000000000213e+00 2.075979999999999936e+00 1.493079999999999963e+00 1.442690000000000028e+00
0.000000000000000000e+00 2.080859999999999932e+00 2.080729999999999968e+00 1.492299999999999960e+00 1.450360000000000094e+00
0.000000000000000000e+00 2.076979999999999826e+00 2.076799999999999979e+00 1.491069999999999895e+00 1.446129999999999916e+00
0.000000000000000000e+00 2.078329999999999789e+00 2.078160000000000007e+00 1.494399999999999951e+00 1.444620000000000015e+00
0.000000000000000000e+00 2.075390000000000068e+00 2.075229999999999908e+00 1.489249999999999963e+00 1.445680000000000076e+00
0.000000000000000000e+00 2.075050000000000061e+00 2.074879999999999836e+00 1.488529999999999909e+00 1.445969999999999978e+00
0.000000000000000000e+00 2.077379999999999782e+00 2.077199999999999935e+00 1.491519999999999957e+00 1.446250000000000036e+00
0.000000000000000000e+00 2.077560000000000073e+00 2.077409999999999979e+00 1.492420000000000080e+00 1.445510000000000073e+00
0.000000000000000000e+00 2.077069999999999972e+00 2.076890000000000125e+00 1.492340000000000000e+00 1.444949999999999957e+00
0.000000000000000000e+00 2.078829999999999956e+00 2.078660000000000174e+00 1.490769999999999929e+00 1.449089999999999989e+00
0.000000000000000000e+00 2.076249999999999929e+00 2.076080000000000148e+00 1.490730000000000111e+00 1.445410000000000084e+00
0.000000000000000000e+00 2.076150000000000162e+00 2.076020000000000199e+00 1.488280000000000047e+00 1.447759999999999936e+00
0.000000000000000000e+00 2.076439999999999841e+00 2.076309999999999878e+00 1.489929999999999977e+00 1.446469999999999922e+00
0.000000000000000000e+00 2.080890000000000128e+00 2.080750000000000099e+00 1.493009999999999948e+00 1.449680000000000080e+00
0.000000000000000000e+00 2.075489999999999835e+00 2.075369999999999937e+00 1.488120000000000109e+00 1.446939999999999893e+00
0.000000000000000000e+00 2.079590000000000050e+00 2.079369999999999941e+00 1.490839999999999943e+00 1.450159999999999894e+00
0.000000000000000000e+00 2.075930000000000053e+00 2.075750000000000206e+00 1.489109999999999934e+00 1.446630000000000082e+00
0.000000000000000000e+00 2.075590000000000046e+00 2.075499999999999901e+00 1.492560000000000109e+00 1.442479999999999984e+00
0.000000000000000000e+00 2.077929999999999833e+00 2.077789999999999804e+00 1.491710000000000091e+00 1.446769999999999889e+00
0.000000000000000000e+00 2.075309999999999988e+00 2.075180000000000025e+00 1.490220000000000100e+00 1.444550000000000001e+00
0.000000000000000000e+00 2.080150000000000166e+00 2.080020000000000202e+00 1.493160000000000043e+00 1.448460000000000081e+00
0.000000000000000000e+00 2.078030000000000044e+00 2.077890000000000015e+00 1.492250000000000076e+00 1.446350000000000025e+00
0.000000000000000000e+00 2.076839999999999797e+00 2.076670000000000016e+00 1.490930000000000089e+00 1.446069999999999967e+00
0.000000000000000000e+00 2.077469999999999928e+00 2.077350000000000030e+00 1.491360000000000019e+00 1.446439999999999948e+00
0.000000000000000000e+00 2.074720000000000120e+00 2.074590000000000156e+00 1.489400000000000057e+00 1.444530000000000092e+00
0.000000000000000000e+00 2.075699999999999878e+00 2.075569999999999915e+00 1.491929999999999978e+00 1.443340000000000067e+00
0.000000000000000000e+00 2.076909999999999812e+00 2.076740000000000030e+00 1.489789999999999948e+00 1.447349999999999914e+00
0.000000000000000000e+00 2.082790000000000141e+00 2.082660000000000178e+00 1.494340000000000002e+00 1.451030000000000042e+00
0.000000000000000000e+00 2.079779999999999962e+00 2.079660000000000064e+00 1.491440000000000099e+00 1.449689999999999923e+00
0.000000000000000000e+00 2.076560000000000183e+00 2.076389999999999958e+00 1.489009999999999945e+00 1.447650000000000103e+00
0.000000000000000000e+00 2.076189999999999980e+00 2.076029999999999820e+00 1.490350000000000064e+00 1.445719999999999894e+00
0.000000000000000000e+00 2.078260000000000218e+00 2.078170000000000073e+00 1.492439999999999989e+00 1.446439999999999948e+00
0.000000000000000000e+00 2.076150000000000162e+00 2.076049999999999951e+00 1.491109999999999935e+00 1.444779999999999953e+00
0.000000000000000000e+00 2.079800000000000093e+00 2.079649999999999999e+00 1.491349999999999953e+00 1.449869999999999992e+00
0.000000000000000000e+00 2.080779999999999852e+00 2.080659999999999954e+00 1.494410000000000016e+00 1.448059999999999903e+00
0.000000000000000000e+00 2.073020000000000085e+00 2.072909999999999808e+00 1.488050000000000095e+00 1.443459999999999965e+00
0.000000000000000000e+00 2.080319999999999947e+00 2.080210000000000115e+00 1.492560000000000109e+00 1.449289999999999967e+00
0.000000000000000000e+00 2.077449999999999797e+00 2.077329999999999899e+00 1.490879999999999983e+00 1.446930000000000049e+00
0.000000000000000000e+00 2.078120000000000189e+00 2.077970000000000095e+00 1.489270000000000094e+00 1.449580000000000091e+00
0.000000000000000000e+00 2.077700000000000102e+00 2.077550000000000008e+00 1.488070000000000004e+00 1.450209999999999999e+00
0.000000000000000000e+00 2.078660000000000174e+00 2.078520000000000145e+00 1.493589999999999973e+00 1.445899999999999963e+00
0.000000000000000000e+00 2.077529999999999877e+00 2.077370000000000161e+00 1.491079999999999961e+00 1.446890000000000009e+00
0.000000000000000000e+00 2.081710000000000171e+00 2.081560000000000077e+00 1.493559999999999999e+00 1.450320000000000054e+00
0.000000000000000000e+00 2.077350000000000030e+00 2.077199999999999935e+00 1.491950000000000109e+00 1.445710000000000051e+00
0.000000000000000000e+00 2.077409999999999979e+00 2.077259999999999884e+00 1.489319999999999977e+00 1.448509999999999964e+00
0.000000000000000000e+00 2.077830000000000066e+00 2.077690000000000037e+00 1.489770000000000039e+00 1.448639999999999928e+00
0.000000000000000000e+00 2.079229999999999912e+00 2.079079999999999817e+00 1.492459999999999898e+00 1.447869999999999990e+00
0.000000000000000000e+00 2.075919999999999987e+00 2.075759999999999827e+00 1.489559999999999995e+00 1.446150000000000047e+00
0.000000000000000000e+00 2.077879999999999949e+00 2.077749999999999986e+00 1.490189999999999904e+00 1.448269999999999946e+00
0.000000000000000000e+00 2.076239999999999863e+00 2.076080000000000148e+00 1.491519999999999957e+00 1.444579999999999975e+00
0.000000000000000000e+00 2.079330000000000123e+00 2.079200000000000159e+00 1.492750000000000021e+00 1.447710000000000052e+00
0.000000000000000000e+00 2.077319999999999833e+00 2.077170000000000183e+00 1.491780000000000106e+00 1.445840000000000014e+00
0.000000000000000000e+00 2.079829999999999846e+00 2.079720000000000013e+00 1.491640000000000077e+00 1.449549999999999894e+00
0.000000000000000000e+00 2.080010000000000137e+00 2.079829999999999846e+00 1.491330000000000044e+00 1.450220000000000065e+00
0.000000000000000000e+00 2.077879999999999949e+00 2.077739999999999920e+00 1.490529999999999911e+00 1.447929999999999939e+00
0.000000000000000000e+00 2.079390000000000072e+00 2.079260000000000108e+00 1.493260000000000032e+00 1.447249999999999925e+00
0.000000000000000000e+00 2.077059999999999906e+00 2.076970000000000205e+00 1.491319999999999979e+00 1.445880000000000054e+00
