0.000000e+00 2.000399999999999956e+00
4.000000e+00 2.004710000000000214e+00
8.000000e+00 2.011150000000000215e+00
1.200000e+01 2.017360000000000042e+00
1.600000e+01 2.016410000000000036e+00
2.000000e+01 2.017939999999999845e+00
2.400000e+01 2.060690000000000133e+00
2.800000e+01 2.062959999999999905e+00
3.200000e+01 2.060319999999999929e+00
3.600000e+01 2.058320000000000149e+00
4.000000e+01 2.062380000000000102e+00
4.400000e+01 2.056890000000000107e+00
4.800000e+01 2.065290000000000070e+00
5.200000e+01 2.056680000000000064e+00
5.600000e+01 2.051829999999999821e+00
6.000000e+01 2.062739999999999796e+00
6.400000e+01 2.060639999999999805e+00
6.800000e+01 2.057020000000000071e+00
7.200000e+01 2.057249999999999801e+00
7.600000e+01 2.058399999999999785e+00
8.000000e+01 2.057020000000000071e+00
8.400000e+01 2.062520000000000131e+00
8.800000e+01 2.055130000000000123e+00
9.200000e+01 2.057360000000000078e+00
9.600000e+01 2.058440000000000047e+00
1.000000e+02 2.057939999999999880e+00
1.040000e+02 2.055769999999999875e+00
1.080000e+02 2.058139999999999858e+00
1.120000e+02 2.055600000000000094e+00
1.160000e+02 2.057990000000000208e+00
1.200000e+02 2.054580000000000073e+00
1.240000e+02 2.065589999999999815e+00
1.280000e+02 2.056540000000000035e+00
1.320000e+02 2.054120000000000168e+00
1.360000e+02 2.058949999999999836e+00
1.400000e+02 2.054469999999999796e+00
1.440000e+02 2.056340000000000057e+00
1.480000e+02 2.054450000000000109e+00
1.520000e+02 2.054629999999999956e+00
1.560000e+02 2.056789999999999896e+00
1.600000e+02 2.057700000000000085e+00
1.640000e+02 2.060140000000000082e+00
1.680000e+02 2.057609999999999939e+00
1.720000e+02 2.059959999999999791e+00
1.760000e+02 2.056389999999999940e+00
1.800000e+02 2.054250000000000131e+00
1.840000e+02 2.058629999999999960e+00
1.880000e+02 2.058809999999999807e+00
1.920000e+02 2.057240000000000180e+00
1.960000e+02 2.057220000000000049e+00
2.000000e+02 2.055289999999999839e+00
2.040000e+02 2.059779999999999944e+00
2.080000e+02 2.054870000000000196e+00
2.120000e+02 2.051200000000000134e+00
2.160000e+02 2.060389999999999944e+00
2.200000e+02 2.058819999999999872e+00
2.240000e+02 2.055349999999999788e+00
2.280000e+02 2.059070000000000178e+00
2.320000e+02 2.054009999999999891e+00
2.360000e+02 2.059410000000000185e+00
2.400000e+02 2.062289999999999957e+00
2.440000e+02 2.059250000000000025e+00
2.480000e+02 2.051419999999999799e+00
2.520000e+02 2.056880000000000042e+00
2.560000e+02 2.056669999999999998e+00
2.600000e+02 2.059079999999999799e+00
2.640000e+02 2.057819999999999983e+00
2.680000e+02 2.055359999999999854e+00
2.720000e+02 2.059509999999999952e+00
2.760000e+02 2.062840000000000007e+00
2.800000e+02 2.058129999999999793e+00
2.840000e+02 2.059079999999999799e+00
2.880000e+02 2.063009999999999788e+00
2.920000e+02 2.056210000000000093e+00
2.960000e+02 2.057589999999999808e+00
3.000000e+02 2.060909999999999798e+00
3.040000e+02 2.058559999999999945e+00
3.080000e+02 2.060480000000000089e+00
3.120000e+02 2.057139999999999969e+00
3.160000e+02 2.061080000000000023e+00
3.200000e+02 2.056620000000000115e+00
3.240000e+02 2.058330000000000215e+00
3.280000e+02 2.060070000000000068e+00
3.320000e+02 2.055600000000000094e+00
3.360000e+02 2.057129999999999903e+00
3.400000e+02 2.056470000000000020e+00
3.440000e+02 2.054609999999999825e+00
3.480000e+02 2.054230000000000000e+00
3.520000e+02 2.056649999999999867e+00
3.560000e+02 2.058380000000000098e+00
3.600000e+02 2.057869999999999866e+00
3.640000e+02 2.057650000000000201e+00
3.680000e+02 2.056059999999999999e+00
3.720000e+02 2.057119999999999838e+00
3.760000e+02 2.059750000000000192e+00
3.800000e+02 2.057030000000000136e+00
3.840000e+02 2.056350000000000122e+00
3.880000e+02 2.057310000000000194e+00
3.920000e+02 2.058769999999999989e+00
3.960000e+02 2.056799999999999962e+00
4.000000e+02 2.066129999999999800e+00
4.040000e+02 2.056519999999999904e+00
4.080000e+02 2.058479999999999865e+00
4.120000e+02 2.057510000000000172e+00
4.160000e+02 2.052740000000000009e+00
4.200000e+02 2.056919999999999860e+00
4.240000e+02 2.058269999999999822e+00
4.280000e+02 2.055099999999999927e+00
4.320000e+02 2.055829999999999824e+00
4.360000e+02 2.055750000000000188e+00
4.400000e+02 2.058549999999999880e+00
4.440000e+02 2.058310000000000084e+00
4.480000e+02 2.054840000000000000e+00
4.520000e+02 2.056579999999999853e+00
4.560000e+02 2.056639999999999802e+00
4.600000e+02 2.055520000000000014e+00
4.640000e+02 2.058399999999999785e+00
4.680000e+02 2.057230000000000114e+00
4.720000e+02 2.055079999999999796e+00
4.760000e+02 2.061729999999999841e+00
4.800000e+02 2.056970000000000187e+00
4.840000e+02 2.054619999999999891e+00
4.880000e+02 2.059070000000000178e+00
4.920000e+02 2.059390000000000054e+00
4.960000e+02 2.053910000000000124e+00
5.000000e+02 2.061040000000000205e+00
