0.000000e+00 2.046699999999999964e+00
4.000000e+00 2.049139999999999961e+00
8.000000e+00 2.047629999999999839e+00
1.200000e+01 2.048350000000000115e+00
1.600000e+01 2.047559999999999825e+00
2.000000e+01 2.052150000000000141e+00
2.400000e+01 2.076649999999999885e+00
2.800000e+01 2.074780000000000069e+00
3.200000e+01 2.077269999999999950e+00
3.600000e+01 2.079299999999999926e+00
4.000000e+01 2.077859999999999818e+00
4.400000e+01 2.075190000000000090e+00
4.800000e+01 2.075800000000000090e+00
5.200000e+01 2.076490000000000169e+00
5.600000e+01 2.077310000000000212e+00
6.000000e+01 2.076579999999999870e+00
6.400000e+01 2.079390000000000072e+00
6.800000e+01 2.076350000000000140e+00
7.200000e+01 2.080249999999999932e+00
7.600000e+01 2.080259999999999998e+00
8.000000e+01 2.075709999999999944e+00
8.400000e+01 2.077290000000000081e+00
8.800000e+01 2.077929999999999833e+00
9.200000e+01 2.076919999999999877e+00
9.600000e+01 2.074170000000000069e+00
1.000000e+02 2.077669999999999906e+00
1.040000e+02 2.078899999999999970e+00
1.080000e+02 2.078399999999999803e+00
1.120000e+02 2.078359999999999985e+00
1.160000e+02 2.079759999999999831e+00
1.200000e+02 2.077999999999999847e+00
1.240000e+02 2.079839999999999911e+00
1.280000e+02 2.073370000000000157e+00
1.320000e+02 2.075559999999999850e+00
1.360000e+02 2.080280000000000129e+00
1.400000e+02 2.077690000000000037e+00
1.440000e+02 2.077970000000000095e+00
1.480000e+02 2.076859999999999928e+00
1.520000e+02 2.075919999999999987e+00
1.560000e+02 2.075549999999999784e+00
1.600000e+02 2.076659999999999950e+00
1.640000e+02 2.073109999999999786e+00
1.680000e+02 2.080560000000000187e+00
1.720000e+02 2.077980000000000160e+00
1.760000e+02 2.071349999999999802e+00
1.800000e+02 2.075320000000000054e+00
1.840000e+02 2.078219999999999956e+00
1.880000e+02 2.076600000000000001e+00
1.920000e+02 2.078759999999999941e+00
1.960000e+02 2.078949999999999854e+00
2.000000e+02 2.072700000000000209e+00
2.040000e+02 2.076799999999999979e+00
2.080000e+02 2.079149999999999832e+00
2.120000e+02 2.075140000000000207e+00
2.160000e+02 2.075720000000000010e+00
2.200000e+02 2.073920000000000208e+00
2.240000e+02 2.076410000000000089e+00
2.280000e+02 2.080070000000000086e+00
2.320000e+02 2.077230000000000132e+00
2.360000e+02 2.078419999999999934e+00
2.400000e+02 2.077249999999999819e+00
2.440000e+02 2.077240000000000197e+00
2.480000e+02 2.075919999999999987e+00
2.520000e+02 2.079870000000000108e+00
2.560000e+02 2.076869999999999994e+00
2.600000e+02 2.078139999999999876e+00
2.640000e+02 2.075969999999999871e+00
2.680000e+02 2.078949999999999854e+00
2.720000e+02 2.073780000000000179e+00
2.760000e+02 2.076090000000000213e+00
2.800000e+02 2.080859999999999932e+00
2.840000e+02 2.076979999999999826e+00
2.880000e+02 2.078329999999999789e+00
2.920000e+02 2.075390000000000068e+00
2.960000e+02 2.075050000000000061e+00
3.000000e+02 2.077379999999999782e+00
3.040000e+02 2.077560000000000073e+00
3.080000e+02 2.077069999999999972e+00
3.120000e+02 2.078829999999999956e+00
3.160000e+02 2.076249999999999929e+00
3.200000e+02 2.076150000000000162e+00
3.240000e+02 2.076439999999999841e+00
3.280000e+02 2.080890000000000128e+00
3.320000e+02 2.075489999999999835e+00
3.360000e+02 2.079590000000000050e+00
3.400000e+02 2.075930000000000053e+00
3.440000e+02 2.075590000000000046e+00
3.480000e+02 2.077929999999999833e+00
3.520000e+02 2.075309999999999988e+00
3.560000e+02 2.080150000000000166e+00
3.600000e+02 2.078030000000000044e+00
3.640000e+02 2.076839999999999797e+00
3.680000e+02 2.077469999999999928e+00
3.720000e+02 2.074720000000000120e+00
3.760000e+02 2.075699999999999878e+00
3.800000e+02 2.076909999999999812e+00
3.840000e+02 2.082790000000000141e+00
3.880000e+02 2.079779999999999962e+00
3.920000e+02 2.076560000000000183e+00
3.960000e+02 2.076189999999999980e+00
4.000000e+02 2.078260000000000218e+00
4.040000e+02 2.076150000000000162e+00
4.080000e+02 2.079800000000000093e+00
4.120000e+02 2.080779999999999852e+00
4.160000e+02 2.073020000000000085e+00
4.200000e+02 2.080319999999999947e+00
4.240000e+02 2.077449999999999797e+00
4.280000e+02 2.078120000000000189e+00
4.320000e+02 2.077700000000000102e+00
4.360000e+02 2.078660000000000174e+00
4.400000e+02 2.077529999999999877e+00
4.440000e+02 2.081710000000000171e+00
4.480000e+02 2.077350000000000030e+00
4.520000e+02 2.077409999999999979e+00
4.560000e+02 2.077830000000000066e+00
4.600000e+02 2.079229999999999912e+00
4.640000e+02 2.075919999999999987e+00
4.680000e+02 2.077879999999999949e+00
4.720000e+02 2.076239999999999863e+00
4.760000e+02 2.079330000000000123e+00
4.800000e+02 2.077319999999999833e+00
4.840000e+02 2.079829999999999846e+00
4.880000e+02 2.080010000000000137e+00
4.920000e+02 2.077879999999999949e+00
4.960000e+02 2.079390000000000072e+00
5.000000e+02 2.077059999999999906e+00
