0.000000000000000000e+00 2.999999999999999864e-07
0.000000000000000000e+00 1.346671999999999869e-01
0.000000000000000000e+00 1.505402999999999880e-01
0.000000000000000000e+00 1.944870999999999961e-01
0.000000000000000000e+00 2.162205000000000099e-01
0.000000000000000000e+00 2.264683000000000113e-01
0.000000000000000000e+00 1.950751000000000013e-01
0.000000000000000000e+00 1.919269999999999865e-01
0.000000000000000000e+00 1.973458999999999908e-01
0.000000000000000000e+00 1.982706999999999942e-01
0.000000000000000000e+00 1.997010999999999925e-01
0.000000000000000000e+00 2.030493999999999910e-01
0.000000000000000000e+00 2.000529000000000057e-01
0.000000000000000000e+00 2.069262000000000046e-01
0.000000000000000000e+00 2.040173000000000125e-01
0.000000000000000000e+00 2.042934999999999890e-01
0.000000000000000000e+00 2.050011999999999945e-01
0.000000000000000000e+00 2.049484000000000028e-01
0.000000000000000000e+00 2.086197999999999941e-01
0.000000000000000000e+00 2.068761000000000072e-01
0.000000000000000000e+00 2.025309999999999888e-01
0.000000000000000000e+00 2.020611999999999964e-01
0.000000000000000000e+00 2.016136000000000039e-01
0.000000000000000000e+00 2.068804999999999950e-01
0.000000000000000000e+00 2.024204000000000003e-01
0.000000000000000000e+00 2.063867000000000063e-01
0.000000000000000000e+00 2.040112000000000037e-01
0.000000000000000000e+00 2.048089999999999911e-01
0.000000000000000000e+00 2.060284000000000004e-01
0.000000000000000000e+00 2.003273000000000137e-01
0.000000000000000000e+00 2.078637000000000123e-01
0.000000000000000000e+00 2.042148000000000019e-01
0.000000000000000000e+00 2.026563999999999865e-01
0.000000000000000000e+00 2.005868000000000095e-01
0.000000000000000000e+00 1.997082000000000024e-01
0.000000000000000000e+00 2.066224999999999867e-01
0.000000000000000000e+00 2.078202000000000105e-01
0.000000000000000000e+00 2.043612999999999957e-01
0.000000000000000000e+00 2.037524000000000002e-01
0.000000000000000000e+00 2.057295000000000096e-01
0.000000000000000000e+00 2.054571000000000036e-01
0.000000000000000000e+00 2.019054999999999878e-01
0.000000000000000000e+00 2.072984999999999967e-01
0.000000000000000000e+00 1.999199000000000115e-01
0.000000000000000000e+00 2.059452999999999978e-01
0.000000000000000000e+00 2.047472999999999932e-01
0.000000000000000000e+00 1.991563000000000083e-01
0.000000000000000000e+00 2.055233999999999950e-01
0.000000000000000000e+00 2.106186999999999920e-01
0.000000000000000000e+00 2.108403000000000083e-01
0.000000000000000000e+00 2.075602000000000003e-01
0.000000000000000000e+00 2.066737999999999909e-01
0.000000000000000000e+00 2.075861999999999985e-01
0.000000000000000000e+00 2.070217000000000029e-01
0.000000000000000000e+00 2.110980000000000079e-01
0.000000000000000000e+00 2.071458999999999939e-01
0.000000000000000000e+00 2.073187999999999975e-01
0.000000000000000000e+00 2.057587999999999917e-01
0.000000000000000000e+00 2.103017000000000081e-01
0.000000000000000000e+00 2.019593000000000083e-01
0.000000000000000000e+00 2.033747999999999945e-01
0.000000000000000000e+00 2.075263999999999998e-01
0.000000000000000000e+00 2.069769999999999943e-01
0.000000000000000000e+00 2.055441000000000074e-01
0.000000000000000000e+00 2.042666999999999955e-01
0.000000000000000000e+00 2.067037999999999931e-01
0.000000000000000000e+00 2.081745999999999874e-01
0.000000000000000000e+00 2.052856999999999876e-01
0.000000000000000000e+00 2.067154999999999965e-01
0.000000000000000000e+00 2.028897000000000062e-01
0.000000000000000000e+00 2.106917000000000095e-01
0.000000000000000000e+00 2.067987000000000020e-01
0.000000000000000000e+00 2.014951000000000103e-01
0.000000000000000000e+00 2.064758999999999900e-01
0.000000000000000000e+00 2.046565999999999941e-01
0.000000000000000000e+00 2.045860999999999930e-01
0.000000000000000000e+00 2.092691000000000134e-01
0.000000000000000000e+00 2.049187000000000092e-01
0.000000000000000000e+00 2.026176000000000088e-01
0.000000000000000000e+00 2.114728999999999914e-01
0.000000000000000000e+00 2.050875000000000059e-01
0.000000000000000000e+00 2.070718000000000003e-01
0.000000000000000000e+00 2.074850000000000028e-01
0.000000000000000000e+00 2.057329999999999992e-01
0.000000000000000000e+00 2.079021000000000063e-01
0.000000000000000000e+00 2.094741999999999993e-01
0.000000000000000000e+00 2.093150000000000011e-01
0.000000000000000000e+00 2.068476999999999955e-01
0.000000000000000000e+00 2.101782000000000095e-01
0.000000000000000000e+00 2.067656999999999967e-01
0.000000000000000000e+00 2.048689999999999956e-01
0.000000000000000000e+00 2.050077999999999900e-01
0.000000000000000000e+00 2.090149000000000035e-01
0.000000000000000000e+00 2.071826999999999974e-01
0.000000000000000000e+00 2.112111000000000127e-01
0.000000000000000000e+00 2.028854999999999964e-01
0.000000000000000000e+00 2.076279000000000041e-01
0.000000000000000000e+00 2.073139999999999983e-01
0.000000000000000000e+00 2.044806000000000124e-01
0.000000000000000000e+00 2.014790999999999943e-01
0.000000000000000000e+00 2.042337999999999931e-01
0.000000000000000000e+00 2.034760999999999931e-01
0.000000000000000000e+00 2.072604999999999864e-01
0.000000000000000000e+00 2.075178000000000023e-01
0.000000000000000000e+00 2.073010999999999882e-01
0.000000000000000000e+00 2.084129000000000120e-01
0.000000000000000000e+00 2.093144000000000116e-01
0.000000000000000000e+00 2.070675999999999906e-01
0.000000000000000000e+00 2.091957999999999873e-01
0.000000000000000000e+00 2.052747000000000044e-01
0.000000000000000000e+00 2.095940000000000025e-01
0.000000000000000000e+00 2.047549999999999926e-01
0.000000000000000000e+00 2.072641000000000067e-01
0.000000000000000000e+00 2.043864999999999987e-01
0.000000000000000000e+00 2.062685999999999964e-01
0.000000000000000000e+00 2.088414000000000104e-01
0.000000000000000000e+00 2.078213999999999895e-01
0.000000000000000000e+00 2.020833999999999964e-01
0.000000000000000000e+00 2.108997999999999984e-01
0.000000000000000000e+00 2.035478000000000010e-01
0.000000000000000000e+00 2.118076999999999877e-01
0.000000000000000000e+00 2.083691000000000015e-01
0.000000000000000000e+00 2.075441000000000091e-01
0.000000000000000000e+00 2.092887999999999971e-01
0.000000000000000000e+00 2.059276999999999913e-01
0.000000000000000000e+00 2.113858000000000126e-01
