0.000000000000000000e+00 9.999999999999999547e-08
0.000000000000000000e+00 1.019253999999999993e-01
0.000000000000000000e+00 1.000048999999999938e-01
0.000000000000000000e+00 1.165976999999999986e-01
0.000000000000000000e+00 1.137866000000000016e-01
0.000000000000000000e+00 1.232463000000000031e-01
0.000000000000000000e+00 1.268091000000000079e-01
0.000000000000000000e+00 1.424510999999999972e-01
0.000000000000000000e+00 1.359607999999999928e-01
0.000000000000000000e+00 1.347537000000000040e-01
0.000000000000000000e+00 1.393630999999999898e-01
0.000000000000000000e+00 1.294297000000000086e-01
0.000000000000000000e+00 1.377063000000000037e-01
0.000000000000000000e+00 1.332386999999999877e-01
0.000000000000000000e+00 1.312209000000000014e-01
0.000000000000000000e+00 1.371623999999999899e-01
0.000000000000000000e+00 1.338558999999999999e-01
0.000000000000000000e+00 1.347636000000000112e-01
0.000000000000000000e+00 1.333860000000000046e-01
0.000000000000000000e+00 1.385068999999999884e-01
0.000000000000000000e+00 1.320296999999999998e-01
0.000000000000000000e+00 1.324541999999999942e-01
0.000000000000000000e+00 1.284136999999999917e-01
0.000000000000000000e+00 1.341218999999999884e-01
0.000000000000000000e+00 1.344158000000000019e-01
0.000000000000000000e+00 1.356128000000000056e-01
0.000000000000000000e+00 1.321689000000000058e-01
0.000000000000000000e+00 1.311780999999999919e-01
0.000000000000000000e+00 1.269852999999999954e-01
0.000000000000000000e+00 1.346844000000000097e-01
0.000000000000000000e+00 1.323562000000000072e-01
0.000000000000000000e+00 1.403398999999999897e-01
0.000000000000000000e+00 1.289759000000000044e-01
0.000000000000000000e+00 1.296317999999999915e-01
0.000000000000000000e+00 1.339139000000000024e-01
0.000000000000000000e+00 1.334207000000000032e-01
0.000000000000000000e+00 1.333661999999999903e-01
0.000000000000000000e+00 1.302846000000000004e-01
0.000000000000000000e+00 1.296762999999999944e-01
0.000000000000000000e+00 1.365771000000000068e-01
0.000000000000000000e+00 1.357037000000000104e-01
0.000000000000000000e+00 1.322341999999999962e-01
0.000000000000000000e+00 1.379988000000000048e-01
0.000000000000000000e+00 1.349211999999999911e-01
0.000000000000000000e+00 1.293327999999999978e-01
0.000000000000000000e+00 1.329166999999999987e-01
0.000000000000000000e+00 1.339825000000000044e-01
0.000000000000000000e+00 1.309939999999999993e-01
0.000000000000000000e+00 1.315112999999999976e-01
0.000000000000000000e+00 1.324510999999999883e-01
0.000000000000000000e+00 1.318692999999999949e-01
0.000000000000000000e+00 1.409443999999999975e-01
0.000000000000000000e+00 1.300252000000000074e-01
0.000000000000000000e+00 1.313952999999999927e-01
0.000000000000000000e+00 1.391092999999999913e-01
0.000000000000000000e+00 1.341061000000000059e-01
0.000000000000000000e+00 1.287558000000000036e-01
0.000000000000000000e+00 1.312216999999999967e-01
0.000000000000000000e+00 1.287609999999999866e-01
0.000000000000000000e+00 1.297301999999999900e-01
0.000000000000000000e+00 1.381112999999999924e-01
0.000000000000000000e+00 1.326558999999999933e-01
0.000000000000000000e+00 1.297453000000000078e-01
0.000000000000000000e+00 1.377354000000000078e-01
0.000000000000000000e+00 1.346091000000000093e-01
0.000000000000000000e+00 1.308040000000000036e-01
0.000000000000000000e+00 1.307776999999999967e-01
0.000000000000000000e+00 1.341202999999999979e-01
0.000000000000000000e+00 1.327868000000000104e-01
0.000000000000000000e+00 1.402513999999999983e-01
0.000000000000000000e+00 1.336144999999999972e-01
0.000000000000000000e+00 1.341949000000000058e-01
0.000000000000000000e+00 1.366495000000000071e-01
0.000000000000000000e+00 1.361443999999999988e-01
0.000000000000000000e+00 1.330871999999999888e-01
0.000000000000000000e+00 1.361935999999999980e-01
0.000000000000000000e+00 1.392023000000000010e-01
0.000000000000000000e+00 1.372790000000000121e-01
0.000000000000000000e+00 1.344461999999999879e-01
0.000000000000000000e+00 1.347638999999999920e-01
0.000000000000000000e+00 1.313796999999999882e-01
0.000000000000000000e+00 1.317711000000000021e-01
0.000000000000000000e+00 1.350468999999999975e-01
0.000000000000000000e+00 1.328437000000000090e-01
0.000000000000000000e+00 1.283690000000000109e-01
0.000000000000000000e+00 1.300270000000000037e-01
0.000000000000000000e+00 1.303620000000000057e-01
0.000000000000000000e+00 1.263085999999999931e-01
0.000000000000000000e+00 1.298909000000000036e-01
0.000000000000000000e+00 1.341578999999999966e-01
0.000000000000000000e+00 1.287610999999999895e-01
0.000000000000000000e+00 1.320196999999999898e-01
0.000000000000000000e+00 1.317357999999999862e-01
0.000000000000000000e+00 1.302912999999999988e-01
0.000000000000000000e+00 1.334780000000000133e-01
0.000000000000000000e+00 1.352238000000000051e-01
0.000000000000000000e+00 1.304485999999999979e-01
0.000000000000000000e+00 1.329264000000000001e-01
0.000000000000000000e+00 1.320234000000000130e-01
0.000000000000000000e+00 1.329149000000000025e-01
0.000000000000000000e+00 1.388481000000000021e-01
0.000000000000000000e+00 1.336058999999999997e-01
0.000000000000000000e+00 1.350196999999999925e-01
0.000000000000000000e+00 1.304011999999999949e-01
0.000000000000000000e+00 1.281845000000000068e-01
0.000000000000000000e+00 1.320361999999999925e-01
0.000000000000000000e+00 1.284558000000000089e-01
0.000000000000000000e+00 1.300861000000000101e-01
0.000000000000000000e+00 1.281876000000000126e-01
0.000000000000000000e+00 1.287131999999999998e-01
0.000000000000000000e+00 1.330215999999999898e-01
0.000000000000000000e+00 1.341206000000000065e-01
0.000000000000000000e+00 1.356176000000000048e-01
0.000000000000000000e+00 1.317247000000000001e-01
0.000000000000000000e+00 1.331357999999999986e-01
0.000000000000000000e+00 1.349216000000000026e-01
0.000000000000000000e+00 1.319527000000000061e-01
0.000000000000000000e+00 1.342925000000000091e-01
0.000000000000000000e+00 1.367636999999999881e-01
0.000000000000000000e+00 1.377541999999999933e-01
0.000000000000000000e+00 1.339577000000000129e-01
0.000000000000000000e+00 1.317802999999999891e-01
0.000000000000000000e+00 1.345649999999999902e-01
0.000000000000000000e+00 1.313072000000000128e-01
0.000000000000000000e+00 1.301847999999999894e-01
0.000000000000000000e+00 1.349855000000000083e-01
