0.000000000000000000e+00 0.000000000000000000e+00
0.000000000000000000e+00 8.998309999999999642e-02
0.000000000000000000e+00 7.871329999999999993e-02
0.000000000000000000e+00 9.746559999999999946e-02
0.000000000000000000e+00 8.796740000000000115e-02
0.000000000000000000e+00 8.796299999999999952e-02
0.000000000000000000e+00 7.969790000000000207e-02
0.000000000000000000e+00 5.651919999999999861e-02
0.000000000000000000e+00 6.153460000000000180e-02
0.000000000000000000e+00 6.081870000000000331e-02
0.000000000000000000e+00 6.378709999999999936e-02
0.000000000000000000e+00 5.393289999999999890e-02
0.000000000000000000e+00 5.523449999999999888e-02
0.000000000000000000e+00 5.497099999999999903e-02
0.000000000000000000e+00 5.650460000000000205e-02
0.000000000000000000e+00 5.349799999999999695e-02
0.000000000000000000e+00 6.117340000000000277e-02
0.000000000000000000e+00 6.015489999999999726e-02
0.000000000000000000e+00 5.909709999999999963e-02
0.000000000000000000e+00 5.953270000000000090e-02
0.000000000000000000e+00 5.624740000000000295e-02
0.000000000000000000e+00 6.045470000000000010e-02
0.000000000000000000e+00 5.990279999999999910e-02
0.000000000000000000e+00 5.742930000000000257e-02
0.000000000000000000e+00 5.461479999999999807e-02
0.000000000000000000e+00 6.136250000000000038e-02
0.000000000000000000e+00 6.341439999999999577e-02
0.000000000000000000e+00 5.376709999999999823e-02
0.000000000000000000e+00 5.697610000000000174e-02
0.000000000000000000e+00 5.992259999999999948e-02
0.000000000000000000e+00 5.916210000000000219e-02
0.000000000000000000e+00 5.780539999999999984e-02
0.000000000000000000e+00 5.468169999999999975e-02
0.000000000000000000e+00 5.259889999999999705e-02
0.000000000000000000e+00 5.827949999999999797e-02
0.000000000000000000e+00 6.051109999999999822e-02
0.000000000000000000e+00 6.075259999999999688e-02
0.000000000000000000e+00 5.481400000000000161e-02
0.000000000000000000e+00 5.652929999999999761e-02
0.000000000000000000e+00 5.414259999999999906e-02
0.000000000000000000e+00 5.870569999999999955e-02
0.000000000000000000e+00 5.350629999999999969e-02
0.000000000000000000e+00 5.941830000000000028e-02
0.000000000000000000e+00 6.125069999999999820e-02
0.000000000000000000e+00 5.308299999999999824e-02
0.000000000000000000e+00 5.900119999999999670e-02
0.000000000000000000e+00 5.864459999999999812e-02
0.000000000000000000e+00 5.751280000000000281e-02
0.000000000000000000e+00 6.204950000000000049e-02
0.000000000000000000e+00 5.902430000000000176e-02
0.000000000000000000e+00 5.290410000000000251e-02
0.000000000000000000e+00 5.744819999999999788e-02
0.000000000000000000e+00 5.997419999999999835e-02
0.000000000000000000e+00 5.635849999999999888e-02
0.000000000000000000e+00 5.953569999999999696e-02
0.000000000000000000e+00 5.093330000000000080e-02
0.000000000000000000e+00 5.829840000000000022e-02
0.000000000000000000e+00 5.951680000000000165e-02
0.000000000000000000e+00 5.457689999999999764e-02
0.000000000000000000e+00 5.628770000000000301e-02
0.000000000000000000e+00 5.521079999999999738e-02
0.000000000000000000e+00 6.087209999999999843e-02
0.000000000000000000e+00 5.465620000000000200e-02
0.000000000000000000e+00 5.616949999999999721e-02
0.000000000000000000e+00 6.098989999999999967e-02
0.000000000000000000e+00 5.819529999999999842e-02
0.000000000000000000e+00 5.435290000000000260e-02
0.000000000000000000e+00 5.870700000000000224e-02
0.000000000000000000e+00 5.243860000000000188e-02
0.000000000000000000e+00 5.148260000000000336e-02
0.000000000000000000e+00 5.804469999999999769e-02
0.000000000000000000e+00 5.996150000000000091e-02
0.000000000000000000e+00 5.833979999999999722e-02
0.000000000000000000e+00 5.909369999999999901e-02
0.000000000000000000e+00 5.777970000000000328e-02
0.000000000000000000e+00 5.953309999999999852e-02
0.000000000000000000e+00 5.855330000000000257e-02
0.000000000000000000e+00 5.885689999999999672e-02
0.000000000000000000e+00 6.013439999999999758e-02
0.000000000000000000e+00 5.657960000000000073e-02
0.000000000000000000e+00 5.997910000000000047e-02
0.000000000000000000e+00 5.615669999999999690e-02
0.000000000000000000e+00 6.155830000000000329e-02
0.000000000000000000e+00 5.586529999999999968e-02
0.000000000000000000e+00 6.243699999999999944e-02
0.000000000000000000e+00 5.767900000000000110e-02
0.000000000000000000e+00 5.544290000000000329e-02
0.000000000000000000e+00 5.830670000000000297e-02
0.000000000000000000e+00 5.572629999999999945e-02
0.000000000000000000e+00 5.635899999999999938e-02
0.000000000000000000e+00 5.620279999999999720e-02
0.000000000000000000e+00 5.907720000000000332e-02
0.000000000000000000e+00 5.546449999999999991e-02
0.000000000000000000e+00 5.280800000000000077e-02
0.000000000000000000e+00 5.477080000000000143e-02
0.000000000000000000e+00 6.015750000000000264e-02
0.000000000000000000e+00 6.298479999999999357e-02
0.000000000000000000e+00 5.812370000000000037e-02
0.000000000000000000e+00 5.683839999999999726e-02
0.000000000000000000e+00 5.568239999999999995e-02
0.000000000000000000e+00 5.661630000000000135e-02
0.000000000000000000e+00 5.327819999999999778e-02
0.000000000000000000e+00 5.969139999999999863e-02
0.000000000000000000e+00 5.730509999999999771e-02
0.000000000000000000e+00 5.538359999999999811e-02
0.000000000000000000e+00 5.766550000000000148e-02
0.000000000000000000e+00 5.856829999999999675e-02
0.000000000000000000e+00 5.757120000000000293e-02
0.000000000000000000e+00 5.952779999999999877e-02
0.000000000000000000e+00 5.762710000000000055e-02
0.000000000000000000e+00 5.803849999999999981e-02
0.000000000000000000e+00 6.209189999999999848e-02
0.000000000000000000e+00 5.594310000000000255e-02
0.000000000000000000e+00 5.930339999999999917e-02
0.000000000000000000e+00 6.067730000000000345e-02
0.000000000000000000e+00 5.772560000000000191e-02
0.000000000000000000e+00 5.664050000000000334e-02
0.000000000000000000e+00 5.577639999999999681e-02
0.000000000000000000e+00 5.403199999999999670e-02
0.000000000000000000e+00 5.698349999999999943e-02
0.000000000000000000e+00 5.843040000000000039e-02
0.000000000000000000e+00 5.869959999999999761e-02
0.000000000000000000e+00 6.352670000000000539e-02
0.000000000000000000e+00 6.086040000000000200e-02
0.000000000000000000e+00 5.624699999999999839e-02
0.000000000000000000e+00 5.408240000000000269e-02
