0.000000e+00 3.134860000000000202e+00
1.000000e+01 3.305579999999999963e+00
2.000000e+01 3.301530000000000076e+00
3.000000e+01 3.300489999999999924e+00
4.000000e+01 3.299339999999999939e+00
5.000000e+01 3.298470000000000013e+00
6.000000e+01 3.299469999999999903e+00
7.000000e+01 3.299700000000000077e+00
8.000000e+01 3.300650000000000084e+00
9.000000e+01 3.298290000000000166e+00
1.000000e+02 3.301190000000000069e+00
1.100000e+02 3.298239999999999839e+00
1.200000e+02 3.298020000000000174e+00
1.300000e+02 3.296419999999999906e+00
1.400000e+02 3.296409999999999840e+00
1.500000e+02 3.295549999999999979e+00
1.600000e+02 3.298210000000000086e+00
1.700000e+02 3.297379999999999978e+00
1.800000e+02 3.298529999999999962e+00
1.900000e+02 3.299090000000000078e+00
2.000000e+02 3.297559999999999825e+00
2.100000e+02 3.296889999999999876e+00
2.200000e+02 3.297629999999999839e+00
2.300000e+02 3.297010000000000218e+00
2.400000e+02 3.297489999999999810e+00
2.500000e+02 3.299069999999999947e+00
2.600000e+02 3.297429999999999861e+00
2.700000e+02 3.295799999999999841e+00
2.800000e+02 3.296409999999999840e+00
2.900000e+02 3.296670000000000211e+00
3.000000e+02 3.296689999999999898e+00
3.100000e+02 3.297210000000000196e+00
3.200000e+02 3.295970000000000066e+00
3.300000e+02 3.297429999999999861e+00
3.400000e+02 3.297120000000000051e+00
3.500000e+02 3.296769999999999978e+00
3.600000e+02 3.294700000000000184e+00
3.700000e+02 3.296100000000000030e+00
3.800000e+02 3.295770000000000088e+00
3.900000e+02 3.293779999999999930e+00
4.000000e+02 3.297019999999999840e+00
4.100000e+02 3.295739999999999892e+00
4.200000e+02 3.293940000000000090e+00
4.300000e+02 3.293029999999999902e+00
4.400000e+02 3.293730000000000047e+00
4.500000e+02 3.294890000000000096e+00
4.600000e+02 3.295539999999999914e+00
4.700000e+02 3.295659999999999812e+00
4.800000e+02 3.294210000000000083e+00
4.900000e+02 3.296450000000000102e+00
5.000000e+02 3.295100000000000140e+00
