0.000000000000000000e+00 1.649010000000000087e+00 1.512429999999999941e+00 1.630209999999999937e+00 7.024709999999999566e-01
0.000000000000000000e+00 1.669410000000000061e+00 1.518979999999999997e+00 1.652099999999999902e+00 7.328780000000000294e-01
0.000000000000000000e+00 1.667969999999999953e+00 1.519090000000000051e+00 1.649769999999999959e+00 7.313589999999999813e-01
0.000000000000000000e+00 1.668239999999999945e+00 1.520459999999999923e+00 1.649650000000000061e+00 7.300170000000000270e-01
0.000000000000000000e+00 1.671499999999999986e+00 1.520299999999999985e+00 1.653170000000000028e+00 7.372589999999999977e-01
0.000000000000000000e+00 1.668369999999999909e+00 1.519859999999999989e+00 1.650239999999999929e+00 7.305089999999999639e-01
0.000000000000000000e+00 1.669010000000000105e+00 1.519249999999999989e+00 1.651070000000000038e+00 7.328149999999999942e-01
0.000000000000000000e+00 1.667839999999999989e+00 1.519910000000000094e+00 1.649110000000000076e+00 7.305390000000000494e-01
0.000000000000000000e+00 1.670719999999999983e+00 1.520399999999999974e+00 1.652190000000000047e+00 7.357050000000000534e-01
0.000000000000000000e+00 1.669329999999999981e+00 1.520990000000000064e+00 1.650279999999999969e+00 7.324380000000000335e-01
0.000000000000000000e+00 1.671049999999999924e+00 1.520280000000000076e+00 1.652840000000000087e+00 7.359850000000000003e-01
0.000000000000000000e+00 1.673189999999999955e+00 1.522389999999999910e+00 1.654349999999999987e+00 7.379550000000000276e-01
0.000000000000000000e+00 1.668989999999999974e+00 1.520469999999999988e+00 1.650330000000000075e+00 7.318449999999999678e-01
0.000000000000000000e+00 1.669740000000000002e+00 1.521579999999999933e+00 1.650959999999999983e+00 7.315859999999999586e-01
0.000000000000000000e+00 1.669100000000000028e+00 1.520639999999999992e+00 1.650199999999999889e+00 7.323300000000000365e-01
0.000000000000000000e+00 1.671920000000000073e+00 1.522370000000000001e+00 1.651580000000000048e+00 7.384640000000000093e-01
0.000000000000000000e+00 1.670060000000000100e+00 1.521190000000000042e+00 1.651429999999999954e+00 7.327599999999999669e-01
0.000000000000000000e+00 1.670299999999999896e+00 1.520010000000000083e+00 1.651359999999999939e+00 7.364600000000000035e-01
0.000000000000000000e+00 1.671300000000000008e+00 1.523239999999999927e+00 1.651669999999999972e+00 7.336460000000000203e-01
0.000000000000000000e+00 1.673650000000000082e+00 1.523760000000000003e+00 1.654530000000000056e+00 7.368329999999999602e-01
0.000000000000000000e+00 1.667859999999999898e+00 1.519870000000000054e+00 1.648619999999999974e+00 7.318019999999999525e-01
0.000000000000000000e+00 1.669939999999999980e+00 1.521419999999999995e+00 1.650859999999999994e+00 7.330600000000000449e-01
0.000000000000000000e+00 1.671839999999999993e+00 1.523220000000000018e+00 1.652619999999999978e+00 7.340100000000000513e-01
0.000000000000000000e+00 1.673089999999999966e+00 1.522370000000000001e+00 1.653729999999999922e+00 7.389059999999999517e-01
0.000000000000000000e+00 1.671440000000000037e+00 1.521169999999999911e+00 1.652800000000000047e+00 7.360149999999999748e-01
0.000000000000000000e+00 1.671820000000000084e+00 1.522699999999999942e+00 1.652290000000000036e+00 7.357209999999999583e-01
0.000000000000000000e+00 1.669280000000000097e+00 1.520979999999999999e+00 1.649850000000000039e+00 7.332109999999999461e-01
0.000000000000000000e+00 1.671939999999999982e+00 1.520620000000000083e+00 1.653170000000000028e+00 7.386019999999999808e-01
0.000000000000000000e+00 1.671859999999999902e+00 1.523330000000000073e+00 1.652030000000000109e+00 7.351849999999999774e-01
0.000000000000000000e+00 1.672339999999999938e+00 1.522270000000000012e+00 1.653520000000000101e+00 7.361980000000000190e-01
0.000000000000000000e+00 1.671470000000000011e+00 1.521630000000000038e+00 1.652230000000000087e+00 7.365129999999999733e-01
0.000000000000000000e+00 1.668930000000000025e+00 1.521239999999999926e+00 1.650269999999999904e+00 7.301499999999999657e-01
0.000000000000000000e+00 1.671489999999999920e+00 1.521679999999999922e+00 1.652109999999999967e+00 7.367650000000000032e-01
0.000000000000000000e+00 1.671389999999999931e+00 1.522950000000000026e+00 1.652009999999999978e+00 7.338710000000000511e-01
0.000000000000000000e+00 1.672579999999999956e+00 1.521150000000000002e+00 1.653599999999999959e+00 7.394410000000000149e-01
0.000000000000000000e+00 1.671890000000000098e+00 1.522809999999999997e+00 1.652560000000000029e+00 7.352109999999999479e-01
0.000000000000000000e+00 1.667370000000000019e+00 1.519779999999999909e+00 1.648279999999999967e+00 7.305629999999999624e-01
0.000000000000000000e+00 1.669440000000000035e+00 1.520809999999999995e+00 1.650330000000000075e+00 7.332250000000000156e-01
0.000000000000000000e+00 1.669610000000000039e+00 1.521369999999999889e+00 1.650519999999999987e+00 7.323840000000000350e-01
0.000000000000000000e+00 1.669980000000000020e+00 1.521039999999999948e+00 1.650670000000000082e+00 7.344270000000000520e-01
0.000000000000000000e+00 1.671559999999999935e+00 1.524639999999999995e+00 1.652330000000000076e+00 7.304209999999999869e-01
0.000000000000000000e+00 1.669689999999999896e+00 1.522329999999999961e+00 1.650079999999999991e+00 7.317850000000000188e-01
0.000000000000000000e+00 1.669510000000000050e+00 1.521760000000000002e+00 1.650330000000000075e+00 7.315700000000000536e-01
0.000000000000000000e+00 1.671769999999999978e+00 1.523519999999999985e+00 1.652590000000000003e+00 7.331269999999999731e-01
0.000000000000000000e+00 1.672250000000000014e+00 1.524869999999999948e+00 1.652900000000000036e+00 7.318230000000000013e-01
0.000000000000000000e+00 1.668789999999999996e+00 1.520599999999999952e+00 1.649370000000000003e+00 7.328689999999999927e-01
0.000000000000000000e+00 1.671839999999999993e+00 1.523260000000000058e+00 1.652279999999999971e+00 7.346620000000000372e-01
0.000000000000000000e+00 1.671059999999999990e+00 1.521509999999999918e+00 1.652030000000000109e+00 7.352950000000000319e-01
0.000000000000000000e+00 1.671720000000000095e+00 1.522720000000000073e+00 1.651869999999999949e+00 7.361860000000000070e-01
0.000000000000000000e+00 1.673359999999999959e+00 1.523260000000000058e+00 1.653559999999999919e+00 7.386909999999999865e-01
0.000000000000000000e+00 1.670809999999999906e+00 1.523530000000000051e+00 1.651289999999999925e+00 7.316589999999999483e-01
