0.000000000000000000e+00 2.046769999999999978e+00 2.046749999999999847e+00 1.492080000000000073e+00 1.401070000000000038e+00
0.000000000000000000e+00 2.084999999999999964e+00 2.084740000000000038e+00 1.493959999999999955e+00 1.454769999999999897e+00
0.000000000000000000e+00 2.092189999999999994e+00 2.092060000000000031e+00 1.496299999999999963e+00 1.462499999999999911e+00
0.000000000000000000e+00 2.091699999999999893e+00 2.091530000000000111e+00 1.498080000000000078e+00 1.460029999999999939e+00
0.000000000000000000e+00 2.085020000000000095e+00 2.084859999999999935e+00 1.494410000000000016e+00 1.454190000000000094e+00
0.000000000000000000e+00 2.091380000000000017e+00 2.091310000000000002e+00 1.494739999999999958e+00 1.462839999999999918e+00
0.000000000000000000e+00 2.090019999999999989e+00 2.089949999999999974e+00 1.493379999999999930e+00 1.462290000000000090e+00
0.000000000000000000e+00 2.092220000000000191e+00 2.092109999999999914e+00 1.494040000000000035e+00 1.464830000000000076e+00
0.000000000000000000e+00 2.089850000000000207e+00 2.089729999999999865e+00 1.496390000000000109e+00 1.459039999999999893e+00
0.000000000000000000e+00 2.088649999999999896e+00 2.088480000000000114e+00 1.496119999999999894e+00 1.457659999999999956e+00
0.000000000000000000e+00 2.096870000000000012e+00 2.096709999999999852e+00 1.496110000000000051e+00 1.469419999999999948e+00
0.000000000000000000e+00 2.089350000000000041e+00 2.089170000000000194e+00 1.495290000000000008e+00 1.459540000000000060e+00
0.000000000000000000e+00 2.086980000000000057e+00 2.086850000000000094e+00 1.493749999999999911e+00 1.457659999999999956e+00
0.000000000000000000e+00 2.090669999999999806e+00 2.090559999999999974e+00 1.497209999999999930e+00 1.459370000000000056e+00
0.000000000000000000e+00 2.090850000000000097e+00 2.090730000000000199e+00 1.496099999999999985e+00 1.460760000000000058e+00
0.000000000000000000e+00 2.088929999999999954e+00 2.088810000000000056e+00 1.494480000000000031e+00 1.459680000000000089e+00
0.000000000000000000e+00 2.090609999999999857e+00 2.090500000000000025e+00 1.495719999999999938e+00 1.460790000000000033e+00
0.000000000000000000e+00 2.091029999999999944e+00 2.090899999999999981e+00 1.493810000000000082e+00 1.463370000000000060e+00
0.000000000000000000e+00 2.091040000000000010e+00 2.090959999999999930e+00 1.495789999999999953e+00 1.461289999999999978e+00
0.000000000000000000e+00 2.090339999999999865e+00 2.090240000000000098e+00 1.494920000000000027e+00 1.461209999999999898e+00
0.000000000000000000e+00 2.091070000000000206e+00 2.090949999999999864e+00 1.494340000000000002e+00 1.462860000000000049e+00
0.000000000000000000e+00 2.086450000000000138e+00 2.086329999999999796e+00 1.494939999999999936e+00 1.455650000000000110e+00
0.000000000000000000e+00 2.089469999999999938e+00 2.089379999999999793e+00 1.497200000000000086e+00 1.457619999999999916e+00
0.000000000000000000e+00 2.090629999999999988e+00 2.090510000000000090e+00 1.496459999999999901e+00 1.460080000000000044e+00
0.000000000000000000e+00 2.087040000000000006e+00 2.086910000000000043e+00 1.494890000000000052e+00 1.456560000000000077e+00
0.000000000000000000e+00 2.088680000000000092e+00 2.088519999999999932e+00 1.495849999999999902e+00 1.457969999999999988e+00
0.000000000000000000e+00 2.091680000000000206e+00 2.091579999999999995e+00 1.496059999999999945e+00 1.461959999999999926e+00
0.000000000000000000e+00 2.087019999999999875e+00 2.086869999999999781e+00 1.495060000000000056e+00 1.456380000000000008e+00
0.000000000000000000e+00 2.089770000000000127e+00 2.089690000000000047e+00 1.493870000000000031e+00 1.461449999999999916e+00
0.000000000000000000e+00 2.088150000000000173e+00 2.088089999999999780e+00 1.492769999999999930e+00 1.460239999999999982e+00
0.000000000000000000e+00 2.086069999999999869e+00 2.085989999999999789e+00 1.491190000000000015e+00 1.458900000000000086e+00
0.000000000000000000e+00 2.086699999999999999e+00 2.086590000000000167e+00 1.495279999999999943e+00 1.455640000000000045e+00
0.000000000000000000e+00 2.091099999999999959e+00 2.090990000000000126e+00 1.496210000000000040e+00 1.460990000000000011e+00
0.000000000000000000e+00 2.089710000000000178e+00 2.089580000000000215e+00 1.494839999999999947e+00 1.460420000000000051e+00
0.000000000000000000e+00 2.082069999999999865e+00 2.081910000000000149e+00 1.493160000000000043e+00 1.451249999999999929e+00
0.000000000000000000e+00 2.087959999999999816e+00 2.087860000000000049e+00 1.495139999999999914e+00 1.457589999999999941e+00
0.000000000000000000e+00 2.086930000000000174e+00 2.086829999999999963e+00 1.494969999999999910e+00 1.456280000000000019e+00
0.000000000000000000e+00 2.086170000000000080e+00 2.085939999999999905e+00 1.492680000000000007e+00 1.457740000000000036e+00
0.000000000000000000e+00 2.086619999999999919e+00 2.086549999999999905e+00 1.494420000000000082e+00 1.456360000000000099e+00
0.000000000000000000e+00 2.086059999999999803e+00 2.085989999999999789e+00 1.493239999999999901e+00 1.456760000000000055e+00
0.000000000000000000e+00 2.081710000000000171e+00 2.081640000000000157e+00 1.493719999999999937e+00 1.450029999999999930e+00
0.000000000000000000e+00 2.085480000000000000e+00 2.085379999999999789e+00 1.495689999999999964e+00 1.453459999999999974e+00
0.000000000000000000e+00 2.088420000000000165e+00 2.088350000000000151e+00 1.495719999999999938e+00 1.457589999999999941e+00
0.000000000000000000e+00 2.086510000000000087e+00 2.086450000000000138e+00 1.497149999999999981e+00 1.453379999999999894e+00
0.000000000000000000e+00 2.086879999999999846e+00 2.086780000000000079e+00 1.495249999999999968e+00 1.455929999999999946e+00
0.000000000000000000e+00 2.087969999999999882e+00 2.087889999999999802e+00 1.495120000000000005e+00 1.457589999999999941e+00
0.000000000000000000e+00 2.085920000000000218e+00 2.085840000000000138e+00 1.494769999999999932e+00 1.455009999999999915e+00
0.000000000000000000e+00 2.090920000000000112e+00 2.090850000000000097e+00 1.495270000000000099e+00 1.461640000000000050e+00
0.000000000000000000e+00 2.083309999999999995e+00 2.083219999999999850e+00 1.493840000000000057e+00 1.452239999999999975e+00
0.000000000000000000e+00 2.088600000000000012e+00 2.088529999999999998e+00 1.495209999999999928e+00 1.458369999999999944e+00
0.000000000000000000e+00 2.087709999999999955e+00 2.087559999999999860e+00 1.497489999999999988e+00 1.454879999999999951e+00
