0.000000000000000000e+00 3.134860000000000202e+00 2.369949999999999779e+00 2.537110000000000198e+00 2.757019999999999804e+00
0.000000000000000000e+00 3.305579999999999963e+00 2.378169999999999895e+00 2.745639999999999858e+00 2.942689999999999806e+00
0.000000000000000000e+00 3.301530000000000076e+00 2.373409999999999798e+00 2.746030000000000193e+00 2.937079999999999913e+00
0.000000000000000000e+00 3.300489999999999924e+00 2.368290000000000006e+00 2.748880000000000212e+00 2.936209999999999987e+00
0.000000000000000000e+00 3.299339999999999939e+00 2.370019999999999794e+00 2.746300000000000185e+00 2.934629999999999850e+00
0.000000000000000000e+00 3.298470000000000013e+00 2.368819999999999926e+00 2.746659999999999879e+00 2.933310000000000084e+00
0.000000000000000000e+00 3.299469999999999903e+00 2.368209999999999926e+00 2.748650000000000038e+00 2.934180000000000010e+00
0.000000000000000000e+00 3.299700000000000077e+00 2.370719999999999938e+00 2.746579999999999799e+00 2.934610000000000163e+00
0.000000000000000000e+00 3.300650000000000084e+00 2.369289999999999896e+00 2.748899999999999899e+00 2.935750000000000082e+00
0.000000000000000000e+00 3.298290000000000166e+00 2.368119999999999781e+00 2.747560000000000002e+00 2.932650000000000201e+00
0.000000000000000000e+00 3.301190000000000069e+00 2.368050000000000210e+00 2.750449999999999839e+00 2.936510000000000176e+00
0.000000000000000000e+00 3.298239999999999839e+00 2.368959999999999955e+00 2.746620000000000061e+00 2.932729999999999837e+00
0.000000000000000000e+00 3.298020000000000174e+00 2.369209999999999816e+00 2.745559999999999778e+00 2.933019999999999960e+00
0.000000000000000000e+00 3.296419999999999906e+00 2.368320000000000203e+00 2.744749999999999801e+00 2.930890000000000217e+00
0.000000000000000000e+00 3.296409999999999840e+00 2.368209999999999926e+00 2.744790000000000063e+00 2.930940000000000101e+00
0.000000000000000000e+00 3.295549999999999979e+00 2.369149999999999867e+00 2.743339999999999890e+00 2.929600000000000204e+00
0.000000000000000000e+00 3.298210000000000086e+00 2.368370000000000086e+00 2.746989999999999821e+00 2.932780000000000165e+00
0.000000000000000000e+00 3.297379999999999978e+00 2.369460000000000122e+00 2.745830000000000215e+00 2.931109999999999882e+00
0.000000000000000000e+00 3.298529999999999962e+00 2.367729999999999890e+00 2.748270000000000213e+00 2.932819999999999983e+00
0.000000000000000000e+00 3.299090000000000078e+00 2.366719999999999935e+00 2.749899999999999789e+00 2.933380000000000098e+00
0.000000000000000000e+00 3.297559999999999825e+00 2.367340000000000000e+00 2.748060000000000169e+00 2.931150000000000144e+00
0.000000000000000000e+00 3.296889999999999876e+00 2.367789999999999839e+00 2.746490000000000098e+00 2.930750000000000188e+00
0.000000000000000000e+00 3.297629999999999839e+00 2.365610000000000213e+00 2.749049999999999994e+00 2.931789999999999896e+00
0.000000000000000000e+00 3.297010000000000218e+00 2.367220000000000102e+00 2.746939999999999937e+00 2.931059999999999999e+00
0.000000000000000000e+00 3.297489999999999810e+00 2.365920000000000023e+00 2.748709999999999987e+00 2.931529999999999969e+00
0.000000000000000000e+00 3.299069999999999947e+00 2.367620000000000058e+00 2.749249999999999972e+00 2.933209999999999873e+00
0.000000000000000000e+00 3.297429999999999861e+00 2.366979999999999862e+00 2.747900000000000009e+00 2.931299999999999795e+00
0.000000000000000000e+00 3.295799999999999841e+00 2.366769999999999818e+00 2.746049999999999880e+00 2.929530000000000189e+00
0.000000000000000000e+00 3.296409999999999840e+00 2.368959999999999955e+00 2.745049999999999990e+00 2.930079999999999796e+00
0.000000000000000000e+00 3.296670000000000211e+00 2.367220000000000102e+00 2.746519999999999850e+00 2.930689999999999795e+00
0.000000000000000000e+00 3.296689999999999898e+00 2.368030000000000079e+00 2.746150000000000091e+00 2.930429999999999868e+00
0.000000000000000000e+00 3.297210000000000196e+00 2.366410000000000124e+00 2.748540000000000205e+00 2.930670000000000108e+00
0.000000000000000000e+00 3.295970000000000066e+00 2.368660000000000210e+00 2.744679999999999787e+00 2.929679999999999840e+00
0.000000000000000000e+00 3.297429999999999861e+00 2.367739999999999956e+00 2.747110000000000163e+00 2.931430000000000202e+00
0.000000000000000000e+00 3.297120000000000051e+00 2.366130000000000067e+00 2.748380000000000045e+00 2.930839999999999890e+00
0.000000000000000000e+00 3.296769999999999978e+00 2.366499999999999826e+00 2.747539999999999871e+00 2.930540000000000145e+00
0.000000000000000000e+00 3.294700000000000184e+00 2.366340000000000110e+00 2.745530000000000026e+00 2.927890000000000104e+00
0.000000000000000000e+00 3.296100000000000030e+00 2.366410000000000124e+00 2.747230000000000061e+00 2.929409999999999847e+00
0.000000000000000000e+00 3.295770000000000088e+00 2.368780000000000108e+00 2.744870000000000143e+00 2.928949999999999942e+00
0.000000000000000000e+00 3.293779999999999930e+00 2.367049999999999876e+00 2.744089999999999918e+00 2.926620000000000221e+00
0.000000000000000000e+00 3.297019999999999840e+00 2.367070000000000007e+00 2.747749999999999915e+00 2.930449999999999999e+00
0.000000000000000000e+00 3.295739999999999892e+00 2.366039999999999921e+00 2.747739999999999849e+00 2.928409999999999958e+00
0.000000000000000000e+00 3.293940000000000090e+00 2.365419999999999856e+00 2.745239999999999903e+00 2.927210000000000090e+00
0.000000000000000000e+00 3.293029999999999902e+00 2.366260000000000030e+00 2.743370000000000086e+00 2.926229999999999887e+00
0.000000000000000000e+00 3.293730000000000047e+00 2.364459999999999784e+00 2.746020000000000127e+00 2.926769999999999872e+00
0.000000000000000000e+00 3.294890000000000096e+00 2.365839999999999943e+00 2.746150000000000091e+00 2.928139999999999965e+00
0.000000000000000000e+00 3.295539999999999914e+00 2.364609999999999879e+00 2.747749999999999915e+00 2.929110000000000102e+00
0.000000000000000000e+00 3.295659999999999812e+00 2.364279999999999937e+00 2.748310000000000031e+00 2.929110000000000102e+00
0.000000000000000000e+00 3.294210000000000083e+00 2.365829999999999878e+00 2.745229999999999837e+00 2.927490000000000148e+00
0.000000000000000000e+00 3.296450000000000102e+00 2.366530000000000022e+00 2.747279999999999944e+00 2.930050000000000043e+00
0.000000000000000000e+00 3.295100000000000140e+00 2.364920000000000133e+00 2.747009999999999952e+00 2.928570000000000118e+00
