0.000000e+00 1.649010000000000087e+00
1.000000e+01 1.669410000000000061e+00
2.000000e+01 1.667969999999999953e+00
3.000000e+01 1.668239999999999945e+00
4.000000e+01 1.671499999999999986e+00
5.000000e+01 1.668369999999999909e+00
6.000000e+01 1.669010000000000105e+00
7.000000e+01 1.667839999999999989e+00
8.000000e+01 1.670719999999999983e+00
9.000000e+01 1.669329999999999981e+00
1.000000e+02 1.671049999999999924e+00
1.100000e+02 1.673189999999999955e+00
1.200000e+02 1.668989999999999974e+00
1.300000e+02 1.669740000000000002e+00
1.400000e+02 1.669100000000000028e+00
1.500000e+02 1.671920000000000073e+00
1.600000e+02 1.670060000000000100e+00
1.700000e+02 1.670299999999999896e+00
1.800000e+02 1.671300000000000008e+00
1.900000e+02 1.673650000000000082e+00
2.000000e+02 1.667859999999999898e+00
2.100000e+02 1.669939999999999980e+00
2.200000e+02 1.671839999999999993e+00
2.300000e+02 1.673089999999999966e+00
2.400000e+02 1.671440000000000037e+00
2.500000e+02 1.671820000000000084e+00
2.600000e+02 1.669280000000000097e+00
2.700000e+02 1.671939999999999982e+00
2.800000e+02 1.671859999999999902e+00
2.900000e+02 1.672339999999999938e+00
3.000000e+02 1.671470000000000011e+00
3.100000e+02 1.668930000000000025e+00
3.200000e+02 1.671489999999999920e+00
3.300000e+02 1.671389999999999931e+00
3.400000e+02 1.672579999999999956e+00
3.500000e+02 1.671890000000000098e+00
3.600000e+02 1.667370000000000019e+00
3.700000e+02 1.669440000000000035e+00
3.800000e+02 1.669610000000000039e+00
3.900000e+02 1.669980000000000020e+00
4.000000e+02 1.671559999999999935e+00
4.100000e+02 1.669689999999999896e+00
4.200000e+02 1.669510000000000050e+00
4.300000e+02 1.671769999999999978e+00
4.400000e+02 1.672250000000000014e+00
4.500000e+02 1.668789999999999996e+00
4.600000e+02 1.671839999999999993e+00
4.700000e+02 1.671059999999999990e+00
4.800000e+02 1.671720000000000095e+00
4.900000e+02 1.673359999999999959e+00
5.000000e+02 1.670809999999999906e+00
