0.000000e+00 2.046769999999999978e+00
1.000000e+01 2.084999999999999964e+00
2.000000e+01 2.092189999999999994e+00
3.000000e+01 2.091699999999999893e+00
4.000000e+01 2.085020000000000095e+00
5.000000e+01 2.091380000000000017e+00
6.000000e+01 2.090019999999999989e+00
7.000000e+01 2.092220000000000191e+00
8.000000e+01 2.089850000000000207e+00
9.000000e+01 2.088649999999999896e+00
1.000000e+02 2.096870000000000012e+00
1.100000e+02 2.089350000000000041e+00
1.200000e+02 2.086980000000000057e+00
1.300000e+02 2.090669999999999806e+00
1.400000e+02 2.090850000000000097e+00
1.500000e+02 2.088929999999999954e+00
1.600000e+02 2.090609999999999857e+00
1.700000e+02 2.091029999999999944e+00
1.800000e+02 2.091040000000000010e+00
1.900000e+02 2.090339999999999865e+00
2.000000e+02 2.091070000000000206e+00
2.100000e+02 2.086450000000000138e+00
2.200000e+02 2.089469999999999938e+00
2.300000e+02 2.090629999999999988e+00
2.400000e+02 2.087040000000000006e+00
2.500000e+02 2.088680000000000092e+00
2.600000e+02 2.091680000000000206e+00
2.700000e+02 2.087019999999999875e+00
2.800000e+02 2.089770000000000127e+00
2.900000e+02 2.088150000000000173e+00
3.000000e+02 2.086069999999999869e+00
3.100000e+02 2.086699999999999999e+00
3.200000e+02 2.091099999999999959e+00
3.300000e+02 2.089710000000000178e+00
3.400000e+02 2.082069999999999865e+00
3.500000e+02 2.087959999999999816e+00
3.600000e+02 2.086930000000000174e+00
3.700000e+02 2.086170000000000080e+00
3.800000e+02 2.086619999999999919e+00
3.900000e+02 2.086059999999999803e+00
4.000000e+02 2.081710000000000171e+00
4.100000e+02 2.085480000000000000e+00
4.200000e+02 2.088420000000000165e+00
4.300000e+02 2.086510000000000087e+00
4.400000e+02 2.086879999999999846e+00
4.500000e+02 2.087969999999999882e+00
4.600000e+02 2.085920000000000218e+00
4.700000e+02 2.090920000000000112e+00
4.800000e+02 2.083309999999999995e+00
4.900000e+02 2.088600000000000012e+00
5.000000e+02 2.087709999999999955e+00
