0.000000e+00 2.999999999999999864e-07
1.000000e+01 3.254429999999999823e-01
2.000000e+01 3.292160000000000086e-01
3.000000e+01 3.293666000000000094e-01
4.000000e+01 3.291296000000000221e-01
5.000000e+01 3.293168000000000206e-01
6.000000e+01 3.303627000000000091e-01
7.000000e+01 3.279067999999999983e-01
8.000000e+01 3.305565999999999782e-01
9.000000e+01 3.315381000000000022e-01
1.000000e+02 3.338516000000000261e-01
1.100000e+02 3.303968999999999934e-01
1.200000e+02 3.277733999999999925e-01
1.300000e+02 3.290950000000000264e-01
1.400000e+02 3.282456999999999736e-01
1.500000e+02 3.284075000000000188e-01
1.600000e+02 3.303078999999999876e-01
1.700000e+02 3.312919999999999754e-01
1.800000e+02 3.331239999999999757e-01
1.900000e+02 3.338826999999999767e-01
2.000000e+02 3.359507999999999939e-01
2.100000e+02 3.309311999999999809e-01
2.200000e+02 3.336749999999999994e-01
2.300000e+02 3.313172999999999813e-01
2.400000e+02 3.339020999999999795e-01
2.500000e+02 3.353633999999999782e-01
2.600000e+02 3.317350000000000021e-01
2.700000e+02 3.309277999999999942e-01
2.800000e+02 3.306279999999999775e-01
2.900000e+02 3.319846000000000186e-01
3.000000e+02 3.311685999999999797e-01
3.100000e+02 3.353797000000000028e-01
3.200000e+02 3.304200999999999944e-01
3.300000e+02 3.333357000000000125e-01
3.400000e+02 3.329096000000000277e-01
3.500000e+02 3.330223999999999962e-01
3.600000e+02 3.310335999999999834e-01
3.700000e+02 3.344359000000000082e-01
3.800000e+02 3.322463999999999973e-01
3.900000e+02 3.334502999999999773e-01
4.000000e+02 3.369533000000000111e-01
4.100000e+02 3.364462999999999759e-01
4.200000e+02 3.325391999999999793e-01
4.300000e+02 3.311921999999999922e-01
4.400000e+02 3.334257999999999944e-01
4.500000e+02 3.325494999999999979e-01
4.600000e+02 3.321551999999999838e-01
4.700000e+02 3.351721999999999757e-01
4.800000e+02 3.321882999999999919e-01
4.900000e+02 3.333290999999999893e-01
5.000000e+02 3.326004000000000183e-01
