0.000000e+00 1.999999999999999909e-07
1.000000e+01 8.275380000000000236e-02
2.000000e+01 9.704899999999999638e-02
3.000000e+01 1.016077999999999981e-01
4.000000e+01 9.291989999999999972e-02
5.000000e+01 9.375219999999999387e-02
6.000000e+01 9.291320000000000134e-02
7.000000e+01 9.168189999999999673e-02
8.000000e+01 9.192400000000000571e-02
9.000000e+01 9.759160000000000057e-02
1.000000e+02 1.061850000000000016e-01
1.100000e+02 1.020447000000000021e-01
1.200000e+02 9.037539999999999463e-02
1.300000e+02 9.932549999999999712e-02
1.400000e+02 9.538820000000000632e-02
1.500000e+02 9.312990000000000157e-02
1.600000e+02 9.936050000000000437e-02
1.700000e+02 9.096840000000000481e-02
1.800000e+02 8.410399999999999820e-02
1.900000e+02 8.816730000000000400e-02
2.000000e+02 8.355680000000000052e-02
2.100000e+02 8.182849999999999846e-02
2.200000e+02 8.521810000000000496e-02
2.300000e+02 8.311430000000000207e-02
2.400000e+02 7.570720000000000227e-02
2.500000e+02 8.503819999999999435e-02
2.600000e+02 8.630409999999999471e-02
2.700000e+02 8.237759999999999527e-02
2.800000e+02 8.301110000000000433e-02
2.900000e+02 8.607170000000000099e-02
3.000000e+02 8.639539999999999720e-02
3.100000e+02 8.127030000000000365e-02
3.200000e+02 8.181009999999999671e-02
3.300000e+02 8.455379999999999840e-02
3.400000e+02 7.672420000000000628e-02
3.500000e+02 8.825030000000000374e-02
3.600000e+02 8.113900000000000279e-02
3.700000e+02 8.146730000000000638e-02
3.800000e+02 8.167109999999999648e-02
3.900000e+02 7.929769999999999874e-02
4.000000e+02 8.025559999999999639e-02
4.100000e+02 7.619670000000000609e-02
4.200000e+02 8.061250000000000360e-02
4.300000e+02 8.221209999999999629e-02
4.400000e+02 8.676820000000000366e-02
4.500000e+02 8.506840000000000235e-02
4.600000e+02 8.415050000000000308e-02
4.700000e+02 8.610869999999999636e-02
4.800000e+02 7.908869999999999789e-02
4.900000e+02 9.303050000000000208e-02
5.000000e+02 9.175160000000000260e-02
