0.000000000000000000e+00 1.999999999999999909e-07
0.000000000000000000e+00 8.275380000000000236e-02
0.000000000000000000e+00 9.704899999999999638e-02
0.000000000000000000e+00 1.016077999999999981e-01
0.000000000000000000e+00 9.291989999999999972e-02
0.000000000000000000e+00 9.375219999999999387e-02
0.000000000000000000e+00 9.291320000000000134e-02
0.000000000000000000e+00 9.168189999999999673e-02
0.000000000000000000e+00 9.192400000000000571e-02
0.000000000000000000e+00 9.759160000000000057e-02
0.000000000000000000e+00 1.061850000000000016e-01
0.000000000000000000e+00 1.020447000000000021e-01
0.000000000000000000e+00 9.037539999999999463e-02
0.000000000000000000e+00 9.932549999999999712e-02
0.000000000000000000e+00 9.538820000000000632e-02
0.000000000000000000e+00 9.312990000000000157e-02
0.000000000000000000e+00 9.936050000000000437e-02
0.000000000000000000e+00 9.096840000000000481e-02
0.000000000000000000e+00 8.410399999999999820e-02
0.000000000000000000e+00 8.816730000000000400e-02
0.000000000000000000e+00 8.355680000000000052e-02
0.000000000000000000e+00 8.182849999999999846e-02
0.000000000000000000e+00 8.521810000000000496e-02
0.000000000000000000e+00 8.311430000000000207e-02
0.000000000000000000e+00 7.570720000000000227e-02
0.000000000000000000e+00 8.503819999999999435e-02
0.000000000000000000e+00 8.630409999999999471e-02
0.000000000000000000e+00 8.237759999999999527e-02
0.000000000000000000e+00 8.301110000000000433e-02
0.000000000000000000e+00 8.607170000000000099e-02
0.000000000000000000e+00 8.639539999999999720e-02
0.000000000000000000e+00 8.127030000000000365e-02
0.000000000000000000e+00 8.181009999999999671e-02
0.000000000000000000e+00 8.455379999999999840e-02
0.000000000000000000e+00 7.672420000000000628e-02
0.000000000000000000e+00 8.825030000000000374e-02
0.000000000000000000e+00 8.113900000000000279e-02
0.000000000000000000e+00 8.146730000000000638e-02
0.000000000000000000e+00 8.167109999999999648e-02
0.000000000000000000e+00 7.929769999999999874e-02
0.000000000000000000e+00 8.025559999999999639e-02
0.000000000000000000e+00 7.619670000000000609e-02
0.000000000000000000e+00 8.061250000000000360e-02
0.000000000000000000e+00 8.221209999999999629e-02
0.000000000000000000e+00 8.676820000000000366e-02
0.000000000000000000e+00 8.506840000000000235e-02
0.000000000000000000e+00 8.415050000000000308e-02
0.000000000000000000e+00 8.610869999999999636e-02
0.000000000000000000e+00 7.908869999999999789e-02
0.000000000000000000e+00 9.303050000000000208e-02
0.000000000000000000e+00 9.175160000000000260e-02
