0.000000e+00 0.000000000000000000e+00
1.000000e+01 1.665331999999999923e-01
2.000000e+01 1.655801000000000078e-01
3.000000e+01 1.697751999999999872e-01
4.000000e+01 1.712351000000000012e-01
5.000000e+01 1.672320999999999946e-01
6.000000e+01 1.711982999999999977e-01
7.000000e+01 1.703205000000000136e-01
8.000000e+01 1.742539999999999922e-01
9.000000e+01 1.730855000000000032e-01
1.000000e+02 1.759534000000000098e-01
1.100000e+02 1.718887000000000054e-01
1.200000e+02 1.719903999999999877e-01
1.300000e+02 1.724225000000000063e-01
1.400000e+02 1.698661999999999950e-01
1.500000e+02 1.777837999999999918e-01
1.600000e+02 1.809800000000000020e-01
1.700000e+02 1.799833999999999878e-01
1.800000e+02 1.786385000000000056e-01
1.900000e+02 1.845123999999999931e-01
2.000000e+02 1.709472999999999965e-01
2.100000e+02 1.818191000000000113e-01
2.200000e+02 1.806848000000000065e-01
2.300000e+02 1.790358999999999978e-01
2.400000e+02 1.776913999999999993e-01
2.500000e+02 1.753351999999999966e-01
2.600000e+02 1.744101999999999875e-01
2.700000e+02 1.850484000000000018e-01
2.800000e+02 1.795574000000000059e-01
2.900000e+02 1.785655999999999910e-01
3.000000e+02 1.810309999999999975e-01
3.100000e+02 1.700308000000000097e-01
3.200000e+02 1.762102000000000113e-01
3.300000e+02 1.760595000000000077e-01
3.400000e+02 1.777197000000000082e-01
3.500000e+02 1.817749999999999921e-01
3.600000e+02 1.783951000000000009e-01
3.700000e+02 1.746783000000000086e-01
3.800000e+02 1.737912000000000068e-01
3.900000e+02 1.700589000000000128e-01
4.000000e+02 1.827911000000000119e-01
4.100000e+02 1.753548000000000051e-01
4.200000e+02 1.779561000000000059e-01
4.300000e+02 1.820388000000000006e-01
4.400000e+02 1.861343000000000025e-01
4.500000e+02 1.770912000000000042e-01
4.600000e+02 1.854103000000000001e-01
4.700000e+02 1.809112999999999971e-01
4.800000e+02 1.819091999999999931e-01
4.900000e+02 1.827849000000000002e-01
5.000000e+02 1.727022000000000002e-01
