
 Bonds

1 1 1 4
2 1 4 7
3 1 7 10
4 1 10 13
5 1 13 16
6 1 16 19
7 1 19 22
8 1 22 25
9 1 25 28
10 1 28 1
11 2 1 2
12 2 4 5
13 2 7 8
14 2 10 11
15 2 13 14
16 2 16 17
17 2 19 20
18 2 22 23
19 2 25 26
20 2 28 29
21 3 1 3
22 3 4 6
23 3 7 9
24 3 10 12
25 3 13 15
26 3 16 18
27 3 19 21
28 3 22 24
29 3 25 27
30 3 28 30
31 1 31 34
32 1 34 37
33 1 37 40
34 1 40 43
35 1 43 46
36 1 46 49
37 1 49 52
38 1 52 55
39 1 55 58
40 1 58 31
41 2 31 32
42 2 34 35
43 2 37 38
44 2 40 41
45 2 43 44
46 2 46 47
47 2 49 50
48 2 52 53
49 2 55 56
50 2 58 59
51 3 31 33
52 3 34 36
53 3 37 39
54 3 40 42
55 3 43 45
56 3 46 48
57 3 49 51
58 3 52 54
59 3 55 57
60 3 58 60
61 1 61 64
62 1 64 67
63 1 67 70
64 1 70 73
65 1 73 76
66 1 76 79
67 1 79 82
68 1 82 85
69 1 85 88
70 1 88 61
71 2 61 62
72 2 64 65
73 2 67 68
74 2 70 71
75 2 73 74
76 2 76 77
77 2 79 80
78 2 82 83
79 2 85 86
80 2 88 89
81 3 61 63
82 3 64 66
83 3 67 69
84 3 70 72
85 3 73 75
86 3 76 78
87 3 79 81
88 3 82 84
89 3 85 87
90 3 88 90
91 1 91 94
92 1 94 97
93 1 97 100
94 1 100 103
95 1 103 106
96 1 106 109
97 1 109 112
98 1 112 115
99 1 115 118
100 1 118 91
101 2 91 92
102 2 94 95
103 2 97 98
104 2 100 101
105 2 103 104
106 2 106 107
107 2 109 110
108 2 112 113
109 2 115 116
110 2 118 119
111 3 91 93
112 3 94 96
113 3 97 99
114 3 100 102
115 3 103 105
116 3 106 108
117 3 109 111
118 3 112 114
119 3 115 117
120 3 118 120
121 1 121 124
122 1 124 127
123 1 127 130
124 1 130 133
125 1 133 136
126 1 136 139
127 1 139 142
128 1 142 145
129 1 145 148
130 1 148 121
131 2 121 122
132 2 124 125
133 2 127 128
134 2 130 131
135 2 133 134
136 2 136 137
137 2 139 140
138 2 142 143
139 2 145 146
140 2 148 149
141 3 121 123
142 3 124 126
143 3 127 129
144 3 130 132
145 3 133 135
146 3 136 138
147 3 139 141
148 3 142 144
149 3 145 147
150 3 148 150
151 1 151 154
152 1 154 157
153 1 157 160
154 1 160 163
155 1 163 166
156 1 166 169
157 1 169 172
158 1 172 175
159 1 175 178
160 1 178 151
161 2 151 152
162 2 154 155
163 2 157 158
164 2 160 161
165 2 163 164
166 2 166 167
167 2 169 170
168 2 172 173
169 2 175 176
170 2 178 179
171 3 151 153
172 3 154 156
173 3 157 159
174 3 160 162
175 3 163 165
176 3 166 168
177 3 169 171
178 3 172 174
179 3 175 177
180 3 178 180
181 1 181 184
182 1 184 187
183 1 187 190
184 1 190 193
185 1 193 196
186 1 196 199
187 1 199 202
188 1 202 205
189 1 205 208
190 1 208 181
191 2 181 182
192 2 184 185
193 2 187 188
194 2 190 191
195 2 193 194
196 2 196 197
197 2 199 200
198 2 202 203
199 2 205 206
200 2 208 209
201 3 181 183
202 3 184 186
203 3 187 189
204 3 190 192
205 3 193 195
206 3 196 198
207 3 199 201
208 3 202 204
209 3 205 207
210 3 208 210
211 1 211 214
212 1 214 217
213 1 217 220
214 1 220 223
215 1 223 226
216 1 226 229
217 1 229 232
218 1 232 235
219 1 235 238
220 1 238 211
221 2 211 212
222 2 214 215
223 2 217 218
224 2 220 221
225 2 223 224
226 2 226 227
227 2 229 230
228 2 232 233
229 2 235 236
230 2 238 239
231 3 211 213
232 3 214 216
233 3 217 219
234 3 220 222
235 3 223 225
236 3 226 228
237 3 229 231
238 3 232 234
239 3 235 237
240 3 238 240
241 1 241 244
242 1 244 247
243 1 247 250
244 1 250 253
245 1 253 256
246 1 256 259
247 1 259 262
248 1 262 265
249 1 265 268
250 1 268 241
251 2 241 242
252 2 244 245
253 2 247 248
254 2 250 251
255 2 253 254
256 2 256 257
257 2 259 260
258 2 262 263
259 2 265 266
260 2 268 269
261 3 241 243
262 3 244 246
263 3 247 249
264 3 250 252
265 3 253 255
266 3 256 258
267 3 259 261
268 3 262 264
269 3 265 267
270 3 268 270
271 1 271 274
272 1 274 277
273 1 277 280
274 1 280 283
275 1 283 286
276 1 286 289
277 1 289 292
278 1 292 295
279 1 295 298
280 1 298 271
281 2 271 272
282 2 274 275
283 2 277 278
284 2 280 281
285 2 283 284
286 2 286 287
287 2 289 290
288 2 292 293
289 2 295 296
290 2 298 299
291 3 271 273
292 3 274 276
293 3 277 279
294 3 280 282
295 3 283 285
296 3 286 288
297 3 289 291
298 3 292 294
299 3 295 297
300 3 298 300
301 1 301 304
302 1 304 307
303 1 307 310
304 1 310 313
305 1 313 316
306 1 316 319
307 1 319 322
308 1 322 325
309 1 325 328
310 1 328 301
311 2 301 302
312 2 304 305
313 2 307 308
314 2 310 311
315 2 313 314
316 2 316 317
317 2 319 320
318 2 322 323
319 2 325 326
320 2 328 329
321 3 301 303
322 3 304 306
323 3 307 309
324 3 310 312
325 3 313 315
326 3 316 318
327 3 319 321
328 3 322 324
329 3 325 327
330 3 328 330
331 1 331 334
332 1 334 337
333 1 337 340
334 1 340 343
335 1 343 346
336 1 346 349
337 1 349 352
338 1 352 355
339 1 355 358
340 1 358 331
341 2 331 332
342 2 334 335
343 2 337 338
344 2 340 341
345 2 343 344
346 2 346 347
347 2 349 350
348 2 352 353
349 2 355 356
350 2 358 359
351 3 331 333
352 3 334 336
353 3 337 339
354 3 340 342
355 3 343 345
356 3 346 348
357 3 349 351
358 3 352 354
359 3 355 357
360 3 358 360
361 1 361 364
362 1 364 367
363 1 367 370
364 1 370 373
365 1 373 376
366 1 376 379
367 1 379 382
368 1 382 385
369 1 385 388
370 1 388 361
371 2 361 362
372 2 364 365
373 2 367 368
374 2 370 371
375 2 373 374
376 2 376 377
377 2 379 380
378 2 382 383
379 2 385 386
380 2 388 389
381 3 361 363
382 3 364 366
383 3 367 369
384 3 370 372
385 3 373 375
386 3 376 378
387 3 379 381
388 3 382 384
389 3 385 387
390 3 388 390
391 1 391 394
392 1 394 397
393 1 397 400
394 1 400 403
395 1 403 406
396 1 406 409
397 1 409 412
398 1 412 415
399 1 415 418
400 1 418 391
401 2 391 392
402 2 394 395
403 2 397 398
404 2 400 401
405 2 403 404
406 2 406 407
407 2 409 410
408 2 412 413
409 2 415 416
410 2 418 419
411 3 391 393
412 3 394 396
413 3 397 399
414 3 400 402
415 3 403 405
416 3 406 408
417 3 409 411
418 3 412 414
419 3 415 417
420 3 418 420
421 1 421 424
422 1 424 427
423 1 427 430
424 1 430 433
425 1 433 436
426 1 436 439
427 1 439 442
428 1 442 445
429 1 445 448
430 1 448 421
431 2 421 422
432 2 424 425
433 2 427 428
434 2 430 431
435 2 433 434
436 2 436 437
437 2 439 440
438 2 442 443
439 2 445 446
440 2 448 449
441 3 421 423
442 3 424 426
443 3 427 429
444 3 430 432
445 3 433 435
446 3 436 438
447 3 439 441
448 3 442 444
449 3 445 447
450 3 448 450
451 1 451 454
452 1 454 457
453 1 457 460
454 1 460 463
455 1 463 466
456 1 466 469
457 1 469 472
458 1 472 475
459 1 475 478
460 1 478 451
461 2 451 452
462 2 454 455
463 2 457 458
464 2 460 461
465 2 463 464
466 2 466 467
467 2 469 470
468 2 472 473
469 2 475 476
470 2 478 479
471 3 451 453
472 3 454 456
473 3 457 459
474 3 460 462
475 3 463 465
476 3 466 468
477 3 469 471
478 3 472 474
479 3 475 477
480 3 478 480
481 1 481 484
482 1 484 487
483 1 487 490
484 1 490 493
485 1 493 496
486 1 496 499
487 1 499 502
488 1 502 505
489 1 505 508
490 1 508 481
491 2 481 482
492 2 484 485
493 2 487 488
494 2 490 491
495 2 493 494
496 2 496 497
497 2 499 500
498 2 502 503
499 2 505 506
500 2 508 509
501 3 481 483
502 3 484 486
503 3 487 489
504 3 490 492
505 3 493 495
506 3 496 498
507 3 499 501
508 3 502 504
509 3 505 507
510 3 508 510
511 1 511 514
512 1 514 517
513 1 517 520
514 1 520 523
515 1 523 526
516 1 526 529
517 1 529 532
518 1 532 535
519 1 535 538
520 1 538 511
521 2 511 512
522 2 514 515
523 2 517 518
524 2 520 521
525 2 523 524
526 2 526 527
527 2 529 530
528 2 532 533
529 2 535 536
530 2 538 539
531 3 511 513
532 3 514 516
533 3 517 519
534 3 520 522
535 3 523 525
536 3 526 528
537 3 529 531
538 3 532 534
539 3 535 537
540 3 538 540
541 1 541 544
542 1 544 547
543 1 547 550
544 1 550 553
545 1 553 556
546 1 556 559
547 1 559 562
548 1 562 565
549 1 565 568
550 1 568 541
551 2 541 542
552 2 544 545
553 2 547 548
554 2 550 551
555 2 553 554
556 2 556 557
557 2 559 560
558 2 562 563
559 2 565 566
560 2 568 569
561 3 541 543
562 3 544 546
563 3 547 549
564 3 550 552
565 3 553 555
566 3 556 558
567 3 559 561
568 3 562 564
569 3 565 567
570 3 568 570
571 1 571 574
572 1 574 577
573 1 577 580
574 1 580 583
575 1 583 586
576 1 586 589
577 1 589 592
578 1 592 595
579 1 595 598
580 1 598 571
581 2 571 572
582 2 574 575
583 2 577 578
584 2 580 581
585 2 583 584
586 2 586 587
587 2 589 590
588 2 592 593
589 2 595 596
590 2 598 599
591 3 571 573
592 3 574 576
593 3 577 579
594 3 580 582
595 3 583 585
596 3 586 588
597 3 589 591
598 3 592 594
599 3 595 597
600 3 598 600
601 1 601 604
602 1 604 607
603 1 607 610
604 1 610 613
605 1 613 616
606 1 616 619
607 1 619 622
608 1 622 625
609 1 625 628
610 1 628 601
611 2 601 602
612 2 604 605
613 2 607 608
614 2 610 611
615 2 613 614
616 2 616 617
617 2 619 620
618 2 622 623
619 2 625 626
620 2 628 629
621 3 601 603
622 3 604 606
623 3 607 609
624 3 610 612
625 3 613 615
626 3 616 618
627 3 619 621
628 3 622 624
629 3 625 627
630 3 628 630
631 1 631 634
632 1 634 637
633 1 637 640
634 1 640 643
635 1 643 646
636 1 646 649
637 1 649 652
638 1 652 655
639 1 655 658
640 1 658 631
641 2 631 632
642 2 634 635
643 2 637 638
644 2 640 641
645 2 643 644
646 2 646 647
647 2 649 650
648 2 652 653
649 2 655 656
650 2 658 659
651 3 631 633
652 3 634 636
653 3 637 639
654 3 640 642
655 3 643 645
656 3 646 648
657 3 649 651
658 3 652 654
659 3 655 657
660 3 658 660
661 1 661 664
662 1 664 667
663 1 667 670
664 1 670 673
665 1 673 676
666 1 676 679
667 1 679 682
668 1 682 685
669 1 685 688
670 1 688 661
671 2 661 662
672 2 664 665
673 2 667 668
674 2 670 671
675 2 673 674
676 2 676 677
677 2 679 680
678 2 682 683
679 2 685 686
680 2 688 689
681 3 661 663
682 3 664 666
683 3 667 669
684 3 670 672
685 3 673 675
686 3 676 678
687 3 679 681
688 3 682 684
689 3 685 687
690 3 688 690
691 1 691 694
692 1 694 697
693 1 697 700
694 1 700 703
695 1 703 706
696 1 706 709
697 1 709 712
698 1 712 715
699 1 715 718
700 1 718 691
701 2 691 692
702 2 694 695
703 2 697 698
704 2 700 701
705 2 703 704
706 2 706 707
707 2 709 710
708 2 712 713
709 2 715 716
710 2 718 719
711 3 691 693
712 3 694 696
713 3 697 699
714 3 700 702
715 3 703 705
716 3 706 708
717 3 709 711
718 3 712 714
719 3 715 717
720 3 718 720
721 1 721 724
722 1 724 727
723 1 727 730
724 1 730 733
725 1 733 736
726 1 736 739
727 1 739 742
728 1 742 745
729 1 745 748
730 1 748 721
731 2 721 722
732 2 724 725
733 2 727 728
734 2 730 731
735 2 733 734
736 2 736 737
737 2 739 740
738 2 742 743
739 2 745 746
740 2 748 749
741 3 721 723
742 3 724 726
743 3 727 729
744 3 730 732
745 3 733 735
746 3 736 738
747 3 739 741
748 3 742 744
749 3 745 747
750 3 748 750
751 1 751 754
752 1 754 757
753 1 757 760
754 1 760 763
755 1 763 766
756 1 766 769
757 1 769 772
758 1 772 775
759 1 775 778
760 1 778 751
761 2 751 752
762 2 754 755
763 2 757 758
764 2 760 761
765 2 763 764
766 2 766 767
767 2 769 770
768 2 772 773
769 2 775 776
770 2 778 779
771 3 751 753
772 3 754 756
773 3 757 759
774 3 760 762
775 3 763 765
776 3 766 768
777 3 769 771
778 3 772 774
779 3 775 777
780 3 778 780
781 1 781 784
782 1 784 787
783 1 787 790
784 1 790 793
785 1 793 796
786 1 796 799
787 1 799 802
788 1 802 805
789 1 805 808
790 1 808 781
791 2 781 782
792 2 784 785
793 2 787 788
794 2 790 791
795 2 793 794
796 2 796 797
797 2 799 800
798 2 802 803
799 2 805 806
800 2 808 809
801 3 781 783
802 3 784 786
803 3 787 789
804 3 790 792
805 3 793 795
806 3 796 798
807 3 799 801
808 3 802 804
809 3 805 807
810 3 808 810
811 1 811 814
812 1 814 817
813 1 817 820
814 1 820 823
815 1 823 826
816 1 826 829
817 1 829 832
818 1 832 835
819 1 835 838
820 1 838 811
821 2 811 812
822 2 814 815
823 2 817 818
824 2 820 821
825 2 823 824
826 2 826 827
827 2 829 830
828 2 832 833
829 2 835 836
830 2 838 839
831 3 811 813
832 3 814 816
833 3 817 819
834 3 820 822
835 3 823 825
836 3 826 828
837 3 829 831
838 3 832 834
839 3 835 837
840 3 838 840
841 1 841 844
842 1 844 847
843 1 847 850
844 1 850 853
845 1 853 856
846 1 856 859
847 1 859 862
848 1 862 865
849 1 865 868
850 1 868 841
851 2 841 842
852 2 844 845
853 2 847 848
854 2 850 851
855 2 853 854
856 2 856 857
857 2 859 860
858 2 862 863
859 2 865 866
860 2 868 869
861 3 841 843
862 3 844 846
863 3 847 849
864 3 850 852
865 3 853 855
866 3 856 858
867 3 859 861
868 3 862 864
869 3 865 867
870 3 868 870
871 1 871 874
872 1 874 877
873 1 877 880
874 1 880 883
875 1 883 886
876 1 886 889
877 1 889 892
878 1 892 895
879 1 895 898
880 1 898 871
881 2 871 872
882 2 874 875
883 2 877 878
884 2 880 881
885 2 883 884
886 2 886 887
887 2 889 890
888 2 892 893
889 2 895 896
890 2 898 899
891 3 871 873
892 3 874 876
893 3 877 879
894 3 880 882
895 3 883 885
896 3 886 888
897 3 889 891
898 3 892 894
899 3 895 897
900 3 898 900
901 1 901 904
902 1 904 907
903 1 907 910
904 1 910 913
905 1 913 916
906 1 916 919
907 1 919 922
908 1 922 925
909 1 925 928
910 1 928 901
911 2 901 902
912 2 904 905
913 2 907 908
914 2 910 911
915 2 913 914
916 2 916 917
917 2 919 920
918 2 922 923
919 2 925 926
920 2 928 929
921 3 901 903
922 3 904 906
923 3 907 909
924 3 910 912
925 3 913 915
926 3 916 918
927 3 919 921
928 3 922 924
929 3 925 927
930 3 928 930
931 1 931 934
932 1 934 937
933 1 937 940
934 1 940 943
935 1 943 946
936 1 946 949
937 1 949 952
938 1 952 955
939 1 955 958
940 1 958 931
941 2 931 932
942 2 934 935
943 2 937 938
944 2 940 941
945 2 943 944
946 2 946 947
947 2 949 950
948 2 952 953
949 2 955 956
950 2 958 959
951 3 931 933
952 3 934 936
953 3 937 939
954 3 940 942
955 3 943 945
956 3 946 948
957 3 949 951
958 3 952 954
959 3 955 957
960 3 958 960
961 1 961 964
962 1 964 967
963 1 967 970
964 1 970 973
965 1 973 976
966 1 976 979
967 1 979 982
968 1 982 985
969 1 985 988
970 1 988 961
971 2 961 962
972 2 964 965
973 2 967 968
974 2 970 971
975 2 973 974
976 2 976 977
977 2 979 980
978 2 982 983
979 2 985 986
980 2 988 989
981 3 961 963
982 3 964 966
983 3 967 969
984 3 970 972
985 3 973 975
986 3 976 978
987 3 979 981
988 3 982 984
989 3 985 987
990 3 988 990
991 1 991 994
992 1 994 997
993 1 997 1000
994 1 1000 1003
995 1 1003 1006
996 1 1006 1009
997 1 1009 1012
998 1 1012 1015
999 1 1015 1018
1000 1 1018 991
1001 2 991 992
1002 2 994 995
1003 2 997 998
1004 2 1000 1001
1005 2 1003 1004
1006 2 1006 1007
1007 2 1009 1010
1008 2 1012 1013
1009 2 1015 1016
1010 2 1018 1019
1011 3 991 993
1012 3 994 996
1013 3 997 999
1014 3 1000 1002
1015 3 1003 1005
1016 3 1006 1008
1017 3 1009 1011
1018 3 1012 1014
1019 3 1015 1017
1020 3 1018 1020
1021 1 1021 1024
1022 1 1024 1027
1023 1 1027 1030
1024 1 1030 1033
1025 1 1033 1036
1026 1 1036 1039
1027 1 1039 1042
1028 1 1042 1045
1029 1 1045 1048
1030 1 1048 1021
1031 2 1021 1022
1032 2 1024 1025
1033 2 1027 1028
1034 2 1030 1031
1035 2 1033 1034
1036 2 1036 1037
1037 2 1039 1040
1038 2 1042 1043
1039 2 1045 1046
1040 2 1048 1049
1041 3 1021 1023
1042 3 1024 1026
1043 3 1027 1029
1044 3 1030 1032
1045 3 1033 1035
1046 3 1036 1038
1047 3 1039 1041
1048 3 1042 1044
1049 3 1045 1047
1050 3 1048 1050
1051 1 1051 1054
1052 1 1054 1057
1053 1 1057 1060
1054 1 1060 1063
1055 1 1063 1066
1056 1 1066 1069
1057 1 1069 1072
1058 1 1072 1075
1059 1 1075 1078
1060 1 1078 1051
1061 2 1051 1052
1062 2 1054 1055
1063 2 1057 1058
1064 2 1060 1061
1065 2 1063 1064
1066 2 1066 1067
1067 2 1069 1070
1068 2 1072 1073
1069 2 1075 1076
1070 2 1078 1079
1071 3 1051 1053
1072 3 1054 1056
1073 3 1057 1059
1074 3 1060 1062
1075 3 1063 1065
1076 3 1066 1068
1077 3 1069 1071
1078 3 1072 1074
1079 3 1075 1077
1080 3 1078 1080

 Angles

1 1 1 4 7
2 1 4 7 10
3 1 7 10 13
4 1 10 13 16
5 1 13 16 19
6 1 16 19 22
7 1 19 22 25
8 1 22 25 28
9 1 25 28 1
10 1 28 1 4
11 2 2 1 4
12 2 8 7 10
13 2 14 13 16
14 2 20 19 22
15 2 26 25 28
16 3 3 1 4
17 3 9 7 10
18 3 15 13 16
19 3 21 19 22
20 3 27 25 28
21 4 5 4 1
22 4 11 10 7
23 4 17 16 13
24 4 23 22 19
25 4 29 28 25
26 5 6 4 1
27 5 12 10 7
28 5 18 16 13
29 5 24 22 19
30 5 30 28 25
31 6 2 1 3
32 6 5 4 6
33 6 8 7 9
34 6 11 10 12
35 6 14 13 15
36 6 17 16 18
37 6 20 19 21
38 6 23 22 24
39 6 26 25 27
40 6 29 28 30
41 1 31 34 37
42 1 34 37 40
43 1 37 40 43
44 1 40 43 46
45 1 43 46 49
46 1 46 49 52
47 1 49 52 55
48 1 52 55 58
49 1 55 58 31
50 1 58 31 34
51 2 32 31 34
52 2 38 37 40
53 2 44 43 46
54 2 50 49 52
55 2 56 55 58
56 3 33 31 34
57 3 39 37 40
58 3 45 43 46
59 3 51 49 52
60 3 57 55 58
61 4 35 34 31
62 4 41 40 37
63 4 47 46 43
64 4 53 52 49
65 4 59 58 55
66 5 36 34 31
67 5 42 40 37
68 5 48 46 43
69 5 54 52 49
70 5 60 58 55
71 6 32 31 33
72 6 35 34 36
73 6 38 37 39
74 6 41 40 42
75 6 44 43 45
76 6 47 46 48
77 6 50 49 51
78 6 53 52 54
79 6 56 55 57
80 6 59 58 60
81 1 61 64 67
82 1 64 67 70
83 1 67 70 73
84 1 70 73 76
85 1 73 76 79
86 1 76 79 82
87 1 79 82 85
88 1 82 85 88
89 1 85 88 61
90 1 88 61 64
91 2 62 61 64
92 2 68 67 70
93 2 74 73 76
94 2 80 79 82
95 2 86 85 88
96 3 63 61 64
97 3 69 67 70
98 3 75 73 76
99 3 81 79 82
100 3 87 85 88
101 4 65 64 61
102 4 71 70 67
103 4 77 76 73
104 4 83 82 79
105 4 89 88 85
106 5 66 64 61
107 5 72 70 67
108 5 78 76 73
109 5 84 82 79
110 5 90 88 85
111 6 62 61 63
112 6 65 64 66
113 6 68 67 69
114 6 71 70 72
115 6 74 73 75
116 6 77 76 78
117 6 80 79 81
118 6 83 82 84
119 6 86 85 87
120 6 89 88 90
121 1 91 94 97
122 1 94 97 100
123 1 97 100 103
124 1 100 103 106
125 1 103 106 109
126 1 106 109 112
127 1 109 112 115
128 1 112 115 118
129 1 115 118 91
130 1 118 91 94
131 2 92 91 94
132 2 98 97 100
133 2 104 103 106
134 2 110 109 112
135 2 116 115 118
136 3 93 91 94
137 3 99 97 100
138 3 105 103 106
139 3 111 109 112
140 3 117 115 118
141 4 95 94 91
142 4 101 100 97
143 4 107 106 103
144 4 113 112 109
145 4 119 118 115
146 5 96 94 91
147 5 102 100 97
148 5 108 106 103
149 5 114 112 109
150 5 120 118 115
151 6 92 91 93
152 6 95 94 96
153 6 98 97 99
154 6 101 100 102
155 6 104 103 105
156 6 107 106 108
157 6 110 109 111
158 6 113 112 114
159 6 116 115 117
160 6 119 118 120
161 1 121 124 127
162 1 124 127 130
163 1 127 130 133
164 1 130 133 136
165 1 133 136 139
166 1 136 139 142
167 1 139 142 145
168 1 142 145 148
169 1 145 148 121
170 1 148 121 124
171 2 122 121 124
172 2 128 127 130
173 2 134 133 136
174 2 140 139 142
175 2 146 145 148
176 3 123 121 124
177 3 129 127 130
178 3 135 133 136
179 3 141 139 142
180 3 147 145 148
181 4 125 124 121
182 4 131 130 127
183 4 137 136 133
184 4 143 142 139
185 4 149 148 145
186 5 126 124 121
187 5 132 130 127
188 5 138 136 133
189 5 144 142 139
190 5 150 148 145
191 6 122 121 123
192 6 125 124 126
193 6 128 127 129
194 6 131 130 132
195 6 134 133 135
196 6 137 136 138
197 6 140 139 141
198 6 143 142 144
199 6 146 145 147
200 6 149 148 150
201 1 151 154 157
202 1 154 157 160
203 1 157 160 163
204 1 160 163 166
205 1 163 166 169
206 1 166 169 172
207 1 169 172 175
208 1 172 175 178
209 1 175 178 151
210 1 178 151 154
211 2 152 151 154
212 2 158 157 160
213 2 164 163 166
214 2 170 169 172
215 2 176 175 178
216 3 153 151 154
217 3 159 157 160
218 3 165 163 166
219 3 171 169 172
220 3 177 175 178
221 4 155 154 151
222 4 161 160 157
223 4 167 166 163
224 4 173 172 169
225 4 179 178 175
226 5 156 154 151
227 5 162 160 157
228 5 168 166 163
229 5 174 172 169
230 5 180 178 175
231 6 152 151 153
232 6 155 154 156
233 6 158 157 159
234 6 161 160 162
235 6 164 163 165
236 6 167 166 168
237 6 170 169 171
238 6 173 172 174
239 6 176 175 177
240 6 179 178 180
241 1 181 184 187
242 1 184 187 190
243 1 187 190 193
244 1 190 193 196
245 1 193 196 199
246 1 196 199 202
247 1 199 202 205
248 1 202 205 208
249 1 205 208 181
250 1 208 181 184
251 2 182 181 184
252 2 188 187 190
253 2 194 193 196
254 2 200 199 202
255 2 206 205 208
256 3 183 181 184
257 3 189 187 190
258 3 195 193 196
259 3 201 199 202
260 3 207 205 208
261 4 185 184 181
262 4 191 190 187
263 4 197 196 193
264 4 203 202 199
265 4 209 208 205
266 5 186 184 181
267 5 192 190 187
268 5 198 196 193
269 5 204 202 199
270 5 210 208 205
271 6 182 181 183
272 6 185 184 186
273 6 188 187 189
274 6 191 190 192
275 6 194 193 195
276 6 197 196 198
277 6 200 199 201
278 6 203 202 204
279 6 206 205 207
280 6 209 208 210
281 1 211 214 217
282 1 214 217 220
283 1 217 220 223
284 1 220 223 226
285 1 223 226 229
286 1 226 229 232
287 1 229 232 235
288 1 232 235 238
289 1 235 238 211
290 1 238 211 214
291 2 212 211 214
292 2 218 217 220
293 2 224 223 226
294 2 230 229 232
295 2 236 235 238
296 3 213 211 214
297 3 219 217 220
298 3 225 223 226
299 3 231 229 232
300 3 237 235 238
301 4 215 214 211
302 4 221 220 217
303 4 227 226 223
304 4 233 232 229
305 4 239 238 235
306 5 216 214 211
307 5 222 220 217
308 5 228 226 223
309 5 234 232 229
310 5 240 238 235
311 6 212 211 213
312 6 215 214 216
313 6 218 217 219
314 6 221 220 222
315 6 224 223 225
316 6 227 226 228
317 6 230 229 231
318 6 233 232 234
319 6 236 235 237
320 6 239 238 240
321 1 241 244 247
322 1 244 247 250
323 1 247 250 253
324 1 250 253 256
325 1 253 256 259
326 1 256 259 262
327 1 259 262 265
328 1 262 265 268
329 1 265 268 241
330 1 268 241 244
331 2 242 241 244
332 2 248 247 250
333 2 254 253 256
334 2 260 259 262
335 2 266 265 268
336 3 243 241 244
337 3 249 247 250
338 3 255 253 256
339 3 261 259 262
340 3 267 265 268
341 4 245 244 241
342 4 251 250 247
343 4 257 256 253
344 4 263 262 259
345 4 269 268 265
346 5 246 244 241
347 5 252 250 247
348 5 258 256 253
349 5 264 262 259
350 5 270 268 265
351 6 242 241 243
352 6 245 244 246
353 6 248 247 249
354 6 251 250 252
355 6 254 253 255
356 6 257 256 258
357 6 260 259 261
358 6 263 262 264
359 6 266 265 267
360 6 269 268 270
361 1 271 274 277
362 1 274 277 280
363 1 277 280 283
364 1 280 283 286
365 1 283 286 289
366 1 286 289 292
367 1 289 292 295
368 1 292 295 298
369 1 295 298 271
370 1 298 271 274
371 2 272 271 274
372 2 278 277 280
373 2 284 283 286
374 2 290 289 292
375 2 296 295 298
376 3 273 271 274
377 3 279 277 280
378 3 285 283 286
379 3 291 289 292
380 3 297 295 298
381 4 275 274 271
382 4 281 280 277
383 4 287 286 283
384 4 293 292 289
385 4 299 298 295
386 5 276 274 271
387 5 282 280 277
388 5 288 286 283
389 5 294 292 289
390 5 300 298 295
391 6 272 271 273
392 6 275 274 276
393 6 278 277 279
394 6 281 280 282
395 6 284 283 285
396 6 287 286 288
397 6 290 289 291
398 6 293 292 294
399 6 296 295 297
400 6 299 298 300
401 1 301 304 307
402 1 304 307 310
403 1 307 310 313
404 1 310 313 316
405 1 313 316 319
406 1 316 319 322
407 1 319 322 325
408 1 322 325 328
409 1 325 328 301
410 1 328 301 304
411 2 302 301 304
412 2 308 307 310
413 2 314 313 316
414 2 320 319 322
415 2 326 325 328
416 3 303 301 304
417 3 309 307 310
418 3 315 313 316
419 3 321 319 322
420 3 327 325 328
421 4 305 304 301
422 4 311 310 307
423 4 317 316 313
424 4 323 322 319
425 4 329 328 325
426 5 306 304 301
427 5 312 310 307
428 5 318 316 313
429 5 324 322 319
430 5 330 328 325
431 6 302 301 303
432 6 305 304 306
433 6 308 307 309
434 6 311 310 312
435 6 314 313 315
436 6 317 316 318
437 6 320 319 321
438 6 323 322 324
439 6 326 325 327
440 6 329 328 330
441 1 331 334 337
442 1 334 337 340
443 1 337 340 343
444 1 340 343 346
445 1 343 346 349
446 1 346 349 352
447 1 349 352 355
448 1 352 355 358
449 1 355 358 331
450 1 358 331 334
451 2 332 331 334
452 2 338 337 340
453 2 344 343 346
454 2 350 349 352
455 2 356 355 358
456 3 333 331 334
457 3 339 337 340
458 3 345 343 346
459 3 351 349 352
460 3 357 355 358
461 4 335 334 331
462 4 341 340 337
463 4 347 346 343
464 4 353 352 349
465 4 359 358 355
466 5 336 334 331
467 5 342 340 337
468 5 348 346 343
469 5 354 352 349
470 5 360 358 355
471 6 332 331 333
472 6 335 334 336
473 6 338 337 339
474 6 341 340 342
475 6 344 343 345
476 6 347 346 348
477 6 350 349 351
478 6 353 352 354
479 6 356 355 357
480 6 359 358 360
481 1 361 364 367
482 1 364 367 370
483 1 367 370 373
484 1 370 373 376
485 1 373 376 379
486 1 376 379 382
487 1 379 382 385
488 1 382 385 388
489 1 385 388 361
490 1 388 361 364
491 2 362 361 364
492 2 368 367 370
493 2 374 373 376
494 2 380 379 382
495 2 386 385 388
496 3 363 361 364
497 3 369 367 370
498 3 375 373 376
499 3 381 379 382
500 3 387 385 388
501 4 365 364 361
502 4 371 370 367
503 4 377 376 373
504 4 383 382 379
505 4 389 388 385
506 5 366 364 361
507 5 372 370 367
508 5 378 376 373
509 5 384 382 379
510 5 390 388 385
511 6 362 361 363
512 6 365 364 366
513 6 368 367 369
514 6 371 370 372
515 6 374 373 375
516 6 377 376 378
517 6 380 379 381
518 6 383 382 384
519 6 386 385 387
520 6 389 388 390
521 1 391 394 397
522 1 394 397 400
523 1 397 400 403
524 1 400 403 406
525 1 403 406 409
526 1 406 409 412
527 1 409 412 415
528 1 412 415 418
529 1 415 418 391
530 1 418 391 394
531 2 392 391 394
532 2 398 397 400
533 2 404 403 406
534 2 410 409 412
535 2 416 415 418
536 3 393 391 394
537 3 399 397 400
538 3 405 403 406
539 3 411 409 412
540 3 417 415 418
541 4 395 394 391
542 4 401 400 397
543 4 407 406 403
544 4 413 412 409
545 4 419 418 415
546 5 396 394 391
547 5 402 400 397
548 5 408 406 403
549 5 414 412 409
550 5 420 418 415
551 6 392 391 393
552 6 395 394 396
553 6 398 397 399
554 6 401 400 402
555 6 404 403 405
556 6 407 406 408
557 6 410 409 411
558 6 413 412 414
559 6 416 415 417
560 6 419 418 420
561 1 421 424 427
562 1 424 427 430
563 1 427 430 433
564 1 430 433 436
565 1 433 436 439
566 1 436 439 442
567 1 439 442 445
568 1 442 445 448
569 1 445 448 421
570 1 448 421 424
571 2 422 421 424
572 2 428 427 430
573 2 434 433 436
574 2 440 439 442
575 2 446 445 448
576 3 423 421 424
577 3 429 427 430
578 3 435 433 436
579 3 441 439 442
580 3 447 445 448
581 4 425 424 421
582 4 431 430 427
583 4 437 436 433
584 4 443 442 439
585 4 449 448 445
586 5 426 424 421
587 5 432 430 427
588 5 438 436 433
589 5 444 442 439
590 5 450 448 445
591 6 422 421 423
592 6 425 424 426
593 6 428 427 429
594 6 431 430 432
595 6 434 433 435
596 6 437 436 438
597 6 440 439 441
598 6 443 442 444
599 6 446 445 447
600 6 449 448 450
601 1 451 454 457
602 1 454 457 460
603 1 457 460 463
604 1 460 463 466
605 1 463 466 469
606 1 466 469 472
607 1 469 472 475
608 1 472 475 478
609 1 475 478 451
610 1 478 451 454
611 2 452 451 454
612 2 458 457 460
613 2 464 463 466
614 2 470 469 472
615 2 476 475 478
616 3 453 451 454
617 3 459 457 460
618 3 465 463 466
619 3 471 469 472
620 3 477 475 478
621 4 455 454 451
622 4 461 460 457
623 4 467 466 463
624 4 473 472 469
625 4 479 478 475
626 5 456 454 451
627 5 462 460 457
628 5 468 466 463
629 5 474 472 469
630 5 480 478 475
631 6 452 451 453
632 6 455 454 456
633 6 458 457 459
634 6 461 460 462
635 6 464 463 465
636 6 467 466 468
637 6 470 469 471
638 6 473 472 474
639 6 476 475 477
640 6 479 478 480
641 1 481 484 487
642 1 484 487 490
643 1 487 490 493
644 1 490 493 496
645 1 493 496 499
646 1 496 499 502
647 1 499 502 505
648 1 502 505 508
649 1 505 508 481
650 1 508 481 484
651 2 482 481 484
652 2 488 487 490
653 2 494 493 496
654 2 500 499 502
655 2 506 505 508
656 3 483 481 484
657 3 489 487 490
658 3 495 493 496
659 3 501 499 502
660 3 507 505 508
661 4 485 484 481
662 4 491 490 487
663 4 497 496 493
664 4 503 502 499
665 4 509 508 505
666 5 486 484 481
667 5 492 490 487
668 5 498 496 493
669 5 504 502 499
670 5 510 508 505
671 6 482 481 483
672 6 485 484 486
673 6 488 487 489
674 6 491 490 492
675 6 494 493 495
676 6 497 496 498
677 6 500 499 501
678 6 503 502 504
679 6 506 505 507
680 6 509 508 510
681 1 511 514 517
682 1 514 517 520
683 1 517 520 523
684 1 520 523 526
685 1 523 526 529
686 1 526 529 532
687 1 529 532 535
688 1 532 535 538
689 1 535 538 511
690 1 538 511 514
691 2 512 511 514
692 2 518 517 520
693 2 524 523 526
694 2 530 529 532
695 2 536 535 538
696 3 513 511 514
697 3 519 517 520
698 3 525 523 526
699 3 531 529 532
700 3 537 535 538
701 4 515 514 511
702 4 521 520 517
703 4 527 526 523
704 4 533 532 529
705 4 539 538 535
706 5 516 514 511
707 5 522 520 517
708 5 528 526 523
709 5 534 532 529
710 5 540 538 535
711 6 512 511 513
712 6 515 514 516
713 6 518 517 519
714 6 521 520 522
715 6 524 523 525
716 6 527 526 528
717 6 530 529 531
718 6 533 532 534
719 6 536 535 537
720 6 539 538 540
721 1 541 544 547
722 1 544 547 550
723 1 547 550 553
724 1 550 553 556
725 1 553 556 559
726 1 556 559 562
727 1 559 562 565
728 1 562 565 568
729 1 565 568 541
730 1 568 541 544
731 2 542 541 544
732 2 548 547 550
733 2 554 553 556
734 2 560 559 562
735 2 566 565 568
736 3 543 541 544
737 3 549 547 550
738 3 555 553 556
739 3 561 559 562
740 3 567 565 568
741 4 545 544 541
742 4 551 550 547
743 4 557 556 553
744 4 563 562 559
745 4 569 568 565
746 5 546 544 541
747 5 552 550 547
748 5 558 556 553
749 5 564 562 559
750 5 570 568 565
751 6 542 541 543
752 6 545 544 546
753 6 548 547 549
754 6 551 550 552
755 6 554 553 555
756 6 557 556 558
757 6 560 559 561
758 6 563 562 564
759 6 566 565 567
760 6 569 568 570
761 1 571 574 577
762 1 574 577 580
763 1 577 580 583
764 1 580 583 586
765 1 583 586 589
766 1 586 589 592
767 1 589 592 595
768 1 592 595 598
769 1 595 598 571
770 1 598 571 574
771 2 572 571 574
772 2 578 577 580
773 2 584 583 586
774 2 590 589 592
775 2 596 595 598
776 3 573 571 574
777 3 579 577 580
778 3 585 583 586
779 3 591 589 592
780 3 597 595 598
781 4 575 574 571
782 4 581 580 577
783 4 587 586 583
784 4 593 592 589
785 4 599 598 595
786 5 576 574 571
787 5 582 580 577
788 5 588 586 583
789 5 594 592 589
790 5 600 598 595
791 6 572 571 573
792 6 575 574 576
793 6 578 577 579
794 6 581 580 582
795 6 584 583 585
796 6 587 586 588
797 6 590 589 591
798 6 593 592 594
799 6 596 595 597
800 6 599 598 600
801 1 601 604 607
802 1 604 607 610
803 1 607 610 613
804 1 610 613 616
805 1 613 616 619
806 1 616 619 622
807 1 619 622 625
808 1 622 625 628
809 1 625 628 601
810 1 628 601 604
811 2 602 601 604
812 2 608 607 610
813 2 614 613 616
814 2 620 619 622
815 2 626 625 628
816 3 603 601 604
817 3 609 607 610
818 3 615 613 616
819 3 621 619 622
820 3 627 625 628
821 4 605 604 601
822 4 611 610 607
823 4 617 616 613
824 4 623 622 619
825 4 629 628 625
826 5 606 604 601
827 5 612 610 607
828 5 618 616 613
829 5 624 622 619
830 5 630 628 625
831 6 602 601 603
832 6 605 604 606
833 6 608 607 609
834 6 611 610 612
835 6 614 613 615
836 6 617 616 618
837 6 620 619 621
838 6 623 622 624
839 6 626 625 627
840 6 629 628 630
841 1 631 634 637
842 1 634 637 640
843 1 637 640 643
844 1 640 643 646
845 1 643 646 649
846 1 646 649 652
847 1 649 652 655
848 1 652 655 658
849 1 655 658 631
850 1 658 631 634
851 2 632 631 634
852 2 638 637 640
853 2 644 643 646
854 2 650 649 652
855 2 656 655 658
856 3 633 631 634
857 3 639 637 640
858 3 645 643 646
859 3 651 649 652
860 3 657 655 658
861 4 635 634 631
862 4 641 640 637
863 4 647 646 643
864 4 653 652 649
865 4 659 658 655
866 5 636 634 631
867 5 642 640 637
868 5 648 646 643
869 5 654 652 649
870 5 660 658 655
871 6 632 631 633
872 6 635 634 636
873 6 638 637 639
874 6 641 640 642
875 6 644 643 645
876 6 647 646 648
877 6 650 649 651
878 6 653 652 654
879 6 656 655 657
880 6 659 658 660
881 1 661 664 667
882 1 664 667 670
883 1 667 670 673
884 1 670 673 676
885 1 673 676 679
886 1 676 679 682
887 1 679 682 685
888 1 682 685 688
889 1 685 688 661
890 1 688 661 664
891 2 662 661 664
892 2 668 667 670
893 2 674 673 676
894 2 680 679 682
895 2 686 685 688
896 3 663 661 664
897 3 669 667 670
898 3 675 673 676
899 3 681 679 682
900 3 687 685 688
901 4 665 664 661
902 4 671 670 667
903 4 677 676 673
904 4 683 682 679
905 4 689 688 685
906 5 666 664 661
907 5 672 670 667
908 5 678 676 673
909 5 684 682 679
910 5 690 688 685
911 6 662 661 663
912 6 665 664 666
913 6 668 667 669
914 6 671 670 672
915 6 674 673 675
916 6 677 676 678
917 6 680 679 681
918 6 683 682 684
919 6 686 685 687
920 6 689 688 690
921 1 691 694 697
922 1 694 697 700
923 1 697 700 703
924 1 700 703 706
925 1 703 706 709
926 1 706 709 712
927 1 709 712 715
928 1 712 715 718
929 1 715 718 691
930 1 718 691 694
931 2 692 691 694
932 2 698 697 700
933 2 704 703 706
934 2 710 709 712
935 2 716 715 718
936 3 693 691 694
937 3 699 697 700
938 3 705 703 706
939 3 711 709 712
940 3 717 715 718
941 4 695 694 691
942 4 701 700 697
943 4 707 706 703
944 4 713 712 709
945 4 719 718 715
946 5 696 694 691
947 5 702 700 697
948 5 708 706 703
949 5 714 712 709
950 5 720 718 715
951 6 692 691 693
952 6 695 694 696
953 6 698 697 699
954 6 701 700 702
955 6 704 703 705
956 6 707 706 708
957 6 710 709 711
958 6 713 712 714
959 6 716 715 717
960 6 719 718 720
961 1 721 724 727
962 1 724 727 730
963 1 727 730 733
964 1 730 733 736
965 1 733 736 739
966 1 736 739 742
967 1 739 742 745
968 1 742 745 748
969 1 745 748 721
970 1 748 721 724
971 2 722 721 724
972 2 728 727 730
973 2 734 733 736
974 2 740 739 742
975 2 746 745 748
976 3 723 721 724
977 3 729 727 730
978 3 735 733 736
979 3 741 739 742
980 3 747 745 748
981 4 725 724 721
982 4 731 730 727
983 4 737 736 733
984 4 743 742 739
985 4 749 748 745
986 5 726 724 721
987 5 732 730 727
988 5 738 736 733
989 5 744 742 739
990 5 750 748 745
991 6 722 721 723
992 6 725 724 726
993 6 728 727 729
994 6 731 730 732
995 6 734 733 735
996 6 737 736 738
997 6 740 739 741
998 6 743 742 744
999 6 746 745 747
1000 6 749 748 750
1001 1 751 754 757
1002 1 754 757 760
1003 1 757 760 763
1004 1 760 763 766
1005 1 763 766 769
1006 1 766 769 772
1007 1 769 772 775
1008 1 772 775 778
1009 1 775 778 751
1010 1 778 751 754
1011 2 752 751 754
1012 2 758 757 760
1013 2 764 763 766
1014 2 770 769 772
1015 2 776 775 778
1016 3 753 751 754
1017 3 759 757 760
1018 3 765 763 766
1019 3 771 769 772
1020 3 777 775 778
1021 4 755 754 751
1022 4 761 760 757
1023 4 767 766 763
1024 4 773 772 769
1025 4 779 778 775
1026 5 756 754 751
1027 5 762 760 757
1028 5 768 766 763
1029 5 774 772 769
1030 5 780 778 775
1031 6 752 751 753
1032 6 755 754 756
1033 6 758 757 759
1034 6 761 760 762
1035 6 764 763 765
1036 6 767 766 768
1037 6 770 769 771
1038 6 773 772 774
1039 6 776 775 777
1040 6 779 778 780
1041 1 781 784 787
1042 1 784 787 790
1043 1 787 790 793
1044 1 790 793 796
1045 1 793 796 799
1046 1 796 799 802
1047 1 799 802 805
1048 1 802 805 808
1049 1 805 808 781
1050 1 808 781 784
1051 2 782 781 784
1052 2 788 787 790
1053 2 794 793 796
1054 2 800 799 802
1055 2 806 805 808
1056 3 783 781 784
1057 3 789 787 790
1058 3 795 793 796
1059 3 801 799 802
1060 3 807 805 808
1061 4 785 784 781
1062 4 791 790 787
1063 4 797 796 793
1064 4 803 802 799
1065 4 809 808 805
1066 5 786 784 781
1067 5 792 790 787
1068 5 798 796 793
1069 5 804 802 799
1070 5 810 808 805
1071 6 782 781 783
1072 6 785 784 786
1073 6 788 787 789
1074 6 791 790 792
1075 6 794 793 795
1076 6 797 796 798
1077 6 800 799 801
1078 6 803 802 804
1079 6 806 805 807
1080 6 809 808 810
1081 1 811 814 817
1082 1 814 817 820
1083 1 817 820 823
1084 1 820 823 826
1085 1 823 826 829
1086 1 826 829 832
1087 1 829 832 835
1088 1 832 835 838
1089 1 835 838 811
1090 1 838 811 814
1091 2 812 811 814
1092 2 818 817 820
1093 2 824 823 826
1094 2 830 829 832
1095 2 836 835 838
1096 3 813 811 814
1097 3 819 817 820
1098 3 825 823 826
1099 3 831 829 832
1100 3 837 835 838
1101 4 815 814 811
1102 4 821 820 817
1103 4 827 826 823
1104 4 833 832 829
1105 4 839 838 835
1106 5 816 814 811
1107 5 822 820 817
1108 5 828 826 823
1109 5 834 832 829
1110 5 840 838 835
1111 6 812 811 813
1112 6 815 814 816
1113 6 818 817 819
1114 6 821 820 822
1115 6 824 823 825
1116 6 827 826 828
1117 6 830 829 831
1118 6 833 832 834
1119 6 836 835 837
1120 6 839 838 840
1121 1 841 844 847
1122 1 844 847 850
1123 1 847 850 853
1124 1 850 853 856
1125 1 853 856 859
1126 1 856 859 862
1127 1 859 862 865
1128 1 862 865 868
1129 1 865 868 841
1130 1 868 841 844
1131 2 842 841 844
1132 2 848 847 850
1133 2 854 853 856
1134 2 860 859 862
1135 2 866 865 868
1136 3 843 841 844
1137 3 849 847 850
1138 3 855 853 856
1139 3 861 859 862
1140 3 867 865 868
1141 4 845 844 841
1142 4 851 850 847
1143 4 857 856 853
1144 4 863 862 859
1145 4 869 868 865
1146 5 846 844 841
1147 5 852 850 847
1148 5 858 856 853
1149 5 864 862 859
1150 5 870 868 865
1151 6 842 841 843
1152 6 845 844 846
1153 6 848 847 849
1154 6 851 850 852
1155 6 854 853 855
1156 6 857 856 858
1157 6 860 859 861
1158 6 863 862 864
1159 6 866 865 867
1160 6 869 868 870
1161 1 871 874 877
1162 1 874 877 880
1163 1 877 880 883
1164 1 880 883 886
1165 1 883 886 889
1166 1 886 889 892
1167 1 889 892 895
1168 1 892 895 898
1169 1 895 898 871
1170 1 898 871 874
1171 2 872 871 874
1172 2 878 877 880
1173 2 884 883 886
1174 2 890 889 892
1175 2 896 895 898
1176 3 873 871 874
1177 3 879 877 880
1178 3 885 883 886
1179 3 891 889 892
1180 3 897 895 898
1181 4 875 874 871
1182 4 881 880 877
1183 4 887 886 883
1184 4 893 892 889
1185 4 899 898 895
1186 5 876 874 871
1187 5 882 880 877
1188 5 888 886 883
1189 5 894 892 889
1190 5 900 898 895
1191 6 872 871 873
1192 6 875 874 876
1193 6 878 877 879
1194 6 881 880 882
1195 6 884 883 885
1196 6 887 886 888
1197 6 890 889 891
1198 6 893 892 894
1199 6 896 895 897
1200 6 899 898 900
1201 1 901 904 907
1202 1 904 907 910
1203 1 907 910 913
1204 1 910 913 916
1205 1 913 916 919
1206 1 916 919 922
1207 1 919 922 925
1208 1 922 925 928
1209 1 925 928 901
1210 1 928 901 904
1211 2 902 901 904
1212 2 908 907 910
1213 2 914 913 916
1214 2 920 919 922
1215 2 926 925 928
1216 3 903 901 904
1217 3 909 907 910
1218 3 915 913 916
1219 3 921 919 922
1220 3 927 925 928
1221 4 905 904 901
1222 4 911 910 907
1223 4 917 916 913
1224 4 923 922 919
1225 4 929 928 925
1226 5 906 904 901
1227 5 912 910 907
1228 5 918 916 913
1229 5 924 922 919
1230 5 930 928 925
1231 6 902 901 903
1232 6 905 904 906
1233 6 908 907 909
1234 6 911 910 912
1235 6 914 913 915
1236 6 917 916 918
1237 6 920 919 921
1238 6 923 922 924
1239 6 926 925 927
1240 6 929 928 930
1241 1 931 934 937
1242 1 934 937 940
1243 1 937 940 943
1244 1 940 943 946
1245 1 943 946 949
1246 1 946 949 952
1247 1 949 952 955
1248 1 952 955 958
1249 1 955 958 931
1250 1 958 931 934
1251 2 932 931 934
1252 2 938 937 940
1253 2 944 943 946
1254 2 950 949 952
1255 2 956 955 958
1256 3 933 931 934
1257 3 939 937 940
1258 3 945 943 946
1259 3 951 949 952
1260 3 957 955 958
1261 4 935 934 931
1262 4 941 940 937
1263 4 947 946 943
1264 4 953 952 949
1265 4 959 958 955
1266 5 936 934 931
1267 5 942 940 937
1268 5 948 946 943
1269 5 954 952 949
1270 5 960 958 955
1271 6 932 931 933
1272 6 935 934 936
1273 6 938 937 939
1274 6 941 940 942
1275 6 944 943 945
1276 6 947 946 948
1277 6 950 949 951
1278 6 953 952 954
1279 6 956 955 957
1280 6 959 958 960
1281 1 961 964 967
1282 1 964 967 970
1283 1 967 970 973
1284 1 970 973 976
1285 1 973 976 979
1286 1 976 979 982
1287 1 979 982 985
1288 1 982 985 988
1289 1 985 988 961
1290 1 988 961 964
1291 2 962 961 964
1292 2 968 967 970
1293 2 974 973 976
1294 2 980 979 982
1295 2 986 985 988
1296 3 963 961 964
1297 3 969 967 970
1298 3 975 973 976
1299 3 981 979 982
1300 3 987 985 988
1301 4 965 964 961
1302 4 971 970 967
1303 4 977 976 973
1304 4 983 982 979
1305 4 989 988 985
1306 5 966 964 961
1307 5 972 970 967
1308 5 978 976 973
1309 5 984 982 979
1310 5 990 988 985
1311 6 962 961 963
1312 6 965 964 966
1313 6 968 967 969
1314 6 971 970 972
1315 6 974 973 975
1316 6 977 976 978
1317 6 980 979 981
1318 6 983 982 984
1319 6 986 985 987
1320 6 989 988 990
1321 1 991 994 997
1322 1 994 997 1000
1323 1 997 1000 1003
1324 1 1000 1003 1006
1325 1 1003 1006 1009
1326 1 1006 1009 1012
1327 1 1009 1012 1015
1328 1 1012 1015 1018
1329 1 1015 1018 991
1330 1 1018 991 994
1331 2 992 991 994
1332 2 998 997 1000
1333 2 1004 1003 1006
1334 2 1010 1009 1012
1335 2 1016 1015 1018
1336 3 993 991 994
1337 3 999 997 1000
1338 3 1005 1003 1006
1339 3 1011 1009 1012
1340 3 1017 1015 1018
1341 4 995 994 991
1342 4 1001 1000 997
1343 4 1007 1006 1003
1344 4 1013 1012 1009
1345 4 1019 1018 1015
1346 5 996 994 991
1347 5 1002 1000 997
1348 5 1008 1006 1003
1349 5 1014 1012 1009
1350 5 1020 1018 1015
1351 6 992 991 993
1352 6 995 994 996
1353 6 998 997 999
1354 6 1001 1000 1002
1355 6 1004 1003 1005
1356 6 1007 1006 1008
1357 6 1010 1009 1011
1358 6 1013 1012 1014
1359 6 1016 1015 1017
1360 6 1019 1018 1020
1361 1 1021 1024 1027
1362 1 1024 1027 1030
1363 1 1027 1030 1033
1364 1 1030 1033 1036
1365 1 1033 1036 1039
1366 1 1036 1039 1042
1367 1 1039 1042 1045
1368 1 1042 1045 1048
1369 1 1045 1048 1021
1370 1 1048 1021 1024
1371 2 1022 1021 1024
1372 2 1028 1027 1030
1373 2 1034 1033 1036
1374 2 1040 1039 1042
1375 2 1046 1045 1048
1376 3 1023 1021 1024
1377 3 1029 1027 1030
1378 3 1035 1033 1036
1379 3 1041 1039 1042
1380 3 1047 1045 1048
1381 4 1025 1024 1021
1382 4 1031 1030 1027
1383 4 1037 1036 1033
1384 4 1043 1042 1039
1385 4 1049 1048 1045
1386 5 1026 1024 1021
1387 5 1032 1030 1027
1388 5 1038 1036 1033
1389 5 1044 1042 1039
1390 5 1050 1048 1045
1391 6 1022 1021 1023
1392 6 1025 1024 1026
1393 6 1028 1027 1029
1394 6 1031 1030 1032
1395 6 1034 1033 1035
1396 6 1037 1036 1038
1397 6 1040 1039 1041
1398 6 1043 1042 1044
1399 6 1046 1045 1047
1400 6 1049 1048 1050
1401 1 1051 1054 1057
1402 1 1054 1057 1060
1403 1 1057 1060 1063
1404 1 1060 1063 1066
1405 1 1063 1066 1069
1406 1 1066 1069 1072
1407 1 1069 1072 1075
1408 1 1072 1075 1078
1409 1 1075 1078 1051
1410 1 1078 1051 1054
1411 2 1052 1051 1054
1412 2 1058 1057 1060
1413 2 1064 1063 1066
1414 2 1070 1069 1072
1415 2 1076 1075 1078
1416 3 1053 1051 1054
1417 3 1059 1057 1060
1418 3 1065 1063 1066
1419 3 1071 1069 1072
1420 3 1077 1075 1078
1421 4 1055 1054 1051
1422 4 1061 1060 1057
1423 4 1067 1066 1063
1424 4 1073 1072 1069
1425 4 1079 1078 1075
1426 5 1056 1054 1051
1427 5 1062 1060 1057
1428 5 1068 1066 1063
1429 5 1074 1072 1069
1430 5 1080 1078 1075
1431 6 1052 1051 1053
1432 6 1055 1054 1056
1433 6 1058 1057 1059
1434 6 1061 1060 1062
1435 6 1064 1063 1065
1436 6 1067 1066 1068
1437 6 1070 1069 1071
1438 6 1073 1072 1074
1439 6 1076 1075 1077
1440 6 1079 1078 1080

 Impropers

1 1 1 4 7 10
2 1 4 7 10 13
3 1 7 10 13 16
4 1 10 13 16 19
5 1 13 16 19 22
6 1 16 19 22 25
7 1 19 22 25 28
8 1 22 25 28 1
9 1 25 28 1 4
10 1 28 1 4 7
11 2 2 1 4 6
12 2 5 4 7 9
13 2 8 7 10 12
14 2 11 10 13 15
15 2 14 13 16 18
16 2 17 16 19 21
17 2 20 19 22 24
18 2 23 22 25 27
19 2 26 25 28 30
20 2 29 28 1 3
21 3 3 1 4 5
22 3 6 4 7 8
23 3 9 7 10 11
24 3 12 10 13 14
25 3 15 13 16 17
26 3 18 16 19 20
27 3 21 19 22 23
28 3 24 22 25 26
29 3 27 25 28 29
30 3 30 28 1 2
31 1 31 34 37 40
32 1 34 37 40 43
33 1 37 40 43 46
34 1 40 43 46 49
35 1 43 46 49 52
36 1 46 49 52 55
37 1 49 52 55 58
38 1 52 55 58 31
39 1 55 58 31 34
40 1 58 31 34 37
41 2 32 31 34 36
42 2 35 34 37 39
43 2 38 37 40 42
44 2 41 40 43 45
45 2 44 43 46 48
46 2 47 46 49 51
47 2 50 49 52 54
48 2 53 52 55 57
49 2 56 55 58 60
50 2 59 58 31 33
51 3 33 31 34 35
52 3 36 34 37 38
53 3 39 37 40 41
54 3 42 40 43 44
55 3 45 43 46 47
56 3 48 46 49 50
57 3 51 49 52 53
58 3 54 52 55 56
59 3 57 55 58 59
60 3 60 58 31 32
61 1 61 64 67 70
62 1 64 67 70 73
63 1 67 70 73 76
64 1 70 73 76 79
65 1 73 76 79 82
66 1 76 79 82 85
67 1 79 82 85 88
68 1 82 85 88 61
69 1 85 88 61 64
70 1 88 61 64 67
71 2 62 61 64 66
72 2 65 64 67 69
73 2 68 67 70 72
74 2 71 70 73 75
75 2 74 73 76 78
76 2 77 76 79 81
77 2 80 79 82 84
78 2 83 82 85 87
79 2 86 85 88 90
80 2 89 88 61 63
81 3 63 61 64 65
82 3 66 64 67 68
83 3 69 67 70 71
84 3 72 70 73 74
85 3 75 73 76 77
86 3 78 76 79 80
87 3 81 79 82 83
88 3 84 82 85 86
89 3 87 85 88 89
90 3 90 88 61 62
91 1 91 94 97 100
92 1 94 97 100 103
93 1 97 100 103 106
94 1 100 103 106 109
95 1 103 106 109 112
96 1 106 109 112 115
97 1 109 112 115 118
98 1 112 115 118 91
99 1 115 118 91 94
100 1 118 91 94 97
101 2 92 91 94 96
102 2 95 94 97 99
103 2 98 97 100 102
104 2 101 100 103 105
105 2 104 103 106 108
106 2 107 106 109 111
107 2 110 109 112 114
108 2 113 112 115 117
109 2 116 115 118 120
110 2 119 118 91 93
111 3 93 91 94 95
112 3 96 94 97 98
113 3 99 97 100 101
114 3 102 100 103 104
115 3 105 103 106 107
116 3 108 106 109 110
117 3 111 109 112 113
118 3 114 112 115 116
119 3 117 115 118 119
120 3 120 118 91 92
121 1 121 124 127 130
122 1 124 127 130 133
123 1 127 130 133 136
124 1 130 133 136 139
125 1 133 136 139 142
126 1 136 139 142 145
127 1 139 142 145 148
128 1 142 145 148 121
129 1 145 148 121 124
130 1 148 121 124 127
131 2 122 121 124 126
132 2 125 124 127 129
133 2 128 127 130 132
134 2 131 130 133 135
135 2 134 133 136 138
136 2 137 136 139 141
137 2 140 139 142 144
138 2 143 142 145 147
139 2 146 145 148 150
140 2 149 148 121 123
141 3 123 121 124 125
142 3 126 124 127 128
143 3 129 127 130 131
144 3 132 130 133 134
145 3 135 133 136 137
146 3 138 136 139 140
147 3 141 139 142 143
148 3 144 142 145 146
149 3 147 145 148 149
150 3 150 148 121 122
151 1 151 154 157 160
152 1 154 157 160 163
153 1 157 160 163 166
154 1 160 163 166 169
155 1 163 166 169 172
156 1 166 169 172 175
157 1 169 172 175 178
158 1 172 175 178 151
159 1 175 178 151 154
160 1 178 151 154 157
161 2 152 151 154 156
162 2 155 154 157 159
163 2 158 157 160 162
164 2 161 160 163 165
165 2 164 163 166 168
166 2 167 166 169 171
167 2 170 169 172 174
168 2 173 172 175 177
169 2 176 175 178 180
170 2 179 178 151 153
171 3 153 151 154 155
172 3 156 154 157 158
173 3 159 157 160 161
174 3 162 160 163 164
175 3 165 163 166 167
176 3 168 166 169 170
177 3 171 169 172 173
178 3 174 172 175 176
179 3 177 175 178 179
180 3 180 178 151 152
181 1 181 184 187 190
182 1 184 187 190 193
183 1 187 190 193 196
184 1 190 193 196 199
185 1 193 196 199 202
186 1 196 199 202 205
187 1 199 202 205 208
188 1 202 205 208 181
189 1 205 208 181 184
190 1 208 181 184 187
191 2 182 181 184 186
192 2 185 184 187 189
193 2 188 187 190 192
194 2 191 190 193 195
195 2 194 193 196 198
196 2 197 196 199 201
197 2 200 199 202 204
198 2 203 202 205 207
199 2 206 205 208 210
200 2 209 208 181 183
201 3 183 181 184 185
202 3 186 184 187 188
203 3 189 187 190 191
204 3 192 190 193 194
205 3 195 193 196 197
206 3 198 196 199 200
207 3 201 199 202 203
208 3 204 202 205 206
209 3 207 205 208 209
210 3 210 208 181 182
211 1 211 214 217 220
212 1 214 217 220 223
213 1 217 220 223 226
214 1 220 223 226 229
215 1 223 226 229 232
216 1 226 229 232 235
217 1 229 232 235 238
218 1 232 235 238 211
219 1 235 238 211 214
220 1 238 211 214 217
221 2 212 211 214 216
222 2 215 214 217 219
223 2 218 217 220 222
224 2 221 220 223 225
225 2 224 223 226 228
226 2 227 226 229 231
227 2 230 229 232 234
228 2 233 232 235 237
229 2 236 235 238 240
230 2 239 238 211 213
231 3 213 211 214 215
232 3 216 214 217 218
233 3 219 217 220 221
234 3 222 220 223 224
235 3 225 223 226 227
236 3 228 226 229 230
237 3 231 229 232 233
238 3 234 232 235 236
239 3 237 235 238 239
240 3 240 238 211 212
241 1 241 244 247 250
242 1 244 247 250 253
243 1 247 250 253 256
244 1 250 253 256 259
245 1 253 256 259 262
246 1 256 259 262 265
247 1 259 262 265 268
248 1 262 265 268 241
249 1 265 268 241 244
250 1 268 241 244 247
251 2 242 241 244 246
252 2 245 244 247 249
253 2 248 247 250 252
254 2 251 250 253 255
255 2 254 253 256 258
256 2 257 256 259 261
257 2 260 259 262 264
258 2 263 262 265 267
259 2 266 265 268 270
260 2 269 268 241 243
261 3 243 241 244 245
262 3 246 244 247 248
263 3 249 247 250 251
264 3 252 250 253 254
265 3 255 253 256 257
266 3 258 256 259 260
267 3 261 259 262 263
268 3 264 262 265 266
269 3 267 265 268 269
270 3 270 268 241 242
271 1 271 274 277 280
272 1 274 277 280 283
273 1 277 280 283 286
274 1 280 283 286 289
275 1 283 286 289 292
276 1 286 289 292 295
277 1 289 292 295 298
278 1 292 295 298 271
279 1 295 298 271 274
280 1 298 271 274 277
281 2 272 271 274 276
282 2 275 274 277 279
283 2 278 277 280 282
284 2 281 280 283 285
285 2 284 283 286 288
286 2 287 286 289 291
287 2 290 289 292 294
288 2 293 292 295 297
289 2 296 295 298 300
290 2 299 298 271 273
291 3 273 271 274 275
292 3 276 274 277 278
293 3 279 277 280 281
294 3 282 280 283 284
295 3 285 283 286 287
296 3 288 286 289 290
297 3 291 289 292 293
298 3 294 292 295 296
299 3 297 295 298 299
300 3 300 298 271 272
301 1 301 304 307 310
302 1 304 307 310 313
303 1 307 310 313 316
304 1 310 313 316 319
305 1 313 316 319 322
306 1 316 319 322 325
307 1 319 322 325 328
308 1 322 325 328 301
309 1 325 328 301 304
310 1 328 301 304 307
311 2 302 301 304 306
312 2 305 304 307 309
313 2 308 307 310 312
314 2 311 310 313 315
315 2 314 313 316 318
316 2 317 316 319 321
317 2 320 319 322 324
318 2 323 322 325 327
319 2 326 325 328 330
320 2 329 328 301 303
321 3 303 301 304 305
322 3 306 304 307 308
323 3 309 307 310 311
324 3 312 310 313 314
325 3 315 313 316 317
326 3 318 316 319 320
327 3 321 319 322 323
328 3 324 322 325 326
329 3 327 325 328 329
330 3 330 328 301 302
331 1 331 334 337 340
332 1 334 337 340 343
333 1 337 340 343 346
334 1 340 343 346 349
335 1 343 346 349 352
336 1 346 349 352 355
337 1 349 352 355 358
338 1 352 355 358 331
339 1 355 358 331 334
340 1 358 331 334 337
341 2 332 331 334 336
342 2 335 334 337 339
343 2 338 337 340 342
344 2 341 340 343 345
345 2 344 343 346 348
346 2 347 346 349 351
347 2 350 349 352 354
348 2 353 352 355 357
349 2 356 355 358 360
350 2 359 358 331 333
351 3 333 331 334 335
352 3 336 334 337 338
353 3 339 337 340 341
354 3 342 340 343 344
355 3 345 343 346 347
356 3 348 346 349 350
357 3 351 349 352 353
358 3 354 352 355 356
359 3 357 355 358 359
360 3 360 358 331 332
361 1 361 364 367 370
362 1 364 367 370 373
363 1 367 370 373 376
364 1 370 373 376 379
365 1 373 376 379 382
366 1 376 379 382 385
367 1 379 382 385 388
368 1 382 385 388 361
369 1 385 388 361 364
370 1 388 361 364 367
371 2 362 361 364 366
372 2 365 364 367 369
373 2 368 367 370 372
374 2 371 370 373 375
375 2 374 373 376 378
376 2 377 376 379 381
377 2 380 379 382 384
378 2 383 382 385 387
379 2 386 385 388 390
380 2 389 388 361 363
381 3 363 361 364 365
382 3 366 364 367 368
383 3 369 367 370 371
384 3 372 370 373 374
385 3 375 373 376 377
386 3 378 376 379 380
387 3 381 379 382 383
388 3 384 382 385 386
389 3 387 385 388 389
390 3 390 388 361 362
391 1 391 394 397 400
392 1 394 397 400 403
393 1 397 400 403 406
394 1 400 403 406 409
395 1 403 406 409 412
396 1 406 409 412 415
397 1 409 412 415 418
398 1 412 415 418 391
399 1 415 418 391 394
400 1 418 391 394 397
401 2 392 391 394 396
402 2 395 394 397 399
403 2 398 397 400 402
404 2 401 400 403 405
405 2 404 403 406 408
406 2 407 406 409 411
407 2 410 409 412 414
408 2 413 412 415 417
409 2 416 415 418 420
410 2 419 418 391 393
411 3 393 391 394 395
412 3 396 394 397 398
413 3 399 397 400 401
414 3 402 400 403 404
415 3 405 403 406 407
416 3 408 406 409 410
417 3 411 409 412 413
418 3 414 412 415 416
419 3 417 415 418 419
420 3 420 418 391 392
421 1 421 424 427 430
422 1 424 427 430 433
423 1 427 430 433 436
424 1 430 433 436 439
425 1 433 436 439 442
426 1 436 439 442 445
427 1 439 442 445 448
428 1 442 445 448 421
429 1 445 448 421 424
430 1 448 421 424 427
431 2 422 421 424 426
432 2 425 424 427 429
433 2 428 427 430 432
434 2 431 430 433 435
435 2 434 433 436 438
436 2 437 436 439 441
437 2 440 439 442 444
438 2 443 442 445 447
439 2 446 445 448 450
440 2 449 448 421 423
441 3 423 421 424 425
442 3 426 424 427 428
443 3 429 427 430 431
444 3 432 430 433 434
445 3 435 433 436 437
446 3 438 436 439 440
447 3 441 439 442 443
448 3 444 442 445 446
449 3 447 445 448 449
450 3 450 448 421 422
451 1 451 454 457 460
452 1 454 457 460 463
453 1 457 460 463 466
454 1 460 463 466 469
455 1 463 466 469 472
456 1 466 469 472 475
457 1 469 472 475 478
458 1 472 475 478 451
459 1 475 478 451 454
460 1 478 451 454 457
461 2 452 451 454 456
462 2 455 454 457 459
463 2 458 457 460 462
464 2 461 460 463 465
465 2 464 463 466 468
466 2 467 466 469 471
467 2 470 469 472 474
468 2 473 472 475 477
469 2 476 475 478 480
470 2 479 478 451 453
471 3 453 451 454 455
472 3 456 454 457 458
473 3 459 457 460 461
474 3 462 460 463 464
475 3 465 463 466 467
476 3 468 466 469 470
477 3 471 469 472 473
478 3 474 472 475 476
479 3 477 475 478 479
480 3 480 478 451 452
481 1 481 484 487 490
482 1 484 487 490 493
483 1 487 490 493 496
484 1 490 493 496 499
485 1 493 496 499 502
486 1 496 499 502 505
487 1 499 502 505 508
488 1 502 505 508 481
489 1 505 508 481 484
490 1 508 481 484 487
491 2 482 481 484 486
492 2 485 484 487 489
493 2 488 487 490 492
494 2 491 490 493 495
495 2 494 493 496 498
496 2 497 496 499 501
497 2 500 499 502 504
498 2 503 502 505 507
499 2 506 505 508 510
500 2 509 508 481 483
501 3 483 481 484 485
502 3 486 484 487 488
503 3 489 487 490 491
504 3 492 490 493 494
505 3 495 493 496 497
506 3 498 496 499 500
507 3 501 499 502 503
508 3 504 502 505 506
509 3 507 505 508 509
510 3 510 508 481 482
511 1 511 514 517 520
512 1 514 517 520 523
513 1 517 520 523 526
514 1 520 523 526 529
515 1 523 526 529 532
516 1 526 529 532 535
517 1 529 532 535 538
518 1 532 535 538 511
519 1 535 538 511 514
520 1 538 511 514 517
521 2 512 511 514 516
522 2 515 514 517 519
523 2 518 517 520 522
524 2 521 520 523 525
525 2 524 523 526 528
526 2 527 526 529 531
527 2 530 529 532 534
528 2 533 532 535 537
529 2 536 535 538 540
530 2 539 538 511 513
531 3 513 511 514 515
532 3 516 514 517 518
533 3 519 517 520 521
534 3 522 520 523 524
535 3 525 523 526 527
536 3 528 526 529 530
537 3 531 529 532 533
538 3 534 532 535 536
539 3 537 535 538 539
540 3 540 538 511 512
541 1 541 544 547 550
542 1 544 547 550 553
543 1 547 550 553 556
544 1 550 553 556 559
545 1 553 556 559 562
546 1 556 559 562 565
547 1 559 562 565 568
548 1 562 565 568 541
549 1 565 568 541 544
550 1 568 541 544 547
551 2 542 541 544 546
552 2 545 544 547 549
553 2 548 547 550 552
554 2 551 550 553 555
555 2 554 553 556 558
556 2 557 556 559 561
557 2 560 559 562 564
558 2 563 562 565 567
559 2 566 565 568 570
560 2 569 568 541 543
561 3 543 541 544 545
562 3 546 544 547 548
563 3 549 547 550 551
564 3 552 550 553 554
565 3 555 553 556 557
566 3 558 556 559 560
567 3 561 559 562 563
568 3 564 562 565 566
569 3 567 565 568 569
570 3 570 568 541 542
571 1 571 574 577 580
572 1 574 577 580 583
573 1 577 580 583 586
574 1 580 583 586 589
575 1 583 586 589 592
576 1 586 589 592 595
577 1 589 592 595 598
578 1 592 595 598 571
579 1 595 598 571 574
580 1 598 571 574 577
581 2 572 571 574 576
582 2 575 574 577 579
583 2 578 577 580 582
584 2 581 580 583 585
585 2 584 583 586 588
586 2 587 586 589 591
587 2 590 589 592 594
588 2 593 592 595 597
589 2 596 595 598 600
590 2 599 598 571 573
591 3 573 571 574 575
592 3 576 574 577 578
593 3 579 577 580 581
594 3 582 580 583 584
595 3 585 583 586 587
596 3 588 586 589 590
597 3 591 589 592 593
598 3 594 592 595 596
599 3 597 595 598 599
600 3 600 598 571 572
601 1 601 604 607 610
602 1 604 607 610 613
603 1 607 610 613 616
604 1 610 613 616 619
605 1 613 616 619 622
606 1 616 619 622 625
607 1 619 622 625 628
608 1 622 625 628 601
609 1 625 628 601 604
610 1 628 601 604 607
611 2 602 601 604 606
612 2 605 604 607 609
613 2 608 607 610 612
614 2 611 610 613 615
615 2 614 613 616 618
616 2 617 616 619 621
617 2 620 619 622 624
618 2 623 622 625 627
619 2 626 625 628 630
620 2 629 628 601 603
621 3 603 601 604 605
622 3 606 604 607 608
623 3 609 607 610 611
624 3 612 610 613 614
625 3 615 613 616 617
626 3 618 616 619 620
627 3 621 619 622 623
628 3 624 622 625 626
629 3 627 625 628 629
630 3 630 628 601 602
631 1 631 634 637 640
632 1 634 637 640 643
633 1 637 640 643 646
634 1 640 643 646 649
635 1 643 646 649 652
636 1 646 649 652 655
637 1 649 652 655 658
638 1 652 655 658 631
639 1 655 658 631 634
640 1 658 631 634 637
641 2 632 631 634 636
642 2 635 634 637 639
643 2 638 637 640 642
644 2 641 640 643 645
645 2 644 643 646 648
646 2 647 646 649 651
647 2 650 649 652 654
648 2 653 652 655 657
649 2 656 655 658 660
650 2 659 658 631 633
651 3 633 631 634 635
652 3 636 634 637 638
653 3 639 637 640 641
654 3 642 640 643 644
655 3 645 643 646 647
656 3 648 646 649 650
657 3 651 649 652 653
658 3 654 652 655 656
659 3 657 655 658 659
660 3 660 658 631 632
661 1 661 664 667 670
662 1 664 667 670 673
663 1 667 670 673 676
664 1 670 673 676 679
665 1 673 676 679 682
666 1 676 679 682 685
667 1 679 682 685 688
668 1 682 685 688 661
669 1 685 688 661 664
670 1 688 661 664 667
671 2 662 661 664 666
672 2 665 664 667 669
673 2 668 667 670 672
674 2 671 670 673 675
675 2 674 673 676 678
676 2 677 676 679 681
677 2 680 679 682 684
678 2 683 682 685 687
679 2 686 685 688 690
680 2 689 688 661 663
681 3 663 661 664 665
682 3 666 664 667 668
683 3 669 667 670 671
684 3 672 670 673 674
685 3 675 673 676 677
686 3 678 676 679 680
687 3 681 679 682 683
688 3 684 682 685 686
689 3 687 685 688 689
690 3 690 688 661 662
691 1 691 694 697 700
692 1 694 697 700 703
693 1 697 700 703 706
694 1 700 703 706 709
695 1 703 706 709 712
696 1 706 709 712 715
697 1 709 712 715 718
698 1 712 715 718 691
699 1 715 718 691 694
700 1 718 691 694 697
701 2 692 691 694 696
702 2 695 694 697 699
703 2 698 697 700 702
704 2 701 700 703 705
705 2 704 703 706 708
706 2 707 706 709 711
707 2 710 709 712 714
708 2 713 712 715 717
709 2 716 715 718 720
710 2 719 718 691 693
711 3 693 691 694 695
712 3 696 694 697 698
713 3 699 697 700 701
714 3 702 700 703 704
715 3 705 703 706 707
716 3 708 706 709 710
717 3 711 709 712 713
718 3 714 712 715 716
719 3 717 715 718 719
720 3 720 718 691 692
721 1 721 724 727 730
722 1 724 727 730 733
723 1 727 730 733 736
724 1 730 733 736 739
725 1 733 736 739 742
726 1 736 739 742 745
727 1 739 742 745 748
728 1 742 745 748 721
729 1 745 748 721 724
730 1 748 721 724 727
731 2 722 721 724 726
732 2 725 724 727 729
733 2 728 727 730 732
734 2 731 730 733 735
735 2 734 733 736 738
736 2 737 736 739 741
737 2 740 739 742 744
738 2 743 742 745 747
739 2 746 745 748 750
740 2 749 748 721 723
741 3 723 721 724 725
742 3 726 724 727 728
743 3 729 727 730 731
744 3 732 730 733 734
745 3 735 733 736 737
746 3 738 736 739 740
747 3 741 739 742 743
748 3 744 742 745 746
749 3 747 745 748 749
750 3 750 748 721 722
751 1 751 754 757 760
752 1 754 757 760 763
753 1 757 760 763 766
754 1 760 763 766 769
755 1 763 766 769 772
756 1 766 769 772 775
757 1 769 772 775 778
758 1 772 775 778 751
759 1 775 778 751 754
760 1 778 751 754 757
761 2 752 751 754 756
762 2 755 754 757 759
763 2 758 757 760 762
764 2 761 760 763 765
765 2 764 763 766 768
766 2 767 766 769 771
767 2 770 769 772 774
768 2 773 772 775 777
769 2 776 775 778 780
770 2 779 778 751 753
771 3 753 751 754 755
772 3 756 754 757 758
773 3 759 757 760 761
774 3 762 760 763 764
775 3 765 763 766 767
776 3 768 766 769 770
777 3 771 769 772 773
778 3 774 772 775 776
779 3 777 775 778 779
780 3 780 778 751 752
781 1 781 784 787 790
782 1 784 787 790 793
783 1 787 790 793 796
784 1 790 793 796 799
785 1 793 796 799 802
786 1 796 799 802 805
787 1 799 802 805 808
788 1 802 805 808 781
789 1 805 808 781 784
790 1 808 781 784 787
791 2 782 781 784 786
792 2 785 784 787 789
793 2 788 787 790 792
794 2 791 790 793 795
795 2 794 793 796 798
796 2 797 796 799 801
797 2 800 799 802 804
798 2 803 802 805 807
799 2 806 805 808 810
800 2 809 808 781 783
801 3 783 781 784 785
802 3 786 784 787 788
803 3 789 787 790 791
804 3 792 790 793 794
805 3 795 793 796 797
806 3 798 796 799 800
807 3 801 799 802 803
808 3 804 802 805 806
809 3 807 805 808 809
810 3 810 808 781 782
811 1 811 814 817 820
812 1 814 817 820 823
813 1 817 820 823 826
814 1 820 823 826 829
815 1 823 826 829 832
816 1 826 829 832 835
817 1 829 832 835 838
818 1 832 835 838 811
819 1 835 838 811 814
820 1 838 811 814 817
821 2 812 811 814 816
822 2 815 814 817 819
823 2 818 817 820 822
824 2 821 820 823 825
825 2 824 823 826 828
826 2 827 826 829 831
827 2 830 829 832 834
828 2 833 832 835 837
829 2 836 835 838 840
830 2 839 838 811 813
831 3 813 811 814 815
832 3 816 814 817 818
833 3 819 817 820 821
834 3 822 820 823 824
835 3 825 823 826 827
836 3 828 826 829 830
837 3 831 829 832 833
838 3 834 832 835 836
839 3 837 835 838 839
840 3 840 838 811 812
841 1 841 844 847 850
842 1 844 847 850 853
843 1 847 850 853 856
844 1 850 853 856 859
845 1 853 856 859 862
846 1 856 859 862 865
847 1 859 862 865 868
848 1 862 865 868 841
849 1 865 868 841 844
850 1 868 841 844 847
851 2 842 841 844 846
852 2 845 844 847 849
853 2 848 847 850 852
854 2 851 850 853 855
855 2 854 853 856 858
856 2 857 856 859 861
857 2 860 859 862 864
858 2 863 862 865 867
859 2 866 865 868 870
860 2 869 868 841 843
861 3 843 841 844 845
862 3 846 844 847 848
863 3 849 847 850 851
864 3 852 850 853 854
865 3 855 853 856 857
866 3 858 856 859 860
867 3 861 859 862 863
868 3 864 862 865 866
869 3 867 865 868 869
870 3 870 868 841 842
871 1 871 874 877 880
872 1 874 877 880 883
873 1 877 880 883 886
874 1 880 883 886 889
875 1 883 886 889 892
876 1 886 889 892 895
877 1 889 892 895 898
878 1 892 895 898 871
879 1 895 898 871 874
880 1 898 871 874 877
881 2 872 871 874 876
882 2 875 874 877 879
883 2 878 877 880 882
884 2 881 880 883 885
885 2 884 883 886 888
886 2 887 886 889 891
887 2 890 889 892 894
888 2 893 892 895 897
889 2 896 895 898 900
890 2 899 898 871 873
891 3 873 871 874 875
892 3 876 874 877 878
893 3 879 877 880 881
894 3 882 880 883 884
895 3 885 883 886 887
896 3 888 886 889 890
897 3 891 889 892 893
898 3 894 892 895 896
899 3 897 895 898 899
900 3 900 898 871 872
901 1 901 904 907 910
902 1 904 907 910 913
903 1 907 910 913 916
904 1 910 913 916 919
905 1 913 916 919 922
906 1 916 919 922 925
907 1 919 922 925 928
908 1 922 925 928 901
909 1 925 928 901 904
910 1 928 901 904 907
911 2 902 901 904 906
912 2 905 904 907 909
913 2 908 907 910 912
914 2 911 910 913 915
915 2 914 913 916 918
916 2 917 916 919 921
917 2 920 919 922 924
918 2 923 922 925 927
919 2 926 925 928 930
920 2 929 928 901 903
921 3 903 901 904 905
922 3 906 904 907 908
923 3 909 907 910 911
924 3 912 910 913 914
925 3 915 913 916 917
926 3 918 916 919 920
927 3 921 919 922 923
928 3 924 922 925 926
929 3 927 925 928 929
930 3 930 928 901 902
931 1 931 934 937 940
932 1 934 937 940 943
933 1 937 940 943 946
934 1 940 943 946 949
935 1 943 946 949 952
936 1 946 949 952 955
937 1 949 952 955 958
938 1 952 955 958 931
939 1 955 958 931 934
940 1 958 931 934 937
941 2 932 931 934 936
942 2 935 934 937 939
943 2 938 937 940 942
944 2 941 940 943 945
945 2 944 943 946 948
946 2 947 946 949 951
947 2 950 949 952 954
948 2 953 952 955 957
949 2 956 955 958 960
950 2 959 958 931 933
951 3 933 931 934 935
952 3 936 934 937 938
953 3 939 937 940 941
954 3 942 940 943 944
955 3 945 943 946 947
956 3 948 946 949 950
957 3 951 949 952 953
958 3 954 952 955 956
959 3 957 955 958 959
960 3 960 958 931 932
961 1 961 964 967 970
962 1 964 967 970 973
963 1 967 970 973 976
964 1 970 973 976 979
965 1 973 976 979 982
966 1 976 979 982 985
967 1 979 982 985 988
968 1 982 985 988 961
969 1 985 988 961 964
970 1 988 961 964 967
971 2 962 961 964 966
972 2 965 964 967 969
973 2 968 967 970 972
974 2 971 970 973 975
975 2 974 973 976 978
976 2 977 976 979 981
977 2 980 979 982 984
978 2 983 982 985 987
979 2 986 985 988 990
980 2 989 988 961 963
981 3 963 961 964 965
982 3 966 964 967 968
983 3 969 967 970 971
984 3 972 970 973 974
985 3 975 973 976 977
986 3 978 976 979 980
987 3 981 979 982 983
988 3 984 982 985 986
989 3 987 985 988 989
990 3 990 988 961 962
991 1 991 994 997 1000
992 1 994 997 1000 1003
993 1 997 1000 1003 1006
994 1 1000 1003 1006 1009
995 1 1003 1006 1009 1012
996 1 1006 1009 1012 1015
997 1 1009 1012 1015 1018
998 1 1012 1015 1018 991
999 1 1015 1018 991 994
1000 1 1018 991 994 997
1001 2 992 991 994 996
1002 2 995 994 997 999
1003 2 998 997 1000 1002
1004 2 1001 1000 1003 1005
1005 2 1004 1003 1006 1008
1006 2 1007 1006 1009 1011
1007 2 1010 1009 1012 1014
1008 2 1013 1012 1015 1017
1009 2 1016 1015 1018 1020
1010 2 1019 1018 991 993
1011 3 993 991 994 995
1012 3 996 994 997 998
1013 3 999 997 1000 1001
1014 3 1002 1000 1003 1004
1015 3 1005 1003 1006 1007
1016 3 1008 1006 1009 1010
1017 3 1011 1009 1012 1013
1018 3 1014 1012 1015 1016
1019 3 1017 1015 1018 1019
1020 3 1020 1018 991 992
1021 1 1021 1024 1027 1030
1022 1 1024 1027 1030 1033
1023 1 1027 1030 1033 1036
1024 1 1030 1033 1036 1039
1025 1 1033 1036 1039 1042
1026 1 1036 1039 1042 1045
1027 1 1039 1042 1045 1048
1028 1 1042 1045 1048 1021
1029 1 1045 1048 1021 1024
1030 1 1048 1021 1024 1027
1031 2 1022 1021 1024 1026
1032 2 1025 1024 1027 1029
1033 2 1028 1027 1030 1032
1034 2 1031 1030 1033 1035
1035 2 1034 1033 1036 1038
1036 2 1037 1036 1039 1041
1037 2 1040 1039 1042 1044
1038 2 1043 1042 1045 1047
1039 2 1046 1045 1048 1050
1040 2 1049 1048 1021 1023
1041 3 1023 1021 1024 1025
1042 3 1026 1024 1027 1028
1043 3 1029 1027 1030 1031
1044 3 1032 1030 1033 1034
1045 3 1035 1033 1036 1037
1046 3 1038 1036 1039 1040
1047 3 1041 1039 1042 1043
1048 3 1044 1042 1045 1046
1049 3 1047 1045 1048 1049
1050 3 1050 1048 1021 1022
1051 1 1051 1054 1057 1060
1052 1 1054 1057 1060 1063
1053 1 1057 1060 1063 1066
1054 1 1060 1063 1066 1069
1055 1 1063 1066 1069 1072
1056 1 1066 1069 1072 1075
1057 1 1069 1072 1075 1078
1058 1 1072 1075 1078 1051
1059 1 1075 1078 1051 1054
1060 1 1078 1051 1054 1057
1061 2 1052 1051 1054 1056
1062 2 1055 1054 1057 1059
1063 2 1058 1057 1060 1062
1064 2 1061 1060 1063 1065
1065 2 1064 1063 1066 1068
1066 2 1067 1066 1069 1071
1067 2 1070 1069 1072 1074
1068 2 1073 1072 1075 1077
1069 2 1076 1075 1078 1080
1070 2 1079 1078 1051 1053
1071 3 1053 1051 1054 1055
1072 3 1056 1054 1057 1058
1073 3 1059 1057 1060 1061
1074 3 1062 1060 1063 1064
1075 3 1065 1063 1066 1067
1076 3 1068 1066 1069 1070
1077 3 1071 1069 1072 1073
1078 3 1074 1072 1075 1076
1079 3 1077 1075 1078 1079
1080 3 1080 1078 1051 1052
