# step_count,fitted_elastic_modulus,elastic_modulus_match_degree,average_bond_length,average_persistence_length,persistence_length_match_degree,average_end_to_end_distance,end_to_end_distance_match_degree,reward_value
1.000000e+00,2.750379e+03,-1.000000e+00,5.272197e-01,1.506422e+01,-1.000000e+00,9.356301e+00,-1.000000e+00,-1.500000e+01
2.000000e+00,3.070119e+03,-1.000000e+00,5.272140e-01,1.430268e+01,-1.000000e+00,9.323261e+00,-1.000000e+00,-1.500000e+01
3.000000e+00,3.205119e+03,-1.000000e+00,5.271367e-01,2.052918e+01,-1.000000e+00,9.504750e+00,-1.000000e+00,-1.500000e+01
4.000000e+00,2.965897e+03,-1.000000e+00,5.271907e-01,1.908299e+01,-1.000000e+00,9.476839e+00,-1.000000e+00,-1.500000e+01
5.000000e+00,3.160977e+03,-1.000000e+00,5.271617e-01,2.277422e+01,-1.000000e+00,9.541700e+00,-1.000000e+00,-1.500000e+01
6.000000e+00,3.199075e+03,-1.000000e+00,5.271813e-01,2.186521e+01,-1.000000e+00,9.530282e+00,-1.000000e+00,-1.500000e+01
7.000000e+00,2.853714e+03,-1.000000e+00,5.272583e-01,1.723009e+01,-1.000000e+00,9.424008e+00,-1.000000e+00,-1.500000e+01
8.000000e+00,2.890996e+03,-1.000000e+00,5.271663e-01,2.259448e+01,-1.000000e+00,9.538146e+00,-1.000000e+00,-1.500000e+01
9.000000e+00,2.554505e+03,8.831736e-01,5.272063e-01,1.356197e+01,-1.000000e+00,9.301802e+00,8.580780e-01,3.706258e+00
1.000000e+01,2.879253e+03,-1.000000e+00,5.271707e-01,2.101356e+01,-1.000000e+00,9.516866e+00,-1.000000e+00,-1.500000e+01
1.100000e+01,2.924400e+03,-1.000000e+00,5.272103e-01,2.051913e+01,-1.000000e+00,9.515756e+00,-1.000000e+00,-1.500000e+01
1.200000e+01,2.769267e+03,-1.000000e+00,5.271030e-01,1.644478e+01,-1.000000e+00,9.401453e+00,-1.000000e+00,-1.500000e+01
1.300000e+01,2.493253e+03,-1.000000e+00,5.272653e-01,2.098515e+01,-1.000000e+00,9.521060e+00,-1.000000e+00,-1.500000e+01
1.400000e+01,3.060866e+03,-1.000000e+00,5.271200e-01,1.404319e+01,-1.000000e+00,9.316425e+00,-1.000000e+00,-1.500000e+01
1.500000e+01,3.091207e+03,-1.000000e+00,5.272680e-01,2.257684e+01,-1.000000e+00,9.541330e+00,-1.000000e+00,-1.500000e+01
1.600000e+01,3.026394e+03,-1.000000e+00,5.271313e-01,1.500540e+01,-1.000000e+00,9.354556e+00,-1.000000e+00,-1.500000e+01
1.700000e+01,2.890064e+03,-1.000000e+00,5.271430e-01,1.107357e+01,6.630315e-01,9.148755e+00,9.305534e-01,2.967925e+00
1.800000e+01,2.905797e+03,-1.000000e+00,5.271053e-01,2.215221e+01,-1.000000e+00,9.541106e+00,-1.000000e+00,-1.500000e+01
1.900000e+01,2.817412e+03,-1.000000e+00,5.271643e-01,1.900667e+01,-1.000000e+00,9.469374e+00,-1.000000e+00,-1.500000e+01
2.000000e+01,2.459004e+03,-1.000000e+00,5.271043e-01,1.155958e+01,6.476733e-01,9.184911e+00,9.111050e-01,2.793892e+00
2.100000e+01,2.542860e+03,-1.000000e+00,5.272130e-01,2.152452e+01,-1.000000e+00,9.527230e+00,-1.000000e+00,-1.500000e+01
2.200000e+01,2.845004e+03,-1.000000e+00,5.272027e-01,1.602137e+01,-1.000000e+00,9.390730e+00,-1.000000e+00,-1.500000e+01
2.300000e+01,2.734989e+03,-1.000000e+00,5.272087e-01,1.765042e+01,-1.000000e+00,9.436227e+00,-1.000000e+00,-1.500000e+01
2.400000e+01,2.583521e+03,9.262595e-01,5.271373e-01,1.051721e+01,6.961126e-01,9.118168e+00,9.156748e-01,1.269023e+01
2.500000e+01,2.770597e+03,-1.000000e+00,5.271753e-01,2.171818e+01,-1.000000e+00,9.528586e+00,-1.000000e+00,-1.500000e+01
2.600000e+01,2.508067e+03,-1.000000e+00,5.271137e-01,2.204636e+01,-1.000000e+00,9.532639e+00,-1.000000e+00,-1.500000e+01
2.700000e+01,2.899332e+03,-1.000000e+00,5.271733e-01,1.888818e+01,-1.000000e+00,9.469568e+00,-1.000000e+00,-1.500000e+01
2.800000e+01,2.867372e+03,-1.000000e+00,5.271777e-01,2.478983e+01,-1.000000e+00,9.578145e+00,-1.000000e+00,-1.500000e+01
2.900000e+01,2.443793e+03,-1.000000e+00,5.271887e-01,1.695040e+01,-1.000000e+00,9.419940e+00,-1.000000e+00,-1.500000e+01
3.000000e+01,3.012296e+03,-1.000000e+00,5.271987e-01,1.351697e+01,-1.000000e+00,9.298048e+00,8.603843e-01,-5.698079e+00
3.100000e+01,2.592786e+03,9.499614e-01,5.272773e-01,1.539030e+01,-1.000000e+00,9.377844e+00,-1.000000e+00,-5.250193e+00
3.200000e+01,2.836910e+03,-1.000000e+00,5.271943e-01,2.001840e+01,-1.000000e+00,9.497103e+00,-1.000000e+00,-1.500000e+01
3.300000e+01,2.859939e+03,-1.000000e+00,5.271173e-01,1.214801e+01,6.248697e-01,9.216145e+00,8.931693e-01,2.590195e+00
3.400000e+01,2.526839e+03,-1.000000e+00,5.272117e-01,2.127227e+01,-1.000000e+00,9.518438e+00,-1.000000e+00,-1.500000e+01
3.500000e+01,2.695970e+03,-1.000000e+00,5.271570e-01,1.111237e+01,6.666620e-01,9.160279e+00,9.252921e-01,2.959770e+00
3.600000e+01,2.990028e+03,-1.000000e+00,5.271453e-01,1.310098e+01,-1.000000e+00,9.263492e+00,8.711077e-01,-5.644461e+00
3.700000e+01,2.969274e+03,-1.000000e+00,5.271910e-01,1.201991e+01,6.370420e-01,9.205403e+00,8.985497e-01,2.677959e+00
3.800000e+01,2.963943e+03,-1.000000e+00,5.272603e-01,1.745066e+01,-1.000000e+00,9.430670e+00,-1.000000e+00,-1.500000e+01
3.900000e+01,2.751667e+03,-1.000000e+00,5.270967e-01,9.880778e+00,7.323329e-01,9.055794e+00,9.007120e-01,3.165225e+00
4.000000e+01,3.163382e+03,-1.000000e+00,5.272190e-01,2.059853e+01,-1.000000e+00,9.514273e+00,-1.000000e+00,-1.500000e+01
4.100000e+01,2.723787e+03,-1.000000e+00,5.272513e-01,1.665161e+01,-1.000000e+00,9.405687e+00,-1.000000e+00,-1.500000e+01
4.200000e+01,3.006229e+03,-1.000000e+00,5.271630e-01,1.128827e+01,6.518524e-01,9.169447e+00,9.218918e-01,2.868721e+00
4.300000e+01,2.937428e+03,-1.000000e+00,5.271973e-01,9.409606e+00,7.585032e-01,9.028155e+00,8.912809e-01,3.248921e+00
4.400000e+01,3.019382e+03,-1.000000e+00,5.271803e-01,1.526655e+01,-1.000000e+00,9.361518e+00,-1.000000e+00,-1.500000e+01
4.500000e+01,3.081215e+03,-1.000000e+00,5.271943e-01,2.264800e+01,-1.000000e+00,9.546276e+00,-1.000000e+00,-1.500000e+01
4.600000e+01,2.895279e+03,-1.000000e+00,5.271900e-01,1.628087e+01,-1.000000e+00,9.408228e+00,-1.000000e+00,-1.500000e+01
4.700000e+01,2.769057e+03,-1.000000e+00,5.271187e-01,1.399787e+01,-1.000000e+00,9.317326e+00,-1.000000e+00,-1.500000e+01
4.800000e+01,2.891939e+03,-1.000000e+00,5.271730e-01,1.670136e+01,-1.000000e+00,9.408037e+00,-1.000000e+00,-1.500000e+01
4.900000e+01,2.953071e+03,-1.000000e+00,5.272650e-01,9.331575e+00,7.432275e-01,9.014930e+00,8.812560e-01,3.122418e+00
5.000000e+01,3.236159e+03,-1.000000e+00,5.271650e-01,1.876973e+01,-1.000000e+00,9.470875e+00,-1.000000e+00,-1.500000e+01
5.100000e+01,2.825758e+03,-1.000000e+00,5.272067e-01,1.982873e+01,-1.000000e+00,9.493608e+00,-1.000000e+00,-1.500000e+01
5.200000e+01,3.204805e+03,-1.000000e+00,5.271200e-01,1.878312e+01,-1.000000e+00,9.465481e+00,-1.000000e+00,-1.500000e+01
5.300000e+01,2.875018e+03,-1.000000e+00,5.272140e-01,1.753751e+01,-1.000000e+00,9.438029e+00,-1.000000e+00,-1.500000e+01
5.400000e+01,2.657731e+03,-1.000000e+00,5.272183e-01,1.906118e+01,-1.000000e+00,9.473357e+00,-1.000000e+00,-1.500000e+01
5.500000e+01,2.606348e+03,9.529136e-01,5.271127e-01,1.247408e+01,-1.000000e+00,9.244304e+00,8.816519e-01,4.172827e+00
5.600000e+01,2.744242e+03,-1.000000e+00,5.271827e-01,1.838794e+01,-1.000000e+00,9.464177e+00,-1.000000e+00,-1.500000e+01
5.700000e+01,2.968444e+03,-1.000000e+00,5.272330e-01,1.292440e+01,-1.000000e+00,9.264707e+00,8.692244e-01,-5.653878e+00
5.800000e+01,3.189270e+03,-1.000000e+00,5.271783e-01,2.176705e+01,-1.000000e+00,9.534071e+00,-1.000000e+00,-1.500000e+01
5.900000e+01,3.082376e+03,-1.000000e+00,5.271380e-01,1.232809e+01,6.217901e-01,9.235392e+00,8.843291e-01,2.530596e+00
6.000000e+01,2.718711e+03,-1.000000e+00,5.271803e-01,1.695541e+01,-1.000000e+00,9.415129e+00,-1.000000e+00,-1.500000e+01
6.100000e+01,2.774186e+03,-1.000000e+00,5.271667e-01,1.999683e+01,-1.000000e+00,9.485419e+00,-1.000000e+00,-1.500000e+01
6.200000e+01,2.814058e+03,-1.000000e+00,5.272160e-01,1.245843e+01,6.213400e-01,9.245180e+00,8.758272e-01,2.485836e+00
6.300000e+01,2.774977e+03,-1.000000e+00,5.271823e-01,1.527595e+01,-1.000000e+00,9.364651e+00,-1.000000e+00,-1.500000e+01
6.400000e+01,3.079413e+03,-1.000000e+00,5.272650e-01,1.672260e+01,-1.000000e+00,9.407422e+00,-1.000000e+00,-1.500000e+01
6.500000e+01,2.632459e+03,8.994969e-01,5.271310e-01,2.098784e+01,-1.000000e+00,9.514021e+00,-1.000000e+00,-5.502515e+00
6.600000e+01,2.984306e+03,-1.000000e+00,5.272040e-01,2.355594e+01,-1.000000e+00,9.563703e+00,-1.000000e+00,-1.500000e+01
6.700000e+01,2.938223e+03,-1.000000e+00,5.271420e-01,1.941685e+01,-1.000000e+00,9.483433e+00,-1.000000e+00,-1.500000e+01
6.800000e+01,2.798124e+03,-1.000000e+00,5.272137e-01,1.633454e+01,-1.000000e+00,9.390865e+00,-1.000000e+00,-1.500000e+01
6.900000e+01,2.644705e+03,8.840737e-01,5.271620e-01,1.702194e+01,-1.000000e+00,9.431342e+00,-1.000000e+00,-5.579632e+00
7.000000e+01,2.799371e+03,-1.000000e+00,5.272460e-01,1.824895e+01,-1.000000e+00,9.461101e+00,-1.000000e+00,-1.500000e+01
7.100000e+01,2.598995e+03,9.807172e-01,5.272590e-01,1.737663e+01,-1.000000e+00,9.437197e+00,-1.000000e+00,-5.096414e+00
7.200000e+01,2.565160e+03,8.962507e-01,5.271513e-01,8.928977e+00,7.282201e-01,8.987554e+00,8.766642e-01,1.250568e+01
7.300000e+01,2.612173e+03,9.359579e-01,5.271850e-01,1.746517e+01,-1.000000e+00,9.441168e+00,-1.000000e+00,-5.320211e+00
7.400000e+01,2.905616e+03,-1.000000e+00,5.271417e-01,1.493581e+01,-1.000000e+00,9.354323e+00,-1.000000e+00,-1.500000e+01
7.500000e+01,2.991170e+03,-1.000000e+00,5.271703e-01,1.067705e+01,6.696385e-01,9.127087e+00,9.266805e-01,2.981595e+00
7.600000e+01,3.073127e+03,-1.000000e+00,5.272373e-01,2.126198e+01,-1.000000e+00,9.529468e+00,-1.000000e+00,-1.500000e+01
7.700000e+01,3.193129e+03,-1.000000e+00,5.271367e-01,2.203316e+01,-1.000000e+00,9.541389e+00,-1.000000e+00,-1.500000e+01
7.800000e+01,3.195752e+03,-1.000000e+00,5.272450e-01,2.212288e+01,-1.000000e+00,9.536689e+00,-1.000000e+00,-1.500000e+01
7.900000e+01,3.217990e+03,-1.000000e+00,5.271613e-01,2.145883e+01,-1.000000e+00,9.527749e+00,-1.000000e+00,-1.500000e+01
8.000000e+01,2.535707e+03,-1.000000e+00,5.272557e-01,2.126602e+01,-1.000000e+00,9.532562e+00,-1.000000e+00,-1.500000e+01
8.100000e+01,2.651898e+03,-1.000000e+00,5.271880e-01,1.481425e+01,-1.000000e+00,9.341779e+00,-1.000000e+00,-1.500000e+01
8.200000e+01,2.706217e+03,-1.000000e+00,5.272583e-01,1.644964e+01,-1.000000e+00,9.408828e+00,-1.000000e+00,-1.500000e+01
8.300000e+01,2.462895e+03,-1.000000e+00,5.271320e-01,1.510486e+01,-1.000000e+00,9.363817e+00,-1.000000e+00,-1.500000e+01
8.400000e+01,2.897222e+03,-1.000000e+00,5.271193e-01,1.856773e+01,-1.000000e+00,9.462609e+00,-1.000000e+00,-1.500000e+01
8.500000e+01,2.737769e+03,-1.000000e+00,5.272377e-01,2.069950e+01,-1.000000e+00,9.503760e+00,-1.000000e+00,-1.500000e+01
8.600000e+01,3.182191e+03,-1.000000e+00,5.271170e-01,1.015193e+01,7.226542e-01,9.088786e+00,9.076538e-01,3.151540e+00
8.700000e+01,2.951669e+03,-1.000000e+00,5.271860e-01,1.337508e+01,-1.000000e+00,9.301613e+00,8.578747e-01,-5.710627e+00
8.800000e+01,2.840320e+03,-1.000000e+00,5.271613e-01,2.281361e+01,-1.000000e+00,9.550686e+00,-1.000000e+00,-1.500000e+01
8.900000e+01,3.063579e+03,-1.000000e+00,5.271473e-01,1.472306e+01,-1.000000e+00,9.341177e+00,-1.000000e+00,-1.500000e+01
9.000000e+01,2.917273e+03,-1.000000e+00,5.271330e-01,2.085883e+01,-1.000000e+00,9.519467e+00,-1.000000e+00,-1.500000e+01
9.100000e+01,3.119819e+03,-1.000000e+00,5.271463e-01,1.131796e+01,6.741172e-01,9.183739e+00,9.037066e-01,2.889119e+00
9.200000e+01,2.780560e+03,-1.000000e+00,5.272127e-01,1.468129e+01,-1.000000e+00,9.350306e+00,-1.000000e+00,-1.500000e+01
9.300000e+01,2.456295e+03,-1.000000e+00,5.271020e-01,2.312611e+01,-1.000000e+00,9.552966e+00,-1.000000e+00,-1.500000e+01
9.400000e+01,2.560908e+03,8.907747e-01,5.271850e-01,1.021448e+01,7.322756e-01,9.091084e+00,9.028558e-01,1.262953e+01
9.500000e+01,3.190806e+03,-1.000000e+00,5.271593e-01,2.277817e+01,-1.000000e+00,9.541922e+00,-1.000000e+00,-1.500000e+01
9.600000e+01,2.706006e+03,-1.000000e+00,5.271157e-01,1.855014e+01,-1.000000e+00,9.469490e+00,-1.000000e+00,-1.500000e+01
9.700000e+01,2.556718e+03,8.857211e-01,5.271543e-01,2.353300e+01,-1.000000e+00,9.554604e+00,-1.000000e+00,-5.571394e+00
9.800000e+01,3.134646e+03,-1.000000e+00,5.271313e-01,2.057950e+01,-1.000000e+00,9.511346e+00,-1.000000e+00,-1.500000e+01
9.900000e+01,3.167706e+03,-1.000000e+00,5.271847e-01,2.018427e+01,-1.000000e+00,9.505895e+00,-1.000000e+00,-1.500000e+01
1.000000e+02,2.796457e+03,-1.000000e+00,5.271593e-01,2.438019e+01,-1.000000e+00,9.568952e+00,-1.000000e+00,-1.500000e+01
1.010000e+02,2.592637e+03,9.494732e-01,5.271747e-01,1.124930e+01,6.560606e-01,9.176662e+00,9.141100e-01,1.259822e+01
1.020000e+02,2.605911e+03,9.544907e-01,5.271967e-01,9.618856e+00,7.669691e-01,9.029755e+00,8.890224e-01,1.305241e+01
1.030000e+02,2.567025e+03,8.987809e-01,5.271593e-01,9.090236e+00,7.444183e-01,8.996705e+00,8.759624e-01,1.259581e+01
1.040000e+02,2.621235e+03,9.171180e-01,5.271930e-01,1.011211e+01,7.376931e-01,9.086669e+00,9.049602e-01,1.279886e+01
1.050000e+02,2.592200e+03,9.480732e-01,5.271857e-01,9.362607e+00,7.656249e-01,9.024234e+00,8.854403e-01,1.299569e+01
1.060000e+02,2.604812e+03,9.587529e-01,5.272247e-01,8.906106e+00,7.248358e-01,8.969130e+00,8.694787e-01,1.276534e+01
1.070000e+02,2.591742e+03,9.466495e-01,5.272507e-01,9.708365e+00,7.774028e-01,9.054611e+00,8.915566e-01,1.307804e+01
1.080000e+02,2.583519e+03,9.262555e-01,5.271860e-01,1.034894e+01,6.996275e-01,9.106422e+00,9.175100e-01,1.271697e+01
1.090000e+02,2.584199e+03,9.276807e-01,5.272593e-01,8.968039e+00,7.302195e-01,8.981676e+00,8.734533e-01,1.265677e+01
1.100000e+02,2.630104e+03,9.028507e-01,5.272477e-01,9.528032e+00,7.739845e-01,9.024632e+00,8.901040e-01,1.283470e+01
1.110000e+02,2.596572e+03,9.649636e-01,5.271700e-01,9.955099e+00,7.497479e-01,9.074988e+00,9.007486e-01,1.307730e+01
1.120000e+02,2.581324e+03,9.218680e-01,5.271967e-01,8.762528e+00,7.305431e-01,8.964899e+00,8.698453e-01,1.261128e+01
1.130000e+02,2.574882e+03,9.105075e-01,5.272193e-01,1.023189e+01,7.401389e-01,9.111860e+00,9.080540e-01,1.279350e+01
1.140000e+02,2.601929e+03,9.734824e-01,5.271957e-01,9.761651e+00,7.580919e-01,9.057256e+00,8.992656e-01,1.315420e+01
1.150000e+02,2.588737e+03,9.382474e-01,5.272560e-01,8.852067e+00,7.353479e-01,8.974434e+00,8.703414e-01,1.271968e+01
1.160000e+02,2.614906e+03,9.296124e-01,5.271737e-01,8.967000e+00,7.434831e-01,8.986807e+00,8.744234e-01,1.273759e+01
1.170000e+02,2.582667e+03,9.245147e-01,5.271923e-01,9.798878e+00,7.304063e-01,9.061646e+00,9.033609e-01,1.279141e+01
1.180000e+02,2.583530e+03,9.262770e-01,5.272050e-01,9.573469e+00,8.216971e-01,9.047390e+00,8.836744e-01,1.315824e+01
1.190000e+02,2.586822e+03,9.335387e-01,5.272253e-01,9.464332e+00,7.833966e-01,9.034674e+00,8.862301e-01,1.301583e+01
1.200000e+02,2.601894e+03,9.737192e-01,5.270800e-01,9.082580e+00,7.449977e-01,8.998782e+00,8.732304e-01,1.295974e+01
1.210000e+02,2.547352e+03,-1.000000e+00,5.272103e-01,9.691797e+00,7.957681e-01,9.062683e+00,8.912986e-01,3.435333e+00
1.220000e+02,2.568239e+03,9.004748e-01,5.271680e-01,9.130076e+00,7.571006e-01,9.002013e+00,8.789210e-01,1.268248e+01
1.230000e+02,2.561221e+03,8.911653e-01,5.272367e-01,8.720639e+00,7.032600e-01,8.960343e+00,8.669308e-01,1.230678e+01
1.240000e+02,2.581588e+03,9.223805e-01,5.271930e-01,9.511105e+00,7.698923e-01,9.029087e+00,8.895081e-01,1.290890e+01
1.250000e+02,2.609071e+03,9.442288e-01,5.271623e-01,9.662696e+00,7.512783e-01,9.037616e+00,8.957575e-01,1.295632e+01
1.260000e+02,2.610977e+03,9.389884e-01,5.271397e-01,9.117446e+00,7.439168e-01,8.993770e+00,8.786063e-01,1.280756e+01
1.270000e+02,2.604437e+03,9.603269e-01,5.272927e-01,9.302347e+00,7.525353e-01,9.011264e+00,8.811353e-01,1.296999e+01
1.280000e+02,2.558253e+03,8.875367e-01,5.271503e-01,8.877139e+00,7.149858e-01,8.977638e+00,8.745333e-01,1.238528e+01
1.290000e+02,2.566551e+03,8.981306e-01,5.271143e-01,1.005958e+01,7.493347e-01,9.088408e+00,9.010594e-01,1.274262e+01
1.300000e+02,2.533563e+03,-1.000000e+00,5.271693e-01,8.681457e+00,7.006570e-01,8.944305e+00,8.576685e-01,2.791627e+00
1.310000e+02,2.609679e+03,9.424940e-01,5.271747e-01,9.877185e+00,7.234741e-01,9.062773e+00,9.035806e-01,1.284774e+01
1.320000e+02,2.618749e+03,9.217286e-01,5.271310e-01,8.931417e+00,7.034368e-01,8.958951e+00,8.599567e-01,1.242561e+01
1.330000e+02,2.589064e+03,9.390946e-01,5.271923e-01,8.826019e+00,7.150684e-01,8.974715e+00,8.700823e-01,1.262123e+01
1.340000e+02,2.563982e+03,8.946949e-01,5.272703e-01,9.446959e+00,7.753904e-01,9.040437e+00,8.916657e-01,1.280875e+01
1.350000e+02,2.654368e+03,-1.000000e+00,5.272283e-01,9.487819e+00,7.914910e-01,9.040041e+00,8.897649e-01,3.406279e+00
1.360000e+02,2.580540e+03,9.203753e-01,5.273200e-01,8.885885e+00,7.244452e-01,8.986522e+00,8.707120e-01,1.257766e+01
1.370000e+02,2.571262e+03,9.048677e-01,5.271877e-01,8.808266e+00,7.239298e-01,8.971597e+00,8.715791e-01,1.250188e+01
1.380000e+02,2.595841e+03,9.615414e-01,5.271507e-01,1.006927e+01,7.457240e-01,9.094436e+00,9.028781e-01,1.305072e+01
1.390000e+02,2.624920e+03,9.108287e-01,5.271760e-01,9.690490e+00,7.759452e-01,9.040994e+00,8.932423e-01,1.290008e+01
1.400000e+02,2.635512e+03,8.953595e-01,5.271523e-01,9.648716e+00,7.913672e-01,9.041484e+00,8.895166e-01,1.288122e+01
1.410000e+02,2.589771e+03,9.409799e-01,5.271940e-01,8.915225e+00,7.299914e-01,8.978875e+00,8.750775e-01,1.273024e+01
1.420000e+02,2.562132e+03,8.923119e-01,5.272003e-01,1.015818e+01,7.384459e-01,9.099567e+00,9.044920e-01,1.267625e+01
1.430000e+02,2.578807e+03,9.171930e-01,5.272053e-01,1.149726e+01,6.483397e-01,9.183344e+00,9.130786e-01,1.239306e+01
1.440000e+02,2.566579e+03,8.981681e-01,5.272303e-01,8.919955e+00,7.249332e-01,8.983459e+00,8.747290e-01,1.248915e+01
1.450000e+02,2.594135e+03,9.546602e-01,5.271973e-01,8.808690e+00,7.226155e-01,8.972881e+00,8.698954e-01,1.273586e+01
1.460000e+02,2.582793e+03,9.247692e-01,5.271157e-01,9.202962e+00,7.556988e-01,9.004957e+00,8.788117e-01,1.279640e+01
1.470000e+02,2.642936e+03,8.861272e-01,5.272360e-01,9.750063e+00,7.614572e-01,9.070918e+00,8.983696e-01,1.272977e+01
1.480000e+02,2.538649e+03,-1.000000e+00,5.272623e-01,9.027552e+00,7.352122e-01,8.984749e+00,8.764572e-01,3.058347e+00
1.490000e+02,2.585601e+03,9.307356e-01,5.272093e-01,9.124672e+00,7.446183e-01,9.018415e+00,8.767628e-01,1.276058e+01
1.500000e+02,2.572032e+03,9.060309e-01,5.271387e-01,9.249659e+00,7.548127e-01,9.012487e+00,8.844148e-01,1.272629e+01
1.510000e+02,2.578319e+03,9.163231e-01,5.272680e-01,9.243997e+00,7.537997e-01,9.004189e+00,8.814632e-01,1.275793e+01
1.520000e+02,2.560383e+03,8.901241e-01,5.271707e-01,9.101263e+00,7.590738e-01,9.005266e+00,8.767859e-01,1.262992e+01
1.530000e+02,2.576546e+03,9.132599e-01,5.271827e-01,8.948439e+00,7.289063e-01,8.965159e+00,8.680425e-01,1.255104e+01
1.540000e+02,2.580057e+03,9.194726e-01,5.271360e-01,8.865230e+00,7.377255e-01,8.975039e+00,8.695010e-01,1.263350e+01
1.550000e+02,2.585290e+03,9.300438e-01,5.272580e-01,1.047085e+01,6.965937e-01,9.111779e+00,9.164162e-01,1.271527e+01
1.560000e+02,2.593221e+03,9.514199e-01,5.272533e-01,9.836418e+00,7.747283e-01,9.073276e+00,8.957822e-01,1.310965e+01
1.570000e+02,2.598851e+03,9.794144e-01,5.271223e-01,9.237255e+00,7.519249e-01,9.012119e+00,8.850917e-01,1.308215e+01
1.580000e+02,2.615032e+03,9.293359e-01,5.272580e-01,8.989402e+00,7.367481e-01,8.984724e+00,8.755495e-01,1.270817e+01
1.590000e+02,2.551987e+03,8.803652e-01,5.271497e-01,9.344899e+00,7.513276e-01,9.009622e+00,8.814461e-01,1.256569e+01
1.600000e+02,2.598444e+03,9.761208e-01,5.272320e-01,9.396501e+00,7.601402e-01,9.030011e+00,8.932951e-01,1.314778e+01
1.610000e+02,2.577790e+03,9.153947e-01,5.271147e-01,9.613218e+00,7.666204e-01,9.044892e+00,8.958777e-01,1.288946e+01
1.620000e+02,2.589912e+03,9.413642e-01,5.271580e-01,1.039839e+01,6.879497e-01,9.092449e+00,9.168126e-01,1.273063e+01
1.630000e+02,2.568058e+03,9.002206e-01,5.272537e-01,9.069336e+00,7.502162e-01,9.002228e+00,8.788773e-01,1.264657e+01
1.640000e+02,2.591636e+03,9.463262e-01,5.271770e-01,8.648188e+00,7.051326e-01,8.954489e+00,8.618576e-01,1.256658e+01
1.650000e+02,2.593497e+03,9.523705e-01,5.271867e-01,9.964053e+00,7.149327e-01,9.068989e+00,9.069836e-01,1.287143e+01
1.660000e+02,2.606229e+03,9.533382e-01,5.271840e-01,8.857870e+00,7.221075e-01,8.991842e+00,8.711347e-01,1.273290e+01
1.670000e+02,2.623466e+03,9.132405e-01,5.271800e-01,8.757563e+00,7.200411e-01,8.960611e+00,8.664373e-01,1.249859e+01
1.680000e+02,2.602275e+03,9.712713e-01,5.272233e-01,9.060391e+00,7.309631e-01,8.988063e+00,8.754764e-01,1.288855e+01
1.690000e+02,2.576897e+03,9.138554e-01,5.272260e-01,1.017595e+01,7.174563e-01,9.085009e+00,9.073800e-01,1.269346e+01
1.700000e+02,2.574486e+03,9.098675e-01,5.272040e-01,9.501106e+00,7.646889e-01,9.035987e+00,8.921013e-01,1.283329e+01
1.710000e+02,2.617449e+03,9.242809e-01,5.271517e-01,1.064384e+01,6.805924e-01,9.122280e+00,9.258412e-01,1.265357e+01
1.720000e+02,2.588203e+03,9.368908e-01,5.272103e-01,1.217641e+01,6.195165e-01,9.231260e+00,8.854050e-01,1.220906e+01
1.730000e+02,2.573441e+03,9.082074e-01,5.271830e-01,9.095844e+00,7.326442e-01,8.989954e+00,8.754223e-01,1.258137e+01
1.740000e+02,2.591347e+03,9.454566e-01,5.271677e-01,8.747497e+00,7.199782e-01,8.972809e+00,8.718761e-01,1.268655e+01
1.750000e+02,2.548176e+03,-1.000000e+00,5.271953e-01,9.144333e+00,7.226342e-01,8.980897e+00,8.700688e-01,2.963515e+00
1.760000e+02,2.622233e+03,9.153557e-01,5.271743e-01,9.492900e+00,7.882612e-01,9.044143e+00,8.855291e-01,1.294573e+01
1.770000e+02,2.597055e+03,9.674408e-01,5.271287e-01,9.176800e+00,7.183962e-01,9.021235e+00,8.835898e-01,1.284713e+01
1.780000e+02,2.602565e+03,9.695495e-01,5.272043e-01,1.012851e+01,7.359126e-01,9.087700e+00,9.030326e-01,1.304247e+01
1.790000e+02,2.604034e+03,9.621030e-01,5.272570e-01,9.815607e+00,7.562891e-01,9.064809e+00,9.010475e-01,1.309720e+01
1.800000e+02,2.592403e+03,9.487161e-01,5.272467e-01,8.971110e+00,7.417765e-01,8.996556e+00,8.762926e-01,1.283393e+01
1.810000e+02,2.561006e+03,8.908960e-01,5.272300e-01,9.641892e+00,7.852337e-01,9.038475e+00,8.905146e-01,1.283322e+01
1.820000e+02,2.570494e+03,9.037269e-01,5.271893e-01,9.404130e+00,7.578516e-01,9.023756e+00,8.895813e-01,1.275580e+01
1.830000e+02,2.590517e+03,9.430461e-01,5.271863e-01,9.415796e+00,7.500178e-01,9.017036e+00,8.848431e-01,1.288953e+01
1.840000e+02,2.579028e+03,9.175890e-01,5.271453e-01,9.778024e+00,7.313295e-01,9.057713e+00,9.025540e-01,1.275736e+01
1.850000e+02,2.603699e+03,9.636546e-01,5.272473e-01,8.978591e+00,7.417514e-01,8.981060e+00,8.728217e-01,1.289114e+01
1.860000e+02,2.575810e+03,9.120293e-01,5.272877e-01,9.878530e+00,7.698327e-01,9.069838e+00,8.973951e-01,1.289629e+01
1.870000e+02,2.597279e+03,9.686616e-01,5.272190e-01,9.437994e+00,8.031400e-01,9.030385e+00,8.821252e-01,1.326963e+01
1.880000e+02,2.598295e+03,9.750347e-01,5.271963e-01,8.963476e+00,7.395601e-01,8.988714e+00,8.774430e-01,1.296019e+01
1.890000e+02,2.585297e+03,9.300602e-01,5.271657e-01,1.002167e+01,7.381625e-01,9.075299e+00,9.008916e-01,1.284557e+01
1.900000e+02,2.573638e+03,9.085180e-01,5.272590e-01,9.297688e+00,7.505729e-01,9.007996e+00,8.828937e-01,1.270992e+01
1.910000e+02,2.601452e+03,9.769150e-01,5.271850e-01,9.996108e+00,7.528944e-01,9.078694e+00,9.010104e-01,1.315410e+01
1.920000e+02,2.609260e+03,9.436810e-01,5.272350e-01,9.741597e+00,7.537288e-01,9.063621e+00,9.027567e-01,1.300083e+01
1.930000e+02,2.577136e+03,9.142644e-01,5.271463e-01,9.264793e+00,7.626836e-01,9.016143e+00,8.821538e-01,1.279551e+01
1.940000e+02,2.643128e+03,8.859015e-01,5.272137e-01,8.952202e+00,7.415080e-01,8.985938e+00,8.766489e-01,1.252029e+01
1.950000e+02,2.609230e+03,9.437677e-01,5.271887e-01,9.390586e+00,7.543059e-01,9.038709e+00,8.874225e-01,1.292748e+01
1.960000e+02,2.590027e+03,9.416773e-01,5.272197e-01,9.217040e+00,7.339193e-01,9.009015e+00,8.823542e-01,1.278975e+01
1.970000e+02,2.595784e+03,9.612924e-01,5.272127e-01,1.251147e+01,-1.000000e+00,9.248760e+00,8.782808e-01,4.197866e+00
1.980000e+02,2.605500e+03,9.560274e-01,5.271210e-01,1.032146e+01,7.197277e-01,9.107591e+00,9.121579e-01,1.293956e+01
1.990000e+02,2.574912e+03,9.105564e-01,5.271210e-01,9.882431e+00,7.900974e-01,9.076968e+00,8.940135e-01,1.297334e+01
2.000000e+02,2.608816e+03,9.449738e-01,5.271527e-01,9.092464e+00,7.562273e-01,8.991083e+00,8.759667e-01,1.288584e+01
2.010000e+02,2.555006e+03,8.837437e-01,5.271863e-01,1.165968e+01,6.460831e-01,9.194824e+00,9.063792e-01,1.218103e+01
2.020000e+02,2.593459e+03,9.522366e-01,5.272063e-01,9.264913e+00,7.538992e-01,9.016317e+00,8.874692e-01,1.296803e+01
2.030000e+02,2.608209e+03,9.468000e-01,5.271777e-01,9.824094e+00,7.422195e-01,9.069478e+00,8.986412e-01,1.293830e+01
2.040000e+02,2.579335e+03,9.181448e-01,5.271793e-01,9.469135e+00,7.867219e-01,9.030137e+00,8.839682e-01,1.294417e+01
2.050000e+02,2.588093e+03,9.366168e-01,5.271953e-01,9.352779e+00,7.660768e-01,9.018285e+00,8.856407e-01,1.294167e+01
2.060000e+02,2.606654e+03,9.518484e-01,5.272090e-01,8.486871e+00,6.993828e-01,8.939740e+00,8.605188e-01,1.255875e+01
2.070000e+02,2.603430e+03,9.649505e-01,5.271507e-01,1.024832e+01,7.268304e-01,9.097985e+00,9.072662e-01,1.299524e+01
2.080000e+02,2.580459e+03,9.202235e-01,5.272140e-01,9.511577e+00,7.345434e-01,9.027310e+00,8.856122e-01,1.270190e+01
2.090000e+02,2.572534e+03,9.067987e-01,5.271817e-01,1.003389e+01,7.276148e-01,9.074314e+00,9.067738e-01,1.270594e+01
2.100000e+02,2.590349e+03,9.425729e-01,5.271990e-01,9.095841e+00,7.413162e-01,9.002156e+00,8.815309e-01,1.282710e+01
2.110000e+02,2.553482e+03,8.820211e-01,5.271917e-01,9.123589e+00,7.450246e-01,9.000111e+00,8.769384e-01,1.251992e+01
2.120000e+02,2.590597e+03,9.432750e-01,5.272397e-01,9.690690e+00,7.603340e-01,9.057042e+00,8.981221e-01,1.300866e+01
2.130000e+02,2.588597e+03,9.378893e-01,5.271793e-01,8.835703e+00,7.320032e-01,8.973204e+00,8.701329e-01,1.270013e+01
2.140000e+02,2.592160e+03,9.479465e-01,5.272017e-01,9.831162e+00,7.560679e-01,9.067203e+00,8.997863e-01,1.301900e+01
2.150000e+02,2.602395e+03,9.705447e-01,5.272233e-01,1.105417e+01,6.572952e-01,9.161231e+00,9.256791e-01,1.276759e+01
2.160000e+02,2.580956e+03,9.211630e-01,5.272147e-01,9.103616e+00,7.552889e-01,9.003227e+00,8.774280e-01,1.276940e+01
2.170000e+02,2.576056e+03,9.124378e-01,5.271230e-01,9.903961e+00,7.531974e-01,9.067210e+00,8.992436e-01,1.282439e+01
2.180000e+02,2.601027e+03,9.805142e-01,5.271920e-01,9.192403e+00,7.245963e-01,9.007031e+00,8.834836e-01,1.294297e+01
2.190000e+02,2.584499e+03,9.283218e-01,5.271570e-01,1.021952e+01,7.169417e-01,9.095787e+00,9.089814e-01,1.277122e+01
2.200000e+02,2.574466e+03,9.098349e-01,5.271707e-01,9.591090e+00,7.845708e-01,9.049020e+00,8.919871e-01,1.293196e+01
2.210000e+02,2.601382e+03,9.774673e-01,5.272343e-01,1.158591e+01,6.445740e-01,9.189555e+00,9.074543e-01,1.264748e+01
2.220000e+02,2.575270e+03,9.111395e-01,5.271810e-01,9.929171e+00,7.425921e-01,9.074419e+00,9.051677e-01,1.279450e+01
2.230000e+02,2.570626e+03,9.039215e-01,5.271610e-01,1.077897e+01,6.982135e-01,9.131720e+00,9.193799e-01,1.260757e+01
2.240000e+02,2.604515e+03,9.599933e-01,5.272257e-01,9.835933e+00,7.357513e-01,9.068711e+00,9.061037e-01,1.300924e+01
2.250000e+02,2.625381e+03,9.100816e-01,5.271470e-01,1.071311e+01,7.118625e-01,9.130318e+00,9.166316e-01,1.269288e+01
2.260000e+02,2.602390e+03,9.705717e-01,5.271477e-01,8.974319e+00,7.373039e-01,8.976612e+00,8.731308e-01,1.290503e+01
2.270000e+02,2.551323e+03,8.796401e-01,5.271890e-01,9.437594e+00,7.589565e-01,9.033541e+00,8.905712e-01,1.264584e+01
2.280000e+02,2.553200e+03,8.817063e-01,5.270993e-01,9.397601e+00,7.802074e-01,9.028170e+00,8.860420e-01,1.273978e+01
2.290000e+02,2.616345e+03,9.265376e-01,5.271900e-01,9.405735e+00,7.763101e-01,9.030131e+00,8.871680e-01,1.295008e+01
2.300000e+02,2.595951e+03,9.620346e-01,5.271967e-01,9.219865e+00,7.470302e-01,9.011283e+00,8.836291e-01,1.296347e+01
2.310000e+02,2.571780e+03,9.056473e-01,5.271663e-01,9.703784e+00,7.699566e-01,9.068522e+00,8.927553e-01,1.284180e+01
2.320000e+02,2.622449e+03,9.149791e-01,5.272353e-01,8.593201e+00,7.080421e-01,8.948842e+00,8.620476e-01,1.242534e+01
2.330000e+02,2.596552e+03,9.648649e-01,5.272560e-01,1.005193e+01,7.322368e-01,9.084118e+00,9.014962e-01,1.299299e+01
2.340000e+02,2.591274e+03,9.452396e-01,5.272507e-01,8.845893e+00,7.344618e-01,8.981127e+00,8.746633e-01,1.277182e+01
2.350000e+02,2.576266e+03,9.127896e-01,5.272340e-01,9.483266e+00,7.776544e-01,9.042199e+00,8.871455e-01,1.288795e+01
2.360000e+02,2.587224e+03,9.344939e-01,5.271323e-01,9.400260e+00,7.708487e-01,9.024813e+00,8.877826e-01,1.296563e+01
2.370000e+02,2.625316e+03,9.101858e-01,5.271760e-01,1.018482e+01,7.276874e-01,9.095652e+00,9.054189e-01,1.271646e+01
2.380000e+02,2.562636e+03,8.929538e-01,5.271690e-01,1.042706e+01,7.017759e-01,9.117462e+00,9.173311e-01,1.256030e+01
2.390000e+02,2.593969e+03,9.540514e-01,5.272307e-01,8.683300e+00,7.109119e-01,8.955702e+00,8.637239e-01,1.264344e+01
2.400000e+02,2.573032e+03,9.075697e-01,5.272180e-01,9.495443e+00,7.565574e-01,9.051188e+00,8.906550e-01,1.277391e+01
2.410000e+02,2.604578e+03,9.597288e-01,5.271843e-01,9.367299e+00,7.604070e-01,9.018379e+00,8.866123e-01,1.303374e+01
2.420000e+02,2.597540e+03,9.701609e-01,5.271560e-01,8.933076e+00,7.234164e-01,8.979087e+00,8.710142e-01,1.282296e+01
2.430000e+02,2.576065e+03,9.124524e-01,5.272137e-01,1.027881e+01,7.376170e-01,9.091399e+00,9.040120e-01,1.277041e+01
2.440000e+02,2.620430e+03,9.185742e-01,5.272280e-01,9.309362e+00,7.434240e-01,9.024079e+00,8.902039e-01,1.276101e+01
2.450000e+02,2.590744e+03,9.436941e-01,5.271850e-01,8.671570e+00,7.234537e-01,8.969938e+00,8.648655e-01,1.266007e+01
2.460000e+02,2.615855e+03,9.275668e-01,5.271887e-01,9.660185e+00,7.683417e-01,9.052867e+00,8.957907e-01,1.295850e+01
2.470000e+02,2.604206e+03,9.613347e-01,5.272527e-01,1.014799e+01,7.554034e-01,9.090440e+00,9.021458e-01,1.309442e+01
2.480000e+02,2.585968e+03,9.315648e-01,5.271673e-01,9.779098e+00,7.657065e-01,9.058431e+00,8.984947e-01,1.297883e+01
2.490000e+02,2.613724e+03,9.322677e-01,5.271513e-01,9.846242e+00,7.578977e-01,9.067769e+00,8.954181e-01,1.292792e+01
2.500000e+02,2.564749e+03,8.957046e-01,5.272773e-01,8.955363e+00,7.236663e-01,8.991511e+00,8.772362e-01,1.248304e+01
2.510000e+02,2.610719e+03,9.396664e-01,5.271880e-01,9.569143e+00,7.864058e-01,9.044616e+00,8.887292e-01,1.307401e+01
2.520000e+02,2.578467e+03,9.165856e-01,5.271707e-01,9.227558e+00,7.510244e-01,9.007936e+00,8.806764e-01,1.274143e+01
2.530000e+02,2.613495e+03,9.327969e-01,5.272047e-01,8.701424e+00,7.082825e-01,8.955653e+00,8.644888e-01,1.252784e+01
2.540000e+02,2.579908e+03,9.191968e-01,5.272233e-01,8.998848e+00,7.384571e-01,8.993632e+00,8.768023e-01,1.267228e+01
2.550000e+02,2.573870e+03,9.088854e-01,5.271883e-01,9.154096e+00,7.526820e-01,8.998583e+00,8.799186e-01,1.270743e+01
2.560000e+02,2.619404e+03,9.204811e-01,5.272420e-01,9.611728e+00,7.407105e-01,9.039592e+00,8.938139e-01,1.277503e+01
