# step_count,fitted_elastic_modulus,elastic_modulus_match_degree,average_bond_length,average_persistence_length,persistence_length_match_degree,average_end_to_end_distance,end_to_end_distance_match_degree,reward_value
1.000000e+00,2.573638e+03,9.085181e-01,5.271913e-01,1.908958e+01,-1.000000e+00,9.470630e+00,-1.000000e+00,-5.457410e+00
2.000000e+00,2.976330e+03,-1.000000e+00,5.271627e-01,1.459038e+01,-1.000000e+00,9.349951e+00,-1.000000e+00,-1.500000e+01
3.000000e+00,3.138376e+03,-1.000000e+00,5.271887e-01,1.120837e+01,6.754691e-01,9.165503e+00,9.196199e-01,2.975445e+00
4.000000e+00,2.538339e+03,-1.000000e+00,5.272153e-01,1.818555e+01,-1.000000e+00,9.457451e+00,-1.000000e+00,-1.500000e+01
5.000000e+00,2.972406e+03,-1.000000e+00,5.271573e-01,9.497275e+00,7.488804e-01,9.048156e+00,8.894785e-01,3.191795e+00
6.000000e+00,3.018865e+03,-1.000000e+00,5.272447e-01,1.504622e+01,-1.000000e+00,9.357633e+00,-1.000000e+00,-1.500000e+01
7.000000e+00,2.894973e+03,-1.000000e+00,5.272497e-01,2.196099e+01,-1.000000e+00,9.538546e+00,-1.000000e+00,-1.500000e+01
8.000000e+00,2.647990e+03,8.803905e-01,5.271350e-01,2.375618e+01,-1.000000e+00,9.555243e+00,-1.000000e+00,-5.598047e+00
9.000000e+00,2.719883e+03,-1.000000e+00,5.272130e-01,2.073289e+01,-1.000000e+00,9.509667e+00,-1.000000e+00,-1.500000e+01
1.000000e+01,2.974234e+03,-1.000000e+00,5.272200e-01,1.122176e+01,6.456131e-01,9.165220e+00,9.307171e-01,2.881651e+00
1.100000e+01,2.588345e+03,9.372475e-01,5.271743e-01,1.340193e+01,-1.000000e+00,9.287300e+00,8.642770e-01,4.007622e+00
1.200000e+01,2.939453e+03,-1.000000e+00,5.271553e-01,1.125970e+01,6.685824e-01,9.171025e+00,9.209012e-01,2.947418e+00
1.300000e+01,2.829617e+03,-1.000000e+00,5.271813e-01,2.432556e+01,-1.000000e+00,9.571885e+00,-1.000000e+00,-1.500000e+01
1.400000e+01,2.970067e+03,-1.000000e+00,5.271947e-01,2.028203e+01,-1.000000e+00,9.498969e+00,-1.000000e+00,-1.500000e+01
1.500000e+01,2.907116e+03,-1.000000e+00,5.271953e-01,1.498975e+01,-1.000000e+00,9.365270e+00,-1.000000e+00,-1.500000e+01
1.600000e+01,3.157919e+03,-1.000000e+00,5.272257e-01,2.147871e+01,-1.000000e+00,9.516781e+00,-1.000000e+00,-1.500000e+01
1.700000e+01,2.807240e+03,-1.000000e+00,5.271573e-01,2.190443e+01,-1.000000e+00,9.527285e+00,-1.000000e+00,-1.500000e+01
1.800000e+01,2.636373e+03,8.942323e-01,5.272400e-01,1.512771e+01,-1.000000e+00,9.345730e+00,-1.000000e+00,-5.528838e+00
1.900000e+01,2.934812e+03,-1.000000e+00,5.271223e-01,1.391830e+01,-1.000000e+00,9.306286e+00,8.558291e-01,-5.720854e+00
2.000000e+01,2.440124e+03,-1.000000e+00,5.272110e-01,9.737776e+00,7.396035e-01,9.055066e+00,9.010835e-01,3.203435e+00
2.100000e+01,3.152479e+03,-1.000000e+00,5.272030e-01,1.314641e+01,-1.000000e+00,9.275430e+00,8.683565e-01,-5.658217e+00
2.200000e+01,2.561281e+03,8.912401e-01,5.271580e-01,2.456114e+01,-1.000000e+00,9.574748e+00,-1.000000e+00,-5.543800e+00
2.300000e+01,2.622020e+03,9.157274e-01,5.271857e-01,1.940989e+01,-1.000000e+00,9.480624e+00,-1.000000e+00,-5.421363e+00
2.400000e+01,2.480287e+03,-1.000000e+00,5.272287e-01,1.005397e+01,7.282855e-01,9.082742e+00,9.059747e-01,3.171301e+00
2.500000e+01,2.980160e+03,-1.000000e+00,5.271723e-01,9.768163e+00,7.484729e-01,9.056451e+00,8.950254e-01,3.217492e+00
2.600000e+01,3.040207e+03,-1.000000e+00,5.272407e-01,1.283306e+01,-1.000000e+00,9.261637e+00,8.711043e-01,-5.644479e+00
2.700000e+01,3.227699e+03,-1.000000e+00,5.271407e-01,2.093922e+01,-1.000000e+00,9.515460e+00,-1.000000e+00,-1.500000e+01
2.800000e+01,2.519464e+03,-1.000000e+00,5.271277e-01,1.001627e+01,7.422772e-01,9.079185e+00,9.029953e-01,3.226362e+00
2.900000e+01,2.480070e+03,-1.000000e+00,5.271327e-01,1.559273e+01,-1.000000e+00,9.370885e+00,-1.000000e+00,-1.500000e+01
3.000000e+01,2.694299e+03,-1.000000e+00,5.271877e-01,2.465311e+01,-1.000000e+00,9.580365e+00,-1.000000e+00,-1.500000e+01
3.100000e+01,2.890978e+03,-1.000000e+00,5.271687e-01,2.137636e+01,-1.000000e+00,9.527469e+00,-1.000000e+00,-1.500000e+01
3.200000e+01,2.831209e+03,-1.000000e+00,5.271877e-01,1.866593e+01,-1.000000e+00,9.462953e+00,-1.000000e+00,-1.500000e+01
3.300000e+01,2.524654e+03,-1.000000e+00,5.272117e-01,2.488110e+01,-1.000000e+00,9.581908e+00,-1.000000e+00,-1.500000e+01
3.400000e+01,2.469483e+03,-1.000000e+00,5.271887e-01,9.156274e+00,7.489190e-01,9.002291e+00,8.756456e-01,3.122823e+00
3.500000e+01,2.560404e+03,8.901494e-01,5.272157e-01,2.006341e+01,-1.000000e+00,9.491398e+00,-1.000000e+00,-5.549253e+00
3.600000e+01,2.710750e+03,-1.000000e+00,5.271907e-01,1.629538e+01,-1.000000e+00,9.400049e+00,-1.000000e+00,-1.500000e+01
3.700000e+01,2.743634e+03,-1.000000e+00,5.271890e-01,1.094546e+01,6.818645e-01,9.142566e+00,9.272207e-01,3.045426e+00
3.800000e+01,3.172020e+03,-1.000000e+00,5.271903e-01,1.598991e+01,-1.000000e+00,9.390554e+00,-1.000000e+00,-1.500000e+01
3.900000e+01,2.833983e+03,-1.000000e+00,5.271447e-01,1.371693e+01,-1.000000e+00,9.289268e+00,8.618223e-01,-5.690888e+00
4.000000e+01,2.498660e+03,-1.000000e+00,5.272400e-01,1.482663e+01,-1.000000e+00,9.343854e+00,-1.000000e+00,-1.500000e+01
4.100000e+01,2.877474e+03,-1.000000e+00,5.271260e-01,1.444724e+01,-1.000000e+00,9.336857e+00,-1.000000e+00,-1.500000e+01
4.200000e+01,2.666024e+03,-1.000000e+00,5.271667e-01,1.914277e+01,-1.000000e+00,9.484937e+00,-1.000000e+00,-1.500000e+01
4.300000e+01,2.988221e+03,-1.000000e+00,5.271937e-01,1.699334e+01,-1.000000e+00,9.419174e+00,-1.000000e+00,-1.500000e+01
4.400000e+01,2.678937e+03,-1.000000e+00,5.271747e-01,9.779826e+00,7.567697e-01,9.068268e+00,8.973823e-01,3.270760e+00
4.500000e+01,2.720610e+03,-1.000000e+00,5.271250e-01,1.328580e+01,-1.000000e+00,9.272889e+00,8.692297e-01,-5.653851e+00
4.600000e+01,2.579196e+03,9.178931e-01,5.271987e-01,1.861515e+01,-1.000000e+00,9.463773e+00,-1.000000e+00,-5.410534e+00
4.700000e+01,2.639284e+03,8.905354e-01,5.271760e-01,1.546455e+01,-1.000000e+00,9.369503e+00,-1.000000e+00,-5.547323e+00
4.800000e+01,2.741793e+03,-1.000000e+00,5.271617e-01,2.126348e+01,-1.000000e+00,9.522375e+00,-1.000000e+00,-1.500000e+01
4.900000e+01,3.159828e+03,-1.000000e+00,5.271660e-01,1.576806e+01,-1.000000e+00,9.385289e+00,-1.000000e+00,-1.500000e+01
5.000000e+01,2.476365e+03,-1.000000e+00,5.271777e-01,1.697505e+01,-1.000000e+00,9.427787e+00,-1.000000e+00,-1.500000e+01
5.100000e+01,2.775577e+03,-1.000000e+00,5.271560e-01,1.963416e+01,-1.000000e+00,9.477079e+00,-1.000000e+00,-1.500000e+01
5.200000e+01,3.227104e+03,-1.000000e+00,5.270930e-01,1.875998e+01,-1.000000e+00,9.465872e+00,-1.000000e+00,-1.500000e+01
5.300000e+01,3.007816e+03,-1.000000e+00,5.271390e-01,1.689211e+01,-1.000000e+00,9.417924e+00,-1.000000e+00,-1.500000e+01
5.400000e+01,2.579833e+03,9.190581e-01,5.271987e-01,2.203678e+01,-1.000000e+00,9.535270e+00,-1.000000e+00,-5.404709e+00
5.500000e+01,2.963169e+03,-1.000000e+00,5.271493e-01,1.013323e+01,7.198441e-01,9.080615e+00,9.066431e-01,3.132436e+00
5.600000e+01,2.788137e+03,-1.000000e+00,5.272110e-01,2.201298e+01,-1.000000e+00,9.528055e+00,-1.000000e+00,-1.500000e+01
5.700000e+01,2.635003e+03,8.960341e-01,5.272567e-01,1.710204e+01,-1.000000e+00,9.421162e+00,-1.000000e+00,-5.519830e+00
5.800000e+01,3.144635e+03,-1.000000e+00,5.271783e-01,1.338124e+01,-1.000000e+00,9.288567e+00,8.587633e-01,-5.706184e+00
5.900000e+01,3.188774e+03,-1.000000e+00,5.272173e-01,1.725193e+01,-1.000000e+00,9.426268e+00,-1.000000e+00,-1.500000e+01
6.000000e+01,2.588610e+03,9.379206e-01,5.272510e-01,2.227674e+01,-1.000000e+00,9.538197e+00,-1.000000e+00,-5.310397e+00
6.100000e+01,3.150284e+03,-1.000000e+00,5.271053e-01,2.145654e+01,-1.000000e+00,9.526015e+00,-1.000000e+00,-1.500000e+01
6.200000e+01,2.499867e+03,-1.000000e+00,5.271680e-01,1.880806e+01,-1.000000e+00,9.467389e+00,-1.000000e+00,-1.500000e+01
6.300000e+01,2.910175e+03,-1.000000e+00,5.271740e-01,2.209052e+01,-1.000000e+00,9.535136e+00,-1.000000e+00,-1.500000e+01
6.400000e+01,2.618224e+03,9.227474e-01,5.271937e-01,1.083169e+01,6.831943e-01,9.142816e+00,9.295697e-01,1.267756e+01
6.500000e+01,2.490295e+03,-1.000000e+00,5.271610e-01,1.032706e+01,7.062568e-01,9.096034e+00,9.201929e-01,3.132249e+00
6.600000e+01,3.029153e+03,-1.000000e+00,5.271503e-01,2.161300e+01,-1.000000e+00,9.531852e+00,-1.000000e+00,-1.500000e+01
6.700000e+01,2.855684e+03,-1.000000e+00,5.271660e-01,9.529334e+00,7.688427e-01,9.051477e+00,8.896734e-01,3.292580e+00
6.800000e+01,2.559169e+03,8.886387e-01,5.272683e-01,1.957220e+01,-1.000000e+00,9.489361e+00,-1.000000e+00,-5.556806e+00
6.900000e+01,2.938907e+03,-1.000000e+00,5.271960e-01,1.715926e+01,-1.000000e+00,9.430382e+00,-1.000000e+00,-1.500000e+01
7.000000e+01,2.641246e+03,8.881374e-01,5.271130e-01,1.905026e+01,-1.000000e+00,9.475876e+00,-1.000000e+00,-5.559313e+00
7.100000e+01,3.055813e+03,-1.000000e+00,5.272953e-01,1.350303e+01,-1.000000e+00,9.292228e+00,8.616140e-01,-5.691930e+00
7.200000e+01,2.573978e+03,9.090563e-01,5.272443e-01,2.042874e+01,-1.000000e+00,9.509934e+00,-1.000000e+00,-5.454718e+00
7.300000e+01,2.510975e+03,-1.000000e+00,5.271987e-01,1.566304e+01,-1.000000e+00,9.379278e+00,-1.000000e+00,-1.500000e+01
7.400000e+01,2.923495e+03,-1.000000e+00,5.272130e-01,2.054838e+01,-1.000000e+00,9.506148e+00,-1.000000e+00,-1.500000e+01
7.500000e+01,3.032775e+03,-1.000000e+00,5.272523e-01,1.028346e+01,7.315560e-01,9.105769e+00,9.118657e-01,3.217109e+00
7.600000e+01,3.154090e+03,-1.000000e+00,5.271633e-01,1.877669e+01,-1.000000e+00,9.461411e+00,-1.000000e+00,-1.500000e+01
7.700000e+01,3.157053e+03,-1.000000e+00,5.271347e-01,2.468521e+01,-1.000000e+00,9.574589e+00,-1.000000e+00,-1.500000e+01
7.800000e+01,3.042069e+03,-1.000000e+00,5.272100e-01,1.205608e+01,6.133452e-01,9.207762e+00,9.041274e-01,2.587363e+00
7.900000e+01,2.948729e+03,-1.000000e+00,5.271587e-01,2.513295e+01,-1.000000e+00,9.579523e+00,-1.000000e+00,-1.500000e+01
8.000000e+01,2.861230e+03,-1.000000e+00,5.272150e-01,2.056788e+01,-1.000000e+00,9.507568e+00,-1.000000e+00,-1.500000e+01
8.100000e+01,2.839939e+03,-1.000000e+00,5.271897e-01,1.711932e+01,-1.000000e+00,9.425848e+00,-1.000000e+00,-1.500000e+01
8.200000e+01,2.921902e+03,-1.000000e+00,5.272457e-01,1.770474e+01,-1.000000e+00,9.442451e+00,-1.000000e+00,-1.500000e+01
8.300000e+01,3.208714e+03,-1.000000e+00,5.271877e-01,2.416713e+01,-1.000000e+00,9.571920e+00,-1.000000e+00,-1.500000e+01
8.400000e+01,3.017686e+03,-1.000000e+00,5.271497e-01,2.050973e+01,-1.000000e+00,9.496796e+00,-1.000000e+00,-1.500000e+01
8.500000e+01,2.770412e+03,-1.000000e+00,5.271870e-01,2.114074e+01,-1.000000e+00,9.517729e+00,-1.000000e+00,-1.500000e+01
8.600000e+01,3.073615e+03,-1.000000e+00,5.272197e-01,2.546016e+01,-1.000000e+00,9.590555e+00,-1.000000e+00,-1.500000e+01
8.700000e+01,2.672926e+03,-1.000000e+00,5.271980e-01,9.533354e+00,7.745764e-01,9.029410e+00,8.889480e-01,3.317622e+00
8.800000e+01,2.804146e+03,-1.000000e+00,5.271500e-01,2.305046e+01,-1.000000e+00,9.551306e+00,-1.000000e+00,-1.500000e+01
8.900000e+01,3.106766e+03,-1.000000e+00,5.272047e-01,2.383947e+01,-1.000000e+00,9.564266e+00,-1.000000e+00,-1.500000e+01
9.000000e+01,3.033382e+03,-1.000000e+00,5.271383e-01,2.098186e+01,-1.000000e+00,9.519912e+00,-1.000000e+00,-1.500000e+01
9.100000e+01,2.509668e+03,-1.000000e+00,5.272570e-01,1.288808e+01,-1.000000e+00,9.274283e+00,8.672637e-01,-5.663682e+00
9.200000e+01,2.643102e+03,8.859322e-01,5.271553e-01,2.051405e+01,-1.000000e+00,9.508266e+00,-1.000000e+00,-5.570339e+00
9.300000e+01,2.942973e+03,-1.000000e+00,5.272390e-01,1.653922e+01,-1.000000e+00,9.415009e+00,-1.000000e+00,-1.500000e+01
9.400000e+01,2.536797e+03,-1.000000e+00,5.272063e-01,2.020710e+01,-1.000000e+00,9.502429e+00,-1.000000e+00,-1.500000e+01
9.500000e+01,2.555787e+03,8.846405e-01,5.271543e-01,1.037410e+01,7.024904e-01,9.106774e+00,9.184618e-01,1.252796e+01
9.600000e+01,2.577891e+03,9.155709e-01,5.272713e-01,1.587915e+01,-1.000000e+00,9.387263e+00,-1.000000e+00,-5.422145e+00
9.700000e+01,2.691098e+03,-1.000000e+00,5.271857e-01,2.194789e+01,-1.000000e+00,9.529091e+00,-1.000000e+00,-1.500000e+01
9.800000e+01,2.826524e+03,-1.000000e+00,5.271583e-01,2.138160e+01,-1.000000e+00,9.523417e+00,-1.000000e+00,-1.500000e+01
9.900000e+01,2.594197e+03,9.548868e-01,5.271483e-01,1.821704e+01,-1.000000e+00,9.459991e+00,-1.000000e+00,-5.225566e+00
1.000000e+02,3.205327e+03,-1.000000e+00,5.271587e-01,9.950032e+00,7.757726e-01,9.090056e+00,8.975598e-01,3.366662e+00
1.010000e+02,2.563296e+03,8.938035e-01,5.271700e-01,9.561681e+00,7.738556e-01,9.049420e+00,8.880112e-01,1.277835e+01
1.020000e+02,2.568249e+03,9.004895e-01,5.271950e-01,9.859462e+00,7.375896e-01,9.080877e+00,8.997440e-01,1.268912e+01
1.030000e+02,2.639500e+03,8.902687e-01,5.271813e-01,9.054162e+00,7.277675e-01,8.992390e+00,8.766063e-01,1.247321e+01
1.040000e+02,2.638469e+03,8.915533e-01,5.270793e-01,1.432978e+01,-1.000000e+00,9.326134e+00,-1.000000e+00,-5.542234e+00
1.050000e+02,2.606781e+03,9.514110e-01,5.272350e-01,9.055046e+00,7.123832e-01,8.998454e+00,8.815768e-01,1.272686e+01
1.060000e+02,2.567210e+03,8.990364e-01,5.271980e-01,9.309297e+00,7.439444e-01,9.012244e+00,8.850355e-01,1.264008e+01
1.070000e+02,2.620620e+03,9.182280e-01,5.271597e-01,8.864519e+00,7.244433e-01,8.976674e+00,8.711871e-01,1.256929e+01
1.080000e+02,2.588388e+03,9.373565e-01,5.271870e-01,9.202188e+00,7.467566e-01,9.003590e+00,8.830323e-01,1.283573e+01
1.090000e+02,2.589372e+03,9.399062e-01,5.272413e-01,8.712844e+00,7.182315e-01,8.954305e+00,8.645469e-01,1.261342e+01
1.100000e+02,2.637510e+03,8.927679e-01,5.272460e-01,9.241713e+00,7.409482e-01,9.012103e+00,8.835882e-01,1.258652e+01
1.110000e+02,2.633697e+03,8.977919e-01,5.272393e-01,9.209752e+00,7.489397e-01,9.016659e+00,8.809853e-01,1.263859e+01
1.120000e+02,2.598557e+03,9.769840e-01,5.271720e-01,9.843703e+00,7.624545e-01,9.057573e+00,8.989214e-01,1.319180e+01
1.130000e+02,2.609756e+03,9.422783e-01,5.271883e-01,9.273812e+00,7.602483e-01,9.025241e+00,8.799604e-01,1.291244e+01
1.140000e+02,2.591767e+03,9.467244e-01,5.271503e-01,9.382054e+00,7.782519e-01,9.026293e+00,8.837969e-01,1.304387e+01
1.150000e+02,2.604567e+03,9.597737e-01,5.272347e-01,1.040194e+01,7.263133e-01,9.109706e+00,9.074485e-01,1.296768e+01
1.160000e+02,2.601437e+03,9.770272e-01,5.271923e-01,9.184120e+00,7.357026e-01,9.008195e+00,8.826735e-01,1.297702e+01
1.170000e+02,2.605646e+03,9.554749e-01,5.271733e-01,1.028393e+01,7.302738e-01,9.107723e+00,9.074270e-01,1.296588e+01
1.180000e+02,2.563020e+03,8.934473e-01,5.272727e-01,9.868556e+00,7.567470e-01,9.062106e+00,8.995884e-01,1.274891e+01
1.190000e+02,2.602105e+03,9.723339e-01,5.271820e-01,9.179267e+00,7.540567e-01,9.006652e+00,8.839513e-01,1.305171e+01
1.200000e+02,2.573788e+03,9.087550e-01,5.272480e-01,9.032283e+00,7.232962e-01,8.997609e+00,8.783201e-01,1.255186e+01
1.210000e+02,2.598895e+03,9.797997e-01,5.271820e-01,9.303219e+00,7.586989e-01,9.011000e+00,8.857401e-01,1.312119e+01
1.220000e+02,2.578977e+03,9.174985e-01,5.271780e-01,9.651026e+00,7.831563e-01,9.047662e+00,8.915301e-01,1.296092e+01
1.230000e+02,2.590677e+03,9.435010e-01,5.271917e-01,9.280053e+00,7.618026e-01,9.003364e+00,8.814510e-01,1.293377e+01
1.240000e+02,2.587444e+03,9.350230e-01,5.271443e-01,9.481553e+00,7.672893e-01,9.037975e+00,8.918341e-01,1.297073e+01
1.250000e+02,2.557920e+03,8.871398e-01,5.272633e-01,9.342517e+00,7.617968e-01,9.022339e+00,8.848587e-01,1.266898e+01
1.260000e+02,2.610952e+03,9.390543e-01,5.271703e-01,9.274978e+00,7.409073e-01,9.023632e+00,8.858074e-01,1.282885e+01
1.270000e+02,2.590537e+03,9.431029e-01,5.272450e-01,8.979084e+00,7.212333e-01,8.988101e+00,8.756386e-01,1.269987e+01
1.280000e+02,2.611824e+03,9.368226e-01,5.271867e-01,8.527259e+00,6.977897e-01,8.958495e+00,8.678851e-01,1.251249e+01
1.290000e+02,2.602601e+03,9.693422e-01,5.271840e-01,9.375031e+00,7.696815e-01,9.015918e+00,8.849849e-01,1.312004e+01
1.300000e+02,2.631106e+03,9.014052e-01,5.271973e-01,9.489725e+00,7.441448e-01,9.018682e+00,8.838175e-01,1.264684e+01
1.310000e+02,2.631939e+03,9.002245e-01,5.272073e-01,8.848134e+00,7.282114e-01,8.970899e+00,8.712742e-01,1.249855e+01
1.320000e+02,2.598508e+03,9.766042e-01,5.272800e-01,9.480528e+00,7.432787e-01,9.016395e+00,8.796401e-01,1.299761e+01
1.330000e+02,2.591675e+03,9.464440e-01,5.272013e-01,9.507271e+00,7.761197e-01,9.040800e+00,8.939685e-01,1.308266e+01
1.340000e+02,2.563332e+03,8.938492e-01,5.271413e-01,9.610222e+00,7.985711e-01,9.053733e+00,8.870015e-01,1.289711e+01
1.350000e+02,2.606872e+03,9.511045e-01,5.271740e-01,9.416500e+00,7.480665e-01,9.038873e+00,8.819964e-01,1.290584e+01
1.360000e+02,2.562740e+03,8.930872e-01,5.271407e-01,9.185603e+00,7.444886e-01,9.015738e+00,8.818272e-01,1.259701e+01
1.370000e+02,2.576911e+03,9.138796e-01,5.271633e-01,9.879187e+00,7.729756e-01,9.060606e+00,8.993451e-01,1.293100e+01
1.380000e+02,2.593351e+03,9.518653e-01,5.272207e-01,9.845033e+00,7.429647e-01,9.072936e+00,9.017072e-01,1.298269e+01
1.390000e+02,2.637380e+03,8.929343e-01,5.271213e-01,8.970946e+00,7.340174e-01,8.978934e+00,8.741995e-01,1.250576e+01
1.400000e+02,2.656501e+03,-1.000000e+00,5.272057e-01,9.955974e+00,7.211466e-01,9.063183e+00,9.043402e-01,3.127434e+00
1.410000e+02,2.589143e+03,9.393031e-01,5.272740e-01,9.020149e+00,7.370528e-01,8.990153e+00,8.780536e-01,1.277205e+01
1.420000e+02,2.625658e+03,9.096371e-01,5.271783e-01,8.890873e+00,7.234296e-01,8.977384e+00,8.724861e-01,1.252776e+01
1.430000e+02,2.636847e+03,8.936186e-01,5.272460e-01,9.195534e+00,7.474484e-01,8.999382e+00,8.807449e-01,1.260906e+01
1.440000e+02,2.603878e+03,9.628136e-01,5.271803e-01,9.134169e+00,7.534655e-01,9.009951e+00,8.799711e-01,1.298125e+01
1.450000e+02,2.594095e+03,9.545118e-01,5.272603e-01,9.685899e+00,7.326476e-01,9.033275e+00,8.904275e-01,1.288793e+01
1.460000e+02,2.650217e+03,-1.000000e+00,5.272343e-01,9.401573e+00,7.612059e-01,9.026721e+00,8.910594e-01,3.261327e+00
1.470000e+02,2.575179e+03,9.109911e-01,5.271310e-01,8.886587e+00,7.109478e-01,8.988671e+00,8.740727e-01,1.248006e+01
1.480000e+02,2.548594e+03,-1.000000e+00,5.272413e-01,9.093009e+00,7.470031e-01,8.993685e+00,8.787656e-01,3.128843e+00
1.490000e+02,2.598154e+03,9.740451e-01,5.272623e-01,9.549342e+00,7.800111e-01,9.034776e+00,8.935945e-01,1.323825e+01
1.500000e+02,2.655159e+03,-1.000000e+00,5.272303e-01,9.882951e+00,7.760030e-01,9.066100e+00,8.980090e-01,3.370060e+00
1.510000e+02,2.639964e+03,8.896968e-01,5.272490e-01,9.574499e+00,7.988173e-01,9.043461e+00,8.884471e-01,1.288481e+01
1.520000e+02,2.606049e+03,9.539869e-01,5.271247e-01,9.023100e+00,7.354588e-01,8.988872e+00,8.772567e-01,1.283351e+01
1.530000e+02,2.608662e+03,9.454306e-01,5.272467e-01,9.317368e+00,7.431484e-01,9.012953e+00,8.825302e-01,1.285555e+01
1.540000e+02,2.632329e+03,8.996785e-01,5.272040e-01,9.612173e+00,7.863243e-01,9.038626e+00,8.905394e-01,1.288271e+01
1.550000e+02,2.575991e+03,9.123303e-01,5.271673e-01,9.532181e+00,8.001765e-01,9.046279e+00,8.883974e-01,1.300452e+01
1.560000e+02,2.592285e+03,9.483413e-01,5.271357e-01,9.913977e+00,7.311654e-01,9.075446e+00,9.055108e-01,1.292509e+01
1.570000e+02,2.586618e+03,9.330611e-01,5.272180e-01,9.274445e+00,7.344997e-01,8.999126e+00,8.747621e-01,1.271161e+01
1.580000e+02,2.604486e+03,9.601188e-01,5.271973e-01,9.382735e+00,7.781833e-01,9.024590e+00,8.850629e-01,1.311682e+01
1.590000e+02,2.613761e+03,9.321834e-01,5.272070e-01,1.435017e+01,-1.000000e+00,9.323181e+00,-1.000000e+00,-5.339083e+00
1.600000e+02,2.569374e+03,9.020943e-01,5.271860e-01,8.834200e+00,7.149199e-01,8.985099e+00,8.733284e-01,1.245171e+01
1.610000e+02,2.569890e+03,9.028416e-01,5.272720e-01,8.956740e+00,7.369449e-01,8.999599e+00,8.755169e-01,1.257652e+01
1.620000e+02,2.616596e+03,9.260177e-01,5.270710e-01,1.006361e+01,7.468071e-01,9.087234e+00,9.005313e-01,1.286678e+01
1.630000e+02,2.603491e+03,9.646527e-01,5.272007e-01,9.016502e+00,7.228419e-01,8.985700e+00,8.745078e-01,1.281001e+01
1.640000e+02,2.575967e+03,9.122897e-01,5.272340e-01,9.348392e+00,7.865962e-01,9.019870e+00,8.772444e-01,1.288065e+01
1.650000e+02,2.606502e+03,9.523742e-01,5.272197e-01,9.354946e+00,7.585982e-01,9.018933e+00,8.872246e-01,1.299099e+01
1.660000e+02,2.588244e+03,9.369946e-01,5.272410e-01,9.144817e+00,7.389420e-01,9.003856e+00,8.828201e-01,1.279378e+01
1.670000e+02,2.620947e+03,9.176341e-01,5.272207e-01,9.931532e+00,7.700364e-01,9.072411e+00,8.943313e-01,1.291001e+01
1.680000e+02,2.574559e+03,9.099857e-01,5.271897e-01,8.850449e+00,7.126594e-01,8.972194e+00,8.687020e-01,1.245674e+01
1.690000e+02,2.576652e+03,9.134406e-01,5.272183e-01,9.420177e+00,7.439419e-01,9.006083e+00,8.788088e-01,1.268096e+01
1.700000e+02,2.611548e+03,9.375180e-01,5.271960e-01,1.007992e+01,7.426975e-01,9.087833e+00,9.052346e-01,1.292725e+01
1.710000e+02,2.619454e+03,9.203858e-01,5.272147e-01,9.514473e+00,7.715802e-01,9.041414e+00,8.932294e-01,1.292598e+01
1.720000e+02,2.578439e+03,9.165367e-01,5.272467e-01,9.685812e+00,7.419213e-01,9.053542e+00,9.024210e-01,1.280439e+01
1.730000e+02,2.606668e+03,9.517990e-01,5.271813e-01,1.044429e+01,7.095208e-01,9.115986e+00,9.147533e-01,1.288037e+01
1.740000e+02,2.568118e+03,9.003041e-01,5.272483e-01,9.091457e+00,7.396085e-01,8.991717e+00,8.775306e-01,1.258722e+01
1.750000e+02,2.560682e+03,8.904930e-01,5.272030e-01,9.520934e+00,7.835981e-01,9.039862e+00,8.923422e-01,1.283217e+01
1.760000e+02,2.595180e+03,9.587206e-01,5.272373e-01,9.633934e+00,7.748866e-01,9.044560e+00,8.933090e-01,1.313458e+01
1.770000e+02,2.638816e+03,8.911189e-01,5.272347e-01,8.903405e+00,7.169186e-01,8.994313e+00,8.756554e-01,1.241846e+01
1.780000e+02,2.593600e+03,9.527297e-01,5.272103e-01,9.194616e+00,7.655875e-01,9.019235e+00,8.774480e-01,1.297883e+01
1.790000e+02,2.591045e+03,9.445663e-01,5.272750e-01,8.790923e+00,7.124759e-01,8.966771e+00,8.659486e-01,1.261495e+01
1.800000e+02,2.627431e+03,9.068528e-01,5.272313e-01,9.973670e+00,7.586245e-01,9.069347e+00,8.991503e-01,1.282314e+01
1.810000e+02,2.582454e+03,9.240868e-01,5.271683e-01,9.579950e+00,7.500555e-01,9.031763e+00,8.911574e-01,1.282650e+01
1.820000e+02,2.576320e+03,9.128801e-01,5.272307e-01,9.710121e+00,7.597563e-01,9.058764e+00,8.976912e-01,1.285164e+01
1.830000e+02,2.581068e+03,9.213762e-01,5.272007e-01,9.597210e+00,7.783484e-01,9.042501e+00,8.892756e-01,1.294500e+01
1.840000e+02,2.592972e+03,9.505795e-01,5.272117e-01,9.593570e+00,7.665414e-01,9.045015e+00,8.965785e-01,1.306850e+01
1.850000e+02,2.607604e+03,9.486950e-01,5.271577e-01,9.166988e+00,7.344855e-01,9.000502e+00,8.789139e-01,1.281047e+01
1.860000e+02,2.628764e+03,9.048287e-01,5.272360e-01,9.833991e+00,7.315946e-01,9.069108e+00,9.038128e-01,1.270118e+01
1.870000e+02,2.563055e+03,8.934917e-01,5.272007e-01,9.466566e+00,7.821606e-01,9.032168e+00,8.886625e-01,1.282157e+01
1.880000e+02,2.574838e+03,9.104352e-01,5.271857e-01,1.060421e+01,7.031347e-01,9.114635e+00,9.172478e-01,1.265409e+01
1.890000e+02,2.570084e+03,9.031241e-01,5.271367e-01,9.416979e+00,7.622062e-01,9.033336e+00,8.857300e-01,1.275530e+01
1.900000e+02,2.593046e+03,9.508276e-01,5.271923e-01,9.122429e+00,7.371150e-01,9.013945e+00,8.838023e-01,1.285872e+01
1.910000e+02,2.577471e+03,9.148403e-01,5.271203e-01,9.629505e+00,7.564043e-01,9.045713e+00,8.961684e-01,1.283706e+01
1.920000e+02,2.567710e+03,8.997319e-01,5.272587e-01,9.282876e+00,7.727140e-01,9.029335e+00,8.832857e-01,1.277866e+01
1.930000e+02,2.583314e+03,9.258312e-01,5.272127e-01,9.057647e+00,7.349603e-01,8.985638e+00,8.751224e-01,1.267957e+01
1.940000e+02,2.588829e+03,9.384843e-01,5.271993e-01,9.194103e+00,7.587585e-01,9.009749e+00,8.773738e-01,1.287308e+01
1.950000e+02,2.641140e+03,8.882652e-01,5.271617e-01,9.349498e+00,7.589947e-01,9.015133e+00,8.850071e-01,1.266134e+01
1.960000e+02,2.592759e+03,9.498716e-01,5.271937e-01,1.034301e+01,7.346835e-01,9.114206e+00,9.063757e-01,1.295465e+01
1.970000e+02,2.586404e+03,9.325626e-01,5.271933e-01,9.601024e+00,7.806038e-01,9.037054e+00,8.948766e-01,1.304022e+01
1.980000e+02,2.558867e+03,8.882740e-01,5.272547e-01,9.336081e+00,7.449168e-01,9.027107e+00,8.890183e-01,1.261105e+01
1.990000e+02,2.586900e+03,9.337216e-01,5.271197e-01,8.921860e+00,7.315796e-01,8.978637e+00,8.747513e-01,1.270026e+01
2.000000e+02,2.625066e+03,9.105915e-01,5.272340e-01,1.060967e+01,7.069371e-01,9.132967e+00,9.210006e-01,1.269265e+01
2.010000e+02,2.585184e+03,9.298114e-01,5.271993e-01,9.388981e+00,7.671782e-01,9.028962e+00,8.908424e-01,1.293916e+01
2.020000e+02,2.576144e+03,9.125851e-01,5.272783e-01,9.463207e+00,7.862327e-01,9.025155e+00,8.861148e-01,1.292466e+01
2.030000e+02,2.618454e+03,9.222992e-01,5.271710e-01,9.956063e+00,7.210263e-01,9.068318e+00,9.074964e-01,1.275411e+01
2.040000e+02,2.570630e+03,9.039271e-01,5.271387e-01,8.599759e+00,7.040009e-01,8.941017e+00,8.591792e-01,1.233554e+01
2.050000e+02,2.583784e+03,9.268059e-01,5.272370e-01,8.900699e+00,7.278000e-01,8.977639e+00,8.738637e-01,1.264235e+01
2.060000e+02,2.588345e+03,9.372490e-01,5.272233e-01,9.202179e+00,7.360125e-01,9.008166e+00,8.829000e-01,1.278081e+01
2.070000e+02,2.590194e+03,9.421395e-01,5.271860e-01,9.485276e+00,7.574029e-01,9.037145e+00,8.917178e-01,1.295630e+01
2.080000e+02,2.572568e+03,9.068514e-01,5.272120e-01,8.976771e+00,7.220087e-01,8.981655e+00,8.714009e-01,1.250131e+01
2.090000e+02,2.610655e+03,9.398352e-01,5.271910e-01,8.836935e+00,7.074806e-01,8.988839e+00,8.755541e-01,1.261435e+01
2.100000e+02,2.631058e+03,9.014729e-01,5.272133e-01,8.720325e+00,7.151429e-01,8.961419e+00,8.677289e-01,1.242172e+01
2.110000e+02,2.618254e+03,9.226889e-01,5.272113e-01,9.425237e+00,7.949444e-01,9.038588e+00,8.870111e-01,1.302322e+01
2.120000e+02,2.637718e+03,8.925024e-01,5.272597e-01,1.063502e+01,6.950862e-01,9.117330e+00,9.191275e-01,1.253358e+01
2.130000e+02,2.617161e+03,9.248616e-01,5.271787e-01,9.275612e+00,7.645235e-01,9.016440e+00,8.854001e-01,1.287393e+01
2.140000e+02,2.553847e+03,8.824308e-01,5.271797e-01,8.772312e+00,7.164167e-01,8.963915e+00,8.666834e-01,1.232765e+01
2.150000e+02,2.550459e+03,8.787057e-01,5.271627e-01,8.527215e+00,7.013468e-01,8.941273e+00,8.592348e-01,1.219644e+01
2.160000e+02,2.568796e+03,9.012657e-01,5.271753e-01,9.595774e+00,7.664404e-01,9.042811e+00,8.949586e-01,1.281332e+01
2.170000e+02,2.601925e+03,9.735086e-01,5.271240e-01,9.528226e+00,7.600443e-01,9.035475e+00,8.943610e-01,1.313957e+01
2.180000e+02,2.654935e+03,-1.000000e+00,5.271990e-01,9.626104e+00,7.975811e-01,9.058397e+00,8.933776e-01,3.454794e+00
2.190000e+02,2.557357e+03,8.864716e-01,5.271277e-01,9.050240e+00,7.447171e-01,8.989248e+00,8.751584e-01,1.253174e+01
2.200000e+02,2.626746e+03,9.079154e-01,5.272227e-01,8.831066e+00,7.116210e-01,8.978746e+00,8.746211e-01,1.247079e+01
2.210000e+02,2.617481e+03,9.242163e-01,5.271857e-01,9.868060e+00,7.366304e-01,9.061927e+00,9.002298e-01,1.280538e+01
2.220000e+02,2.635953e+03,8.947797e-01,5.271623e-01,1.069637e+01,6.938712e-01,9.126000e+00,9.215789e-01,1.255115e+01
2.230000e+02,2.606392e+03,9.527592e-01,5.271607e-01,9.442931e+00,7.764021e-01,9.043240e+00,8.888899e-01,1.309026e+01
2.240000e+02,2.623864e+03,9.125713e-01,5.272107e-01,9.356487e+00,7.595313e-01,9.015963e+00,8.864911e-01,1.279297e+01
2.250000e+02,2.591153e+03,9.448825e-01,5.271700e-01,9.400685e+00,7.648312e-01,9.017073e+00,8.845865e-01,1.297150e+01
2.260000e+02,2.583888e+03,9.270248e-01,5.272720e-01,8.941863e+00,7.297167e-01,8.986154e+00,8.750055e-01,1.265874e+01
2.270000e+02,2.573453e+03,9.082262e-01,5.271550e-01,9.083704e+00,7.353928e-01,8.992248e+00,8.793865e-01,1.261503e+01
2.280000e+02,2.571455e+03,9.051580e-01,5.271490e-01,8.820794e+00,7.292828e-01,8.964309e+00,8.689730e-01,1.251707e+01
2.290000e+02,2.614563e+03,9.303702e-01,5.272127e-01,9.735676e+00,7.379719e-01,9.057225e+00,9.018632e-01,1.285103e+01
2.300000e+02,2.595255e+03,9.590294e-01,5.271157e-01,1.055801e+01,6.979187e-01,9.118240e+00,9.178773e-01,1.287413e+01
2.310000e+02,2.637848e+03,8.923374e-01,5.272137e-01,1.008007e+01,7.433410e-01,9.082655e+00,9.001454e-01,1.267912e+01
2.320000e+02,2.551437e+03,8.797643e-01,5.272467e-01,1.275227e+01,6.155009e-01,9.251222e+00,8.764895e-01,1.185877e+01
2.330000e+02,2.609600e+03,9.427156e-01,5.272500e-01,9.538589e+00,7.841571e-01,9.037207e+00,8.945704e-01,1.310722e+01
2.340000e+02,2.615426e+03,9.284818e-01,5.271587e-01,8.701855e+00,7.247765e-01,8.967736e+00,8.656996e-01,1.259479e+01
2.350000e+02,2.591598e+03,9.462111e-01,5.271783e-01,9.207347e+00,7.360688e-01,9.014129e+00,8.760027e-01,1.279141e+01
2.360000e+02,2.573801e+03,9.087754e-01,5.272080e-01,9.676335e+00,7.916368e-01,9.049318e+00,8.933404e-01,1.296876e+01
2.370000e+02,2.600554e+03,9.856183e-01,5.272083e-01,9.657233e+00,7.750469e-01,9.054101e+00,8.920050e-01,1.326335e+01
2.380000e+02,2.625360e+03,9.101157e-01,5.272777e-01,9.216540e+00,7.568842e-01,9.004933e+00,8.788135e-01,1.272907e+01
2.390000e+02,2.614279e+03,9.310054e-01,5.271453e-01,9.584614e+00,7.490594e-01,9.032996e+00,8.923755e-01,1.286220e+01
2.400000e+02,2.617236e+03,9.247106e-01,5.271180e-01,9.354796e+00,7.766682e-01,9.022268e+00,8.826331e-01,1.292006e+01
2.410000e+02,2.561117e+03,8.910351e-01,5.272003e-01,8.818421e+00,7.220667e-01,8.973938e+00,8.709933e-01,1.242048e+01
2.420000e+02,2.593792e+03,9.534109e-01,5.271317e-01,9.076089e+00,7.409901e-01,8.997205e+00,8.787243e-01,1.286563e+01
2.430000e+02,2.559380e+03,8.888955e-01,5.272253e-01,9.132169e+00,7.346462e-01,8.998119e+00,8.785460e-01,1.251044e+01
2.440000e+02,2.594593e+03,9.563876e-01,5.271973e-01,9.426209e+00,7.564390e-01,9.022836e+00,8.885541e-01,1.300690e+01
2.450000e+02,2.610693e+03,9.397348e-01,5.271720e-01,9.734611e+00,7.672528e-01,9.065564e+00,8.959490e-01,1.301468e+01
2.460000e+02,2.611777e+03,9.369427e-01,5.271857e-01,8.905783e+00,7.238524e-01,8.972976e+00,8.698547e-01,1.265325e+01
2.470000e+02,2.594797e+03,9.571826e-01,5.272107e-01,8.789600e+00,7.114049e-01,8.966574e+00,8.676552e-01,1.268121e+01
2.480000e+02,2.601915e+03,9.735746e-01,5.272143e-01,9.752544e+00,7.643333e-01,9.065595e+00,8.999532e-01,1.318931e+01
2.490000e+02,2.586136e+03,9.319473e-01,5.271353e-01,9.516981e+00,7.558245e-01,9.040002e+00,8.923334e-01,1.290053e+01
2.500000e+02,2.612568e+03,9.349927e-01,5.271823e-01,8.914511e+00,7.229328e-01,8.971798e+00,8.708550e-01,1.264390e+01
2.510000e+02,2.630786e+03,9.018640e-01,5.271520e-01,9.408415e+00,7.690087e-01,9.048179e+00,8.871241e-01,1.278998e+01
2.520000e+02,2.626005e+03,9.090835e-01,5.272150e-01,9.314240e+00,7.340630e-01,9.008516e+00,8.813785e-01,1.262262e+01
2.530000e+02,2.653833e+03,-1.000000e+00,5.271623e-01,9.636055e+00,7.792893e-01,9.047831e+00,8.905705e-01,3.349299e+00
2.540000e+02,2.596790e+03,9.660566e-01,5.272653e-01,8.720103e+00,7.170380e-01,8.956790e+00,8.654072e-01,1.274251e+01
2.550000e+02,2.573537e+03,9.083596e-01,5.272417e-01,9.319688e+00,7.522260e-01,9.007874e+00,8.840870e-01,1.272336e+01
2.560000e+02,2.571524e+03,9.052608e-01,5.271590e-01,9.814217e+00,7.499185e-01,9.068836e+00,9.013735e-01,1.278276e+01
