# step_count,fitted_elastic_modulus,elastic_modulus_match_degree,average_bond_length,average_persistence_length,persistence_length_match_degree,average_end_to_end_distance,end_to_end_distance_match_degree,reward_value
1.000000e+00,3.033816e+03,-1.000000e+00,5.271760e-01,1.749262e+01,-1.000000e+00,9.428244e+00,-1.000000e+00,-1.500000e+01
2.000000e+00,3.046511e+03,-1.000000e+00,5.272027e-01,1.919180e+01,-1.000000e+00,9.478094e+00,-1.000000e+00,-1.500000e+01
3.000000e+00,3.179200e+03,-1.000000e+00,5.271817e-01,1.902371e+01,-1.000000e+00,9.479869e+00,-1.000000e+00,-1.500000e+01
4.000000e+00,2.839323e+03,-1.000000e+00,5.271720e-01,1.058809e+01,7.116987e-01,9.134520e+00,9.171163e-01,3.144075e+00
5.000000e+00,2.591661e+03,9.464021e-01,5.272237e-01,2.157620e+01,-1.000000e+00,9.530109e+00,-1.000000e+00,-5.267989e+00
6.000000e+00,2.520162e+03,-1.000000e+00,5.271637e-01,9.932789e+00,7.633017e-01,9.074971e+00,8.963999e-01,3.298508e+00
7.000000e+00,3.028360e+03,-1.000000e+00,5.271723e-01,1.422795e+01,-1.000000e+00,9.333782e+00,-1.000000e+00,-1.500000e+01
8.000000e+00,2.626305e+03,9.086074e-01,5.272013e-01,1.770635e+01,-1.000000e+00,9.443725e+00,-1.000000e+00,-5.456963e+00
9.000000e+00,3.161982e+03,-1.000000e+00,5.272143e-01,1.522160e+01,-1.000000e+00,9.359988e+00,-1.000000e+00,-1.500000e+01
1.000000e+01,3.029486e+03,-1.000000e+00,5.272017e-01,2.316739e+01,-1.000000e+00,9.556612e+00,-1.000000e+00,-1.500000e+01
1.100000e+01,3.050312e+03,-1.000000e+00,5.271770e-01,2.201241e+01,-1.000000e+00,9.539332e+00,-1.000000e+00,-1.500000e+01
1.200000e+01,2.458731e+03,-1.000000e+00,5.272857e-01,1.860990e+01,-1.000000e+00,9.465916e+00,-1.000000e+00,-1.500000e+01
1.300000e+01,2.565369e+03,8.965312e-01,5.272177e-01,1.626365e+01,-1.000000e+00,9.398505e+00,-1.000000e+00,-5.517344e+00
1.400000e+01,2.697166e+03,-1.000000e+00,5.272103e-01,1.957951e+01,-1.000000e+00,9.492274e+00,-1.000000e+00,-1.500000e+01
1.500000e+01,2.969428e+03,-1.000000e+00,5.271250e-01,1.566110e+01,-1.000000e+00,9.380968e+00,-1.000000e+00,-1.500000e+01
1.600000e+01,2.753821e+03,-1.000000e+00,5.272497e-01,2.123451e+01,-1.000000e+00,9.515784e+00,-1.000000e+00,-1.500000e+01
1.700000e+01,2.462013e+03,-1.000000e+00,5.271847e-01,1.334127e+01,-1.000000e+00,9.291831e+00,8.603900e-01,-5.698050e+00
1.800000e+01,2.601285e+03,9.782546e-01,5.271910e-01,1.293485e+01,-1.000000e+00,9.269529e+00,8.690655e-01,4.236601e+00
1.900000e+01,2.797871e+03,-1.000000e+00,5.271723e-01,1.672084e+01,-1.000000e+00,9.412447e+00,-1.000000e+00,-1.500000e+01
2.000000e+01,2.789171e+03,-1.000000e+00,5.272083e-01,1.872755e+01,-1.000000e+00,9.469460e+00,-1.000000e+00,-1.500000e+01
2.100000e+01,2.869919e+03,-1.000000e+00,5.271713e-01,1.504547e+01,-1.000000e+00,9.358773e+00,-1.000000e+00,-1.500000e+01
2.200000e+01,2.515583e+03,-1.000000e+00,5.271933e-01,1.460769e+01,-1.000000e+00,9.337351e+00,-1.000000e+00,-1.500000e+01
2.300000e+01,2.811829e+03,-1.000000e+00,5.271753e-01,2.432488e+01,-1.000000e+00,9.572796e+00,-1.000000e+00,-1.500000e+01
2.400000e+01,3.151411e+03,-1.000000e+00,5.272150e-01,1.298030e+01,-1.000000e+00,9.266711e+00,8.690735e-01,-5.654633e+00
2.500000e+01,2.861705e+03,-1.000000e+00,5.270937e-01,2.179830e+01,-1.000000e+00,9.533459e+00,-1.000000e+00,-1.500000e+01
2.600000e+01,3.220097e+03,-1.000000e+00,5.271927e-01,1.640411e+01,-1.000000e+00,9.404202e+00,-1.000000e+00,-1.500000e+01
2.700000e+01,2.551356e+03,8.796767e-01,5.272023e-01,2.373960e+01,-1.000000e+00,9.562731e+00,-1.000000e+00,-5.601617e+00
2.800000e+01,2.855364e+03,-1.000000e+00,5.271420e-01,2.351919e+01,-1.000000e+00,9.553246e+00,-1.000000e+00,-1.500000e+01
2.900000e+01,2.558164e+03,8.874299e-01,5.272297e-01,1.772926e+01,-1.000000e+00,9.449164e+00,-1.000000e+00,-5.562851e+00
3.000000e+01,2.903217e+03,-1.000000e+00,5.271830e-01,1.452240e+01,-1.000000e+00,9.328160e+00,-1.000000e+00,-1.500000e+01
3.100000e+01,2.678294e+03,-1.000000e+00,5.271940e-01,1.564598e+01,-1.000000e+00,9.384404e+00,-1.000000e+00,-1.500000e+01
3.200000e+01,2.852536e+03,-1.000000e+00,5.271680e-01,1.723551e+01,-1.000000e+00,9.427286e+00,-1.000000e+00,-1.500000e+01
3.300000e+01,2.454273e+03,-1.000000e+00,5.272393e-01,2.095114e+01,-1.000000e+00,9.524652e+00,-1.000000e+00,-1.500000e+01
3.400000e+01,2.690036e+03,-1.000000e+00,5.271190e-01,2.443332e+01,-1.000000e+00,9.580634e+00,-1.000000e+00,-1.500000e+01
3.500000e+01,2.713278e+03,-1.000000e+00,5.271373e-01,2.231106e+01,-1.000000e+00,9.536331e+00,-1.000000e+00,-1.500000e+01
3.600000e+01,2.926590e+03,-1.000000e+00,5.271043e-01,1.856037e+01,-1.000000e+00,9.465476e+00,-1.000000e+00,-1.500000e+01
3.700000e+01,2.549713e+03,-1.000000e+00,5.271287e-01,1.961816e+01,-1.000000e+00,9.492946e+00,-1.000000e+00,-1.500000e+01
3.800000e+01,2.835031e+03,-1.000000e+00,5.272053e-01,1.631892e+01,-1.000000e+00,9.394779e+00,-1.000000e+00,-1.500000e+01
3.900000e+01,2.742007e+03,-1.000000e+00,5.271240e-01,2.106601e+01,-1.000000e+00,9.507322e+00,-1.000000e+00,-1.500000e+01
4.000000e+01,2.968278e+03,-1.000000e+00,5.271847e-01,1.674827e+01,-1.000000e+00,9.417070e+00,-1.000000e+00,-1.500000e+01
4.100000e+01,2.638366e+03,8.916834e-01,5.271597e-01,1.978661e+01,-1.000000e+00,9.491260e+00,-1.000000e+00,-5.541583e+00
4.200000e+01,2.620005e+03,9.193569e-01,5.271747e-01,2.464962e+01,-1.000000e+00,9.574306e+00,-1.000000e+00,-5.403215e+00
4.300000e+01,3.100751e+03,-1.000000e+00,5.270703e-01,1.618105e+01,-1.000000e+00,9.393396e+00,-1.000000e+00,-1.500000e+01
4.400000e+01,2.548666e+03,-1.000000e+00,5.272057e-01,9.247136e+00,7.570296e-01,9.022749e+00,8.831349e-01,3.200823e+00
4.500000e+01,3.050798e+03,-1.000000e+00,5.271910e-01,2.164904e+01,-1.000000e+00,9.533693e+00,-1.000000e+00,-1.500000e+01
4.600000e+01,3.072967e+03,-1.000000e+00,5.272193e-01,1.934080e+01,-1.000000e+00,9.483274e+00,-1.000000e+00,-1.500000e+01
4.700000e+01,3.089172e+03,-1.000000e+00,5.271497e-01,1.176443e+01,6.408744e-01,9.205019e+00,8.949877e-01,2.679311e+00
4.800000e+01,3.086516e+03,-1.000000e+00,5.271813e-01,1.351311e+01,-1.000000e+00,9.297019e+00,8.595010e-01,-5.702495e+00
4.900000e+01,2.609531e+03,9.429111e-01,5.271447e-01,2.125539e+01,-1.000000e+00,9.520275e+00,-1.000000e+00,-5.285444e+00
5.000000e+01,3.075230e+03,-1.000000e+00,5.272043e-01,2.520515e+01,-1.000000e+00,9.590402e+00,-1.000000e+00,-1.500000e+01
5.100000e+01,3.073612e+03,-1.000000e+00,5.272047e-01,1.929812e+01,-1.000000e+00,9.479344e+00,-1.000000e+00,-1.500000e+01
5.200000e+01,3.145168e+03,-1.000000e+00,5.271997e-01,2.335380e+01,-1.000000e+00,9.559996e+00,-1.000000e+00,-1.500000e+01
5.300000e+01,2.576362e+03,9.129509e-01,5.272397e-01,1.585718e+01,-1.000000e+00,9.389729e+00,-1.000000e+00,-5.435245e+00
5.400000e+01,2.677502e+03,-1.000000e+00,5.270857e-01,1.599794e+01,-1.000000e+00,9.384422e+00,-1.000000e+00,-1.500000e+01
5.500000e+01,3.223867e+03,-1.000000e+00,5.271640e-01,2.264204e+01,-1.000000e+00,9.552976e+00,-1.000000e+00,-1.500000e+01
5.600000e+01,2.441264e+03,-1.000000e+00,5.272010e-01,1.767115e+01,-1.000000e+00,9.435201e+00,-1.000000e+00,-1.500000e+01
5.700000e+01,2.910485e+03,-1.000000e+00,5.272407e-01,1.499409e+01,-1.000000e+00,9.357260e+00,-1.000000e+00,-1.500000e+01
5.800000e+01,2.773800e+03,-1.000000e+00,5.271993e-01,1.510371e+01,-1.000000e+00,9.360659e+00,-1.000000e+00,-1.500000e+01
5.900000e+01,2.908529e+03,-1.000000e+00,5.271327e-01,1.027596e+01,7.095737e-01,9.109902e+00,9.197815e-01,3.146776e+00
6.000000e+01,2.861801e+03,-1.000000e+00,5.271883e-01,9.313026e+00,7.668511e-01,9.016267e+00,8.868103e-01,3.268307e+00
6.100000e+01,3.002134e+03,-1.000000e+00,5.272060e-01,2.074561e+01,-1.000000e+00,9.510617e+00,-1.000000e+00,-1.500000e+01
6.200000e+01,2.809369e+03,-1.000000e+00,5.271753e-01,1.977597e+01,-1.000000e+00,9.495764e+00,-1.000000e+00,-1.500000e+01
6.300000e+01,2.511126e+03,-1.000000e+00,5.271880e-01,1.016653e+01,7.413794e-01,9.100750e+00,9.022172e-01,3.217983e+00
6.400000e+01,2.736282e+03,-1.000000e+00,5.270923e-01,1.994211e+01,-1.000000e+00,9.492984e+00,-1.000000e+00,-1.500000e+01
6.500000e+01,2.783907e+03,-1.000000e+00,5.272180e-01,1.091650e+01,6.852314e-01,9.147969e+00,9.302855e-01,3.077585e+00
6.600000e+01,3.079654e+03,-1.000000e+00,5.272513e-01,1.913033e+01,-1.000000e+00,9.488130e+00,-1.000000e+00,-1.500000e+01
6.700000e+01,3.116562e+03,-1.000000e+00,5.272307e-01,1.911169e+01,-1.000000e+00,9.481870e+00,-1.000000e+00,-1.500000e+01
6.800000e+01,2.945860e+03,-1.000000e+00,5.272047e-01,2.203482e+01,-1.000000e+00,9.529915e+00,-1.000000e+00,-1.500000e+01
6.900000e+01,3.046779e+03,-1.000000e+00,5.271367e-01,2.339303e+01,-1.000000e+00,9.555303e+00,-1.000000e+00,-1.500000e+01
7.000000e+01,2.764404e+03,-1.000000e+00,5.271950e-01,2.168025e+01,-1.000000e+00,9.531060e+00,-1.000000e+00,-1.500000e+01
7.100000e+01,2.611553e+03,9.375062e-01,5.272020e-01,2.107506e+01,-1.000000e+00,9.517332e+00,-1.000000e+00,-5.312469e+00
7.200000e+01,2.491623e+03,-1.000000e+00,5.271963e-01,1.703013e+01,-1.000000e+00,9.424086e+00,-1.000000e+00,-1.500000e+01
7.300000e+01,3.139581e+03,-1.000000e+00,5.272090e-01,1.879575e+01,-1.000000e+00,9.467115e+00,-1.000000e+00,-1.500000e+01
7.400000e+01,3.144265e+03,-1.000000e+00,5.271583e-01,1.184516e+01,6.561606e-01,9.204703e+00,8.947229e-01,2.754417e+00
7.500000e+01,2.747842e+03,-1.000000e+00,5.271360e-01,2.132614e+01,-1.000000e+00,9.527248e+00,-1.000000e+00,-1.500000e+01
7.600000e+01,3.095255e+03,-1.000000e+00,5.271807e-01,1.305739e+01,-1.000000e+00,9.278547e+00,8.672947e-01,-5.663526e+00
7.700000e+01,2.967958e+03,-1.000000e+00,5.271513e-01,1.986986e+01,-1.000000e+00,9.496367e+00,-1.000000e+00,-1.500000e+01
7.800000e+01,2.754691e+03,-1.000000e+00,5.271700e-01,1.562068e+01,-1.000000e+00,9.371301e+00,-1.000000e+00,-1.500000e+01
7.900000e+01,2.540290e+03,-1.000000e+00,5.272413e-01,1.862136e+01,-1.000000e+00,9.465580e+00,-1.000000e+00,-1.500000e+01
8.000000e+01,3.062576e+03,-1.000000e+00,5.272690e-01,1.726945e+01,-1.000000e+00,9.433242e+00,-1.000000e+00,-1.500000e+01
8.100000e+01,2.884765e+03,-1.000000e+00,5.271383e-01,1.671671e+01,-1.000000e+00,9.419860e+00,-1.000000e+00,-1.500000e+01
8.200000e+01,2.734799e+03,-1.000000e+00,5.272057e-01,2.389007e+01,-1.000000e+00,9.568366e+00,-1.000000e+00,-1.500000e+01
8.300000e+01,2.819501e+03,-1.000000e+00,5.271430e-01,2.149444e+01,-1.000000e+00,9.520276e+00,-1.000000e+00,-1.500000e+01
8.400000e+01,2.909398e+03,-1.000000e+00,5.271530e-01,1.302813e+01,-1.000000e+00,9.268592e+00,8.712283e-01,-5.643859e+00
8.500000e+01,2.925503e+03,-1.000000e+00,5.271887e-01,1.726520e+01,-1.000000e+00,9.430611e+00,-1.000000e+00,-1.500000e+01
8.600000e+01,2.438195e+03,-1.000000e+00,5.272127e-01,2.264006e+01,-1.000000e+00,9.545261e+00,-1.000000e+00,-1.500000e+01
8.700000e+01,2.627879e+03,9.061657e-01,5.271747e-01,1.611081e+01,-1.000000e+00,9.399545e+00,-1.000000e+00,-5.469172e+00
8.800000e+01,2.829349e+03,-1.000000e+00,5.271343e-01,2.220434e+01,-1.000000e+00,9.538101e+00,-1.000000e+00,-1.500000e+01
8.900000e+01,2.523440e+03,-1.000000e+00,5.272283e-01,1.561479e+01,-1.000000e+00,9.375122e+00,-1.000000e+00,-1.500000e+01
9.000000e+01,3.112886e+03,-1.000000e+00,5.271780e-01,2.241340e+01,-1.000000e+00,9.532419e+00,-1.000000e+00,-1.500000e+01
9.100000e+01,3.098943e+03,-1.000000e+00,5.271947e-01,1.394362e+01,-1.000000e+00,9.321028e+00,-1.000000e+00,-1.500000e+01
9.200000e+01,2.779140e+03,-1.000000e+00,5.271517e-01,2.256662e+01,-1.000000e+00,9.546254e+00,-1.000000e+00,-1.500000e+01
9.300000e+01,2.527861e+03,-1.000000e+00,5.272000e-01,2.342588e+01,-1.000000e+00,9.561609e+00,-1.000000e+00,-1.500000e+01
9.400000e+01,3.231342e+03,-1.000000e+00,5.271713e-01,1.593927e+01,-1.000000e+00,9.390866e+00,-1.000000e+00,-1.500000e+01
9.500000e+01,2.749421e+03,-1.000000e+00,5.272137e-01,1.656288e+01,-1.000000e+00,9.406126e+00,-1.000000e+00,-1.500000e+01
9.600000e+01,3.120728e+03,-1.000000e+00,5.271270e-01,1.823111e+01,-1.000000e+00,9.448690e+00,-1.000000e+00,-1.500000e+01
9.700000e+01,2.807922e+03,-1.000000e+00,5.271617e-01,9.587705e+00,7.774473e-01,9.040675e+00,8.920317e-01,3.347395e+00
9.800000e+01,2.862488e+03,-1.000000e+00,5.271787e-01,2.177415e+01,-1.000000e+00,9.530545e+00,-1.000000e+00,-1.500000e+01
9.900000e+01,2.958966e+03,-1.000000e+00,5.271780e-01,2.317752e+01,-1.000000e+00,9.554075e+00,-1.000000e+00,-1.500000e+01
1.000000e+02,3.044568e+03,-1.000000e+00,5.272013e-01,1.909220e+01,-1.000000e+00,9.473744e+00,-1.000000e+00,-1.500000e+01
1.010000e+02,2.602516e+03,9.698279e-01,5.271687e-01,1.068462e+01,7.228261e-01,9.140505e+00,9.102364e-01,1.301445e+01
1.020000e+02,2.755266e+03,-1.000000e+00,5.271410e-01,1.157062e+01,6.483768e-01,9.189720e+00,9.094340e-01,2.789054e+00
1.030000e+02,2.465740e+03,-1.000000e+00,5.271227e-01,9.571463e+00,7.615287e-01,9.052436e+00,8.954181e-01,3.284734e+00
1.040000e+02,2.471721e+03,-1.000000e+00,5.270920e-01,9.615404e+00,7.716804e-01,9.046026e+00,8.873402e-01,3.295103e+00
1.050000e+02,2.623671e+03,9.128948e-01,5.271740e-01,1.048829e+01,6.961878e-01,9.126763e+00,9.205042e-01,1.264793e+01
1.060000e+02,2.550515e+03,8.787665e-01,5.272063e-01,9.451950e+00,7.808244e-01,9.028559e+00,8.842273e-01,1.271909e+01
1.070000e+02,2.529067e+03,-1.000000e+00,5.272373e-01,9.132978e+00,7.339021e-01,8.994898e+00,8.758492e-01,3.048757e+00
1.080000e+02,2.600535e+03,9.858565e-01,5.272353e-01,1.109459e+01,6.671554e-01,9.170787e+00,9.180841e-01,1.285548e+01
1.090000e+02,2.647708e+03,8.807005e-01,5.272297e-01,9.888988e+00,7.846250e-01,9.075461e+00,8.951346e-01,1.280230e+01
1.100000e+02,2.480887e+03,-1.000000e+00,5.271760e-01,9.215137e+00,7.438785e-01,8.998907e+00,8.781660e-01,3.110222e+00
1.110000e+02,2.753610e+03,-1.000000e+00,5.271927e-01,1.192130e+01,6.371746e-01,9.221884e+00,8.883151e-01,2.627449e+00
1.120000e+02,2.461947e+03,-1.000000e+00,5.272500e-01,9.889732e+00,7.551709e-01,9.069158e+00,8.997463e-01,3.274586e+00
1.130000e+02,2.582843e+03,9.248692e-01,5.271547e-01,9.233941e+00,7.589700e-01,9.001528e+00,8.819622e-01,1.282901e+01
1.140000e+02,2.654734e+03,-1.000000e+00,5.272010e-01,8.905660e+00,7.323262e-01,8.982642e+00,8.732966e-01,3.028114e+00
1.150000e+02,2.764868e+03,-1.000000e+00,5.271687e-01,1.027588e+01,7.093766e-01,9.090785e+00,9.081812e-01,3.087789e+00
1.160000e+02,2.818847e+03,-1.000000e+00,5.271920e-01,9.622202e+00,8.519324e-01,9.051873e+00,8.832532e-01,3.675928e+00
1.170000e+02,2.490748e+03,-1.000000e+00,5.272130e-01,8.832856e+00,7.218093e-01,8.968279e+00,8.687072e-01,2.952582e+00
1.180000e+02,2.510338e+03,-1.000000e+00,5.271637e-01,9.411954e+00,7.501002e-01,9.029008e+00,8.879908e-01,3.190455e+00
1.190000e+02,2.470914e+03,-1.000000e+00,5.271893e-01,8.596845e+00,7.040293e-01,8.947177e+00,8.602477e-01,2.821385e+00
1.200000e+02,2.547519e+03,-1.000000e+00,5.271570e-01,9.613755e+00,7.728070e-01,9.053563e+00,8.872210e-01,3.300140e+00
1.210000e+02,3.018409e+03,-1.000000e+00,5.271647e-01,9.238486e+00,7.506236e-01,9.012617e+00,8.861317e-01,3.183777e+00
1.220000e+02,2.732931e+03,-1.000000e+00,5.271847e-01,9.017922e+00,7.365630e-01,8.993753e+00,8.794710e-01,3.080170e+00
1.230000e+02,2.505524e+03,-1.000000e+00,5.272577e-01,9.518479e+00,7.702158e-01,9.026710e+00,8.908158e-01,3.305158e+00
1.240000e+02,2.454788e+03,-1.000000e+00,5.272170e-01,9.094849e+00,7.435198e-01,8.993133e+00,8.757033e-01,3.096115e+00
1.250000e+02,3.006924e+03,-1.000000e+00,5.271810e-01,9.475262e+00,7.654041e-01,9.036711e+00,8.910358e-01,3.282200e+00
1.260000e+02,2.534964e+03,-1.000000e+00,5.272073e-01,9.008007e+00,7.598090e-01,8.995989e+00,8.683709e-01,3.140899e+00
1.270000e+02,2.491092e+03,-1.000000e+00,5.271690e-01,9.464656e+00,7.535451e-01,9.025323e+00,8.893474e-01,3.214462e+00
1.280000e+02,2.504419e+03,-1.000000e+00,5.271473e-01,9.334113e+00,7.556367e-01,9.015564e+00,8.858890e-01,3.207628e+00
1.290000e+02,2.456913e+03,-1.000000e+00,5.271303e-01,9.066989e+00,7.215199e-01,8.983562e+00,8.711026e-01,2.963112e+00
1.300000e+02,2.452965e+03,-1.000000e+00,5.272413e-01,9.107344e+00,7.239213e-01,9.000602e+00,8.817807e-01,3.028510e+00
1.310000e+02,2.469982e+03,-1.000000e+00,5.271600e-01,9.535125e+00,7.729206e-01,9.049158e+00,8.904629e-01,3.316918e+00
1.320000e+02,2.688427e+03,-1.000000e+00,5.271900e-01,1.148651e+01,6.611218e-01,9.187322e+00,9.090067e-01,2.850643e+00
1.330000e+02,2.536280e+03,-1.000000e+00,5.271867e-01,9.727336e+00,7.520119e-01,9.049097e+00,8.993907e-01,3.257013e+00
1.340000e+02,2.652640e+03,-1.000000e+00,5.271563e-01,1.013926e+01,7.214640e-01,9.078678e+00,9.043183e-01,3.128912e+00
1.350000e+02,2.557877e+03,8.870885e-01,5.272313e-01,9.535175e+00,7.730540e-01,9.034933e+00,8.940137e-01,1.277078e+01
1.360000e+02,2.832580e+03,-1.000000e+00,5.270823e-01,1.104657e+01,6.725547e-01,9.151863e+00,9.247728e-01,2.986637e+00
1.370000e+02,2.451772e+03,-1.000000e+00,5.272007e-01,9.479998e+00,7.695986e-01,9.033548e+00,8.930100e-01,3.313043e+00
1.380000e+02,2.707751e+03,-1.000000e+00,5.271477e-01,9.547818e+00,7.850513e-01,9.042191e+00,8.914889e-01,3.382701e+00
1.390000e+02,2.468222e+03,-1.000000e+00,5.271770e-01,8.907693e+00,7.143454e-01,8.977657e+00,8.729212e-01,2.936333e+00
1.400000e+02,2.676111e+03,-1.000000e+00,5.272013e-01,9.722310e+00,7.536052e-01,9.053209e+00,8.939023e-01,3.237537e+00
1.410000e+02,2.542420e+03,-1.000000e+00,5.272403e-01,9.419023e+00,7.826096e-01,9.030361e+00,8.862949e-01,3.344522e+00
1.420000e+02,2.498187e+03,-1.000000e+00,5.272643e-01,9.387815e+00,7.599215e-01,9.027716e+00,8.841437e-01,3.220326e+00
1.430000e+02,2.570314e+03,9.034612e-01,5.272113e-01,9.316816e+00,7.505612e-01,9.027754e+00,8.845720e-01,1.269297e+01
1.440000e+02,2.469309e+03,-1.000000e+00,5.271827e-01,1.079711e+01,6.972605e-01,9.127789e+00,9.263792e-01,3.118199e+00
1.450000e+02,2.836340e+03,-1.000000e+00,5.272010e-01,8.792052e+00,7.181314e-01,8.962817e+00,8.684696e-01,2.933005e+00
1.460000e+02,2.695896e+03,-1.000000e+00,5.271763e-01,9.289776e+00,7.499867e-01,9.021412e+00,8.844353e-01,3.172110e+00
1.470000e+02,2.570225e+03,9.033320e-01,5.272063e-01,1.255766e+01,6.120898e-01,9.243567e+00,8.785613e-01,1.196992e+01
1.480000e+02,2.687028e+03,-1.000000e+00,5.272370e-01,8.813018e+00,7.264149e-01,8.979758e+00,8.716643e-01,2.990396e+00
1.490000e+02,2.728632e+03,-1.000000e+00,5.272340e-01,1.002152e+01,7.291499e-01,9.067780e+00,9.039446e-01,3.165473e+00
1.500000e+02,2.465226e+03,-1.000000e+00,5.272400e-01,9.924709e+00,7.588103e-01,9.069899e+00,8.980074e-01,3.284089e+00
1.510000e+02,2.531062e+03,-1.000000e+00,5.272090e-01,9.537768e+00,7.774927e-01,9.036956e+00,8.907349e-01,3.341138e+00
1.520000e+02,2.505228e+03,-1.000000e+00,5.272050e-01,9.449115e+00,7.805122e-01,9.052788e+00,8.819669e-01,3.312395e+00
1.530000e+02,2.507592e+03,-1.000000e+00,5.272240e-01,1.057548e+01,7.110218e-01,9.127340e+00,9.143523e-01,3.126870e+00
1.540000e+02,2.483704e+03,-1.000000e+00,5.271560e-01,9.669277e+00,7.462363e-01,9.048676e+00,8.998524e-01,3.230444e+00
1.550000e+02,2.467602e+03,-1.000000e+00,5.272343e-01,9.547556e+00,7.532644e-01,9.045338e+00,8.920036e-01,3.226340e+00
1.560000e+02,2.497160e+03,-1.000000e+00,5.271877e-01,9.806596e+00,7.513736e-01,9.066684e+00,8.984657e-01,3.249196e+00
1.570000e+02,2.483641e+03,-1.000000e+00,5.272390e-01,9.823288e+00,7.719077e-01,9.052519e+00,8.944645e-01,3.331861e+00
1.580000e+02,2.624343e+03,9.117762e-01,5.271807e-01,9.763779e+00,7.736189e-01,9.059356e+00,8.913927e-01,1.288394e+01
1.590000e+02,2.463759e+03,-1.000000e+00,5.272423e-01,9.574714e+00,7.660988e-01,9.049806e+00,8.967724e-01,3.314356e+00
1.600000e+02,2.574035e+03,9.091460e-01,5.271500e-01,1.040454e+01,7.069736e-01,9.113257e+00,9.150766e-01,1.265598e+01
1.610000e+02,2.589123e+03,9.392484e-01,5.272643e-01,9.205451e+00,7.449426e-01,9.029275e+00,8.807082e-01,1.282450e+01
1.620000e+02,2.783595e+03,-1.000000e+00,5.271310e-01,8.657730e+00,7.047783e-01,8.950644e+00,8.607089e-01,2.827436e+00
1.630000e+02,2.554608e+03,8.832900e-01,5.272147e-01,9.184617e+00,7.407235e-01,9.001890e+00,8.815010e-01,1.252757e+01
1.640000e+02,2.487363e+03,-1.000000e+00,5.271870e-01,9.397369e+00,7.668278e-01,9.027657e+00,8.917384e-01,3.292831e+00
1.650000e+02,2.544419e+03,-1.000000e+00,5.271803e-01,8.994210e+00,7.413029e-01,8.998734e+00,8.759812e-01,3.086420e+00
1.660000e+02,2.628121e+03,9.057978e-01,5.271597e-01,9.407826e+00,7.489728e-01,9.033279e+00,8.938005e-01,1.274286e+01
1.670000e+02,2.510343e+03,-1.000000e+00,5.271310e-01,9.682149e+00,7.461436e-01,9.055551e+00,9.028477e-01,3.244956e+00
1.680000e+02,2.643529e+03,8.854327e-01,5.272167e-01,1.011375e+01,7.357475e-01,9.089697e+00,9.050028e-01,1.263092e+01
1.690000e+02,2.497684e+03,-1.000000e+00,5.271827e-01,9.496206e+00,7.682257e-01,9.022712e+00,8.894761e-01,3.288509e+00
1.700000e+02,2.629150e+03,9.042540e-01,5.272527e-01,9.442950e+00,7.545040e-01,9.038579e+00,8.899033e-01,1.274331e+01
1.710000e+02,2.531459e+03,-1.000000e+00,5.272127e-01,9.468019e+00,7.572729e-01,9.023597e+00,8.886320e-01,3.229524e+00
1.720000e+02,2.493103e+03,-1.000000e+00,5.272033e-01,9.431951e+00,7.414698e-01,9.036229e+00,8.886429e-01,3.150563e+00
1.730000e+02,2.462875e+03,-1.000000e+00,5.271510e-01,9.593648e+00,8.000016e-01,9.045197e+00,8.887137e-01,3.443576e+00
1.740000e+02,2.459463e+03,-1.000000e+00,5.271723e-01,9.645305e+00,7.674721e-01,9.058566e+00,8.890079e-01,3.282400e+00
1.750000e+02,2.567414e+03,8.993198e-01,5.272517e-01,9.169082e+00,7.493032e-01,8.999663e+00,8.816748e-01,1.265149e+01
1.760000e+02,2.584452e+03,9.282197e-01,5.272043e-01,9.541029e+00,7.960338e-01,9.039003e+00,8.899752e-01,1.307114e+01
1.770000e+02,2.556712e+03,8.857147e-01,5.272580e-01,9.761811e+00,8.173792e-01,9.069026e+00,8.903094e-01,1.296702e+01
1.780000e+02,2.638794e+03,8.911464e-01,5.272373e-01,9.006117e+00,7.259595e-01,8.986608e+00,8.767109e-01,1.246908e+01
1.790000e+02,2.707800e+03,-1.000000e+00,5.271863e-01,8.816078e+00,7.069289e-01,8.980486e+00,8.756330e-01,2.912810e+00
1.800000e+02,2.848655e+03,-1.000000e+00,5.271383e-01,1.060594e+01,7.052755e-01,9.126780e+00,9.201308e-01,3.127032e+00
1.810000e+02,2.460164e+03,-1.000000e+00,5.272470e-01,9.323763e+00,7.417264e-01,9.008413e+00,8.804734e-01,3.110999e+00
1.820000e+02,2.465116e+03,-1.000000e+00,5.271327e-01,9.759116e+00,7.605881e-01,9.054708e+00,8.927972e-01,3.266926e+00
1.830000e+02,2.549441e+03,-1.000000e+00,5.271810e-01,9.374478e+00,7.513898e-01,9.030974e+00,8.860975e-01,3.187436e+00
1.840000e+02,2.457145e+03,-1.000000e+00,5.272363e-01,9.525808e+00,7.651214e-01,9.028486e+00,8.912615e-01,3.281914e+00
1.850000e+02,2.675684e+03,-1.000000e+00,5.271613e-01,9.535959e+00,7.539673e-01,9.030236e+00,8.913349e-01,3.226511e+00
1.860000e+02,2.686388e+03,-1.000000e+00,5.271273e-01,9.568671e+00,7.876178e-01,9.042129e+00,8.910449e-01,3.393313e+00
1.870000e+02,2.527465e+03,-1.000000e+00,5.272180e-01,1.208049e+01,6.346498e-01,9.214822e+00,8.917790e-01,2.632144e+00
1.880000e+02,2.839616e+03,-1.000000e+00,5.272173e-01,9.223167e+00,7.379575e-01,9.012215e+00,8.838525e-01,3.109050e+00
1.890000e+02,2.671072e+03,-1.000000e+00,5.271950e-01,8.994496e+00,7.277607e-01,8.989925e+00,8.732180e-01,3.004893e+00
1.900000e+02,2.920942e+03,-1.000000e+00,5.272053e-01,8.982320e+00,7.248107e-01,8.984832e+00,8.725867e-01,2.986987e+00
1.910000e+02,2.564465e+03,8.953293e-01,5.271890e-01,8.732643e+00,7.159940e-01,8.977724e+00,8.685620e-01,1.239943e+01
1.920000e+02,2.485927e+03,-1.000000e+00,5.272130e-01,1.032325e+01,7.605295e-01,9.101661e+00,8.998108e-01,3.301702e+00
1.930000e+02,2.591427e+03,9.456949e-01,5.271817e-01,9.191150e+00,7.448279e-01,9.006688e+00,8.795368e-01,1.285030e+01
1.940000e+02,2.809457e+03,-1.000000e+00,5.271827e-01,9.354668e+00,7.645170e-01,9.025113e+00,8.843135e-01,3.244152e+00
1.950000e+02,2.530652e+03,-1.000000e+00,5.271553e-01,9.111496e+00,7.463869e-01,8.991088e+00,8.785137e-01,3.124503e+00
1.960000e+02,2.527074e+03,-1.000000e+00,5.271870e-01,8.785480e+00,7.201869e-01,8.971794e+00,8.696075e-01,2.948972e+00
1.970000e+02,2.672869e+03,-1.000000e+00,5.272377e-01,1.047257e+01,7.122290e-01,9.120560e+00,9.144693e-01,3.133492e+00
1.980000e+02,2.474651e+03,-1.000000e+00,5.271880e-01,9.344762e+00,7.600653e-01,9.026941e+00,8.891209e-01,3.245931e+00
1.990000e+02,2.534440e+03,-1.000000e+00,5.271927e-01,9.029244e+00,7.315056e-01,8.995786e+00,8.789219e-01,3.052138e+00
2.000000e+02,2.465882e+03,-1.000000e+00,5.271813e-01,1.019152e+01,7.430264e-01,9.099567e+00,9.008301e-01,3.219283e+00
2.010000e+02,2.758029e+03,-1.000000e+00,5.271520e-01,9.704051e+00,7.692665e-01,9.055980e+00,8.973203e-01,3.332934e+00
2.020000e+02,2.514711e+03,-1.000000e+00,5.271510e-01,9.299656e+00,7.589460e-01,9.029454e+00,8.838029e-01,3.213744e+00
2.030000e+02,2.510101e+03,-1.000000e+00,5.271843e-01,9.429231e+00,7.796134e-01,9.032609e+00,8.856115e-01,3.326124e+00
2.040000e+02,2.648375e+03,8.799701e-01,5.272760e-01,9.292946e+00,7.497366e-01,9.019161e+00,8.883699e-01,1.259038e+01
2.050000e+02,2.548888e+03,-1.000000e+00,5.271960e-01,9.176303e+00,7.326405e-01,9.006397e+00,8.802770e-01,3.064588e+00
2.060000e+02,2.691752e+03,-1.000000e+00,5.272163e-01,9.324402e+00,7.428868e-01,9.028226e+00,8.897881e-01,3.163374e+00
2.070000e+02,2.568615e+03,9.010067e-01,5.271787e-01,9.454452e+00,7.502824e-01,9.028686e+00,8.906720e-01,1.270981e+01
2.080000e+02,2.495330e+03,-1.000000e+00,5.272307e-01,9.331418e+00,7.470589e-01,9.016847e+00,8.850369e-01,3.160479e+00
2.090000e+02,2.601469e+03,9.767786e-01,5.271667e-01,8.611236e+00,6.869362e-01,8.932455e+00,-1.000000e+00,3.318574e+00
2.100000e+02,2.569614e+03,9.024402e-01,5.271800e-01,8.947778e+00,7.490062e-01,8.992986e+00,8.751598e-01,1.263303e+01
2.110000e+02,2.521468e+03,-1.000000e+00,5.272150e-01,1.094942e+01,6.792794e-01,9.150476e+00,9.268350e-01,3.030572e+00
2.120000e+02,2.596847e+03,9.663474e-01,5.272100e-01,9.470541e+00,7.827332e-01,9.038748e+00,8.890762e-01,1.319078e+01
2.130000e+02,2.594012e+03,9.542061e-01,5.271700e-01,1.034887e+01,6.989639e-01,9.098961e+00,9.153297e-01,1.284250e+01
2.140000e+02,2.465116e+03,-1.000000e+00,5.271917e-01,9.962086e+00,7.537038e-01,9.073460e+00,8.973048e-01,3.255043e+00
2.150000e+02,2.606786e+03,9.513941e-01,5.271937e-01,9.897844e+00,7.390084e-01,9.065573e+00,9.009697e-01,1.295686e+01
2.160000e+02,2.686663e+03,-1.000000e+00,5.271943e-01,9.944743e+00,7.552992e-01,9.075769e+00,8.993911e-01,3.273451e+00
2.170000e+02,2.631459e+03,9.009020e-01,5.271037e-01,9.425432e+00,7.715291e-01,9.029477e+00,8.867145e-01,1.279573e+01
2.180000e+02,2.503514e+03,-1.000000e+00,5.272387e-01,9.669947e+00,7.439175e-01,9.035633e+00,8.926081e-01,3.182628e+00
2.190000e+02,2.726783e+03,-1.000000e+00,5.272047e-01,8.840013e+00,7.181711e-01,8.965505e+00,8.670655e-01,2.926183e+00
2.200000e+02,2.491818e+03,-1.000000e+00,5.272007e-01,9.980688e+00,7.516085e-01,9.080048e+00,9.021895e-01,3.268990e+00
2.210000e+02,2.522590e+03,-1.000000e+00,5.272583e-01,1.122840e+01,6.646030e-01,9.179301e+00,9.082534e-01,2.864282e+00
2.220000e+02,2.611199e+03,9.384110e-01,5.271033e-01,9.326173e+00,7.633128e-01,9.016393e+00,8.865272e-01,1.294125e+01
2.230000e+02,2.509056e+03,-1.000000e+00,5.271650e-01,8.921501e+00,7.260664e-01,8.986527e+00,8.773038e-01,3.016851e+00
2.240000e+02,2.477237e+03,-1.000000e+00,5.272730e-01,8.843722e+00,7.180428e-01,8.978122e+00,8.746789e-01,2.963609e+00
2.250000e+02,2.783083e+03,-1.000000e+00,5.271153e-01,9.115584e+00,7.365416e-01,9.009279e+00,8.790854e-01,3.078135e+00
2.260000e+02,2.941244e+03,-1.000000e+00,5.271987e-01,9.886276e+00,7.440561e-01,9.073298e+00,9.006055e-01,3.223308e+00
2.270000e+02,2.791059e+03,-1.000000e+00,5.271540e-01,8.687344e+00,7.091501e-01,8.968720e+00,8.716449e-01,2.903975e+00
2.280000e+02,2.751367e+03,-1.000000e+00,5.271557e-01,9.876972e+00,7.291669e-01,9.064327e+00,9.024275e-01,3.157972e+00
2.290000e+02,2.565735e+03,8.970222e-01,5.272430e-01,9.840984e+00,7.712829e-01,9.064673e+00,8.964690e-01,1.282387e+01
2.300000e+02,2.502858e+03,-1.000000e+00,5.271887e-01,1.905018e+01,-1.000000e+00,9.471427e+00,-1.000000e+00,-1.500000e+01
2.310000e+02,2.476249e+03,-1.000000e+00,5.271897e-01,1.056281e+01,6.981497e-01,9.122293e+00,9.190956e-01,3.086227e+00
2.320000e+02,2.666403e+03,-1.000000e+00,5.271497e-01,8.872111e+00,7.138513e-01,8.968146e+00,8.668330e-01,2.903422e+00
2.330000e+02,2.496473e+03,-1.000000e+00,5.272307e-01,9.462267e+00,7.530431e-01,9.034135e+00,8.872127e-01,3.201279e+00
2.340000e+02,2.633049e+03,8.986789e-01,5.272153e-01,9.660814e+00,7.789938e-01,9.050730e+00,8.903146e-01,1.283994e+01
2.350000e+02,2.498825e+03,-1.000000e+00,5.271517e-01,1.087121e+01,6.996917e-01,9.141974e+00,9.150418e-01,3.073667e+00
2.360000e+02,2.537357e+03,-1.000000e+00,5.271510e-01,1.074106e+01,7.055994e-01,9.144822e+00,9.190495e-01,3.123245e+00
2.370000e+02,2.746591e+03,-1.000000e+00,5.272373e-01,9.041103e+00,7.198563e-01,9.004452e+00,8.802674e-01,3.000619e+00
2.380000e+02,2.469094e+03,-1.000000e+00,5.271750e-01,9.186483e+00,7.427870e-01,8.999431e+00,8.810078e-01,3.118974e+00
2.390000e+02,2.491805e+03,-1.000000e+00,5.272047e-01,9.258082e+00,7.742954e-01,9.010280e+00,8.786622e-01,3.264788e+00
2.400000e+02,2.513823e+03,-1.000000e+00,5.272487e-01,9.164440e+00,7.561542e-01,9.005578e+00,8.810609e-01,3.186076e+00
2.410000e+02,2.638934e+03,8.909709e-01,5.272323e-01,1.026681e+01,7.177812e-01,9.095567e+00,9.132617e-01,1.261007e+01
2.420000e+02,3.085083e+03,-1.000000e+00,5.271963e-01,1.016092e+01,7.298760e-01,9.087370e+00,9.015507e-01,3.157134e+00
2.430000e+02,2.454148e+03,-1.000000e+00,5.271990e-01,1.118824e+01,6.736777e-01,9.154091e+00,9.249462e-01,2.993119e+00
2.440000e+02,2.504962e+03,-1.000000e+00,5.271940e-01,9.462321e+00,7.683359e-01,9.021448e+00,8.881349e-01,3.282354e+00
2.450000e+02,2.472887e+03,-1.000000e+00,5.271350e-01,8.948833e+00,7.384480e-01,8.992242e+00,8.737959e-01,3.061219e+00
2.460000e+02,2.861476e+03,-1.000000e+00,5.271493e-01,9.414339e+00,8.007954e-01,9.037228e+00,8.800545e-01,3.404250e+00
2.470000e+02,2.515613e+03,-1.000000e+00,5.272220e-01,1.014204e+01,7.546475e-01,9.101427e+00,9.023072e-01,3.284774e+00
2.480000e+02,2.514138e+03,-1.000000e+00,5.271573e-01,8.734174e+00,7.092304e-01,8.964961e+00,8.693188e-01,2.892746e+00
2.490000e+02,2.456293e+03,-1.000000e+00,5.271420e-01,9.072985e+00,7.316389e-01,8.983598e+00,8.736970e-01,3.026679e+00
2.500000e+02,2.484512e+03,-1.000000e+00,5.272360e-01,1.090443e+01,6.792716e-01,9.149483e+00,9.302349e-01,3.047533e+00
2.510000e+02,2.796002e+03,-1.000000e+00,5.272360e-01,9.211178e+00,7.532664e-01,9.003668e+00,8.825551e-01,3.179107e+00
2.520000e+02,2.831327e+03,-1.000000e+00,5.271293e-01,1.008063e+01,7.353761e-01,9.080360e+00,9.062568e-01,3.208164e+00
2.530000e+02,2.554955e+03,8.836849e-01,5.272100e-01,9.442364e+00,7.615239e-01,9.018698e+00,8.864008e-01,1.265805e+01
2.540000e+02,2.490134e+03,-1.000000e+00,5.271213e-01,8.934916e+00,7.285546e-01,8.981045e+00,8.732852e-01,3.009199e+00
2.550000e+02,2.463919e+03,-1.000000e+00,5.271167e-01,9.957059e+00,7.444667e-01,9.075460e+00,9.007801e-01,3.226234e+00
2.560000e+02,2.565960e+03,8.973271e-01,5.271360e-01,9.133279e+00,7.310335e-01,9.012331e+00,8.850551e-01,1.256708e+01
