# step_count,fitted_elastic_modulus,elastic_modulus_match_degree,average_bond_length,average_persistence_length,persistence_length_match_degree,average_end_to_end_distance,end_to_end_distance_match_degree,reward_value
1.000000e+00,2.672327e+03,-1.000000e+00,5.271810e-01,1.239830e+01,6.109546e-01,9.232765e+00,8.857090e-01,2.483318e+00
2.000000e+00,2.837971e+03,-1.000000e+00,5.271680e-01,2.130962e+01,-1.000000e+00,9.514213e+00,-1.000000e+00,-1.500000e+01
3.000000e+00,2.484760e+03,-1.000000e+00,5.271600e-01,1.198658e+01,6.240331e-01,9.220794e+00,8.905835e-01,2.573083e+00
4.000000e+00,2.867007e+03,-1.000000e+00,5.271280e-01,2.327652e+01,-1.000000e+00,9.562563e+00,-1.000000e+00,-1.500000e+01
5.000000e+00,2.793393e+03,-1.000000e+00,5.271890e-01,2.122685e+01,-1.000000e+00,9.520212e+00,-1.000000e+00,-1.500000e+01
6.000000e+00,2.540578e+03,-1.000000e+00,5.271497e-01,2.254723e+01,-1.000000e+00,9.548433e+00,-1.000000e+00,-1.500000e+01
7.000000e+00,2.971737e+03,-1.000000e+00,5.271903e-01,1.055475e+01,6.915773e-01,9.123717e+00,9.239572e-01,3.077673e+00
8.000000e+00,2.545051e+03,-1.000000e+00,5.271813e-01,9.326424e+00,7.470248e-01,9.026253e+00,8.818989e-01,3.144618e+00
9.000000e+00,3.157453e+03,-1.000000e+00,5.271847e-01,2.184125e+01,-1.000000e+00,9.534988e+00,-1.000000e+00,-1.500000e+01
1.000000e+01,2.679052e+03,-1.000000e+00,5.272090e-01,2.025186e+01,-1.000000e+00,9.506677e+00,-1.000000e+00,-1.500000e+01
1.100000e+01,2.911160e+03,-1.000000e+00,5.272220e-01,1.706917e+01,-1.000000e+00,9.423358e+00,-1.000000e+00,-1.500000e+01
1.200000e+01,2.879727e+03,-1.000000e+00,5.271980e-01,1.113795e+01,6.604122e-01,9.161640e+00,9.233008e-01,2.918565e+00
1.300000e+01,2.916986e+03,-1.000000e+00,5.271597e-01,2.076059e+01,-1.000000e+00,9.510188e+00,-1.000000e+00,-1.500000e+01
1.400000e+01,3.017772e+03,-1.000000e+00,5.272257e-01,2.162052e+01,-1.000000e+00,9.523805e+00,-1.000000e+00,-1.500000e+01
1.500000e+01,2.642914e+03,8.861535e-01,5.272147e-01,1.500071e+01,-1.000000e+00,9.353515e+00,-1.000000e+00,-5.569233e+00
1.600000e+01,2.686373e+03,-1.000000e+00,5.271917e-01,1.560304e+01,-1.000000e+00,9.379915e+00,-1.000000e+00,-1.500000e+01
1.700000e+01,2.628603e+03,9.050705e-01,5.271783e-01,1.647389e+01,-1.000000e+00,9.398011e+00,-1.000000e+00,-5.474648e+00
1.800000e+01,2.750218e+03,-1.000000e+00,5.271097e-01,2.114735e+01,-1.000000e+00,9.510927e+00,-1.000000e+00,-1.500000e+01
1.900000e+01,2.993408e+03,-1.000000e+00,5.271663e-01,2.384356e+01,-1.000000e+00,9.565045e+00,-1.000000e+00,-1.500000e+01
2.000000e+01,2.845936e+03,-1.000000e+00,5.271563e-01,1.818287e+01,-1.000000e+00,9.464292e+00,-1.000000e+00,-1.500000e+01
2.100000e+01,2.446714e+03,-1.000000e+00,5.271623e-01,2.081196e+01,-1.000000e+00,9.513514e+00,-1.000000e+00,-1.500000e+01
2.200000e+01,3.218495e+03,-1.000000e+00,5.272260e-01,1.412173e+01,-1.000000e+00,9.318726e+00,-1.000000e+00,-1.500000e+01
2.300000e+01,2.574829e+03,9.104205e-01,5.271713e-01,1.340417e+01,-1.000000e+00,9.280250e+00,8.675754e-01,3.889980e+00
2.400000e+01,3.117855e+03,-1.000000e+00,5.272340e-01,1.710680e+01,-1.000000e+00,9.425902e+00,-1.000000e+00,-1.500000e+01
2.500000e+01,2.642134e+03,8.870748e-01,5.272370e-01,1.201030e+01,6.374861e-01,9.222089e+00,8.870488e-01,1.205805e+01
2.600000e+01,2.771054e+03,-1.000000e+00,5.271587e-01,1.666398e+01,-1.000000e+00,9.408852e+00,-1.000000e+00,-1.500000e+01
2.700000e+01,3.100105e+03,-1.000000e+00,5.271520e-01,1.385808e+01,-1.000000e+00,9.307240e+00,8.556193e-01,-5.721904e+00
2.800000e+01,2.813377e+03,-1.000000e+00,5.271017e-01,1.050321e+01,7.185701e-01,9.113791e+00,9.103851e-01,3.144776e+00
2.900000e+01,2.860540e+03,-1.000000e+00,5.271510e-01,2.008128e+01,-1.000000e+00,9.493818e+00,-1.000000e+00,-1.500000e+01
3.000000e+01,2.953109e+03,-1.000000e+00,5.272003e-01,1.498136e+01,-1.000000e+00,9.351331e+00,-1.000000e+00,-1.500000e+01
3.100000e+01,2.812662e+03,-1.000000e+00,5.272017e-01,1.197791e+01,6.378728e-01,9.207904e+00,8.965916e-01,2.672322e+00
3.200000e+01,3.223097e+03,-1.000000e+00,5.271007e-01,1.435840e+01,-1.000000e+00,9.334802e+00,-1.000000e+00,-1.500000e+01
3.300000e+01,3.143692e+03,-1.000000e+00,5.271847e-01,8.916312e+00,7.257178e-01,8.970116e+00,8.688752e-01,2.972965e+00
3.400000e+01,3.146503e+03,-1.000000e+00,5.272077e-01,1.223457e+01,6.098308e-01,9.223827e+00,8.907465e-01,2.502887e+00
3.500000e+01,2.550936e+03,8.792212e-01,5.271810e-01,1.890965e+01,-1.000000e+00,9.471530e+00,-1.000000e+00,-5.603894e+00
3.600000e+01,2.973436e+03,-1.000000e+00,5.271903e-01,1.834226e+01,-1.000000e+00,9.443263e+00,-1.000000e+00,-1.500000e+01
3.700000e+01,2.623930e+03,9.124621e-01,5.272000e-01,1.821063e+01,-1.000000e+00,9.457447e+00,-1.000000e+00,-5.437689e+00
3.800000e+01,3.045862e+03,-1.000000e+00,5.272337e-01,1.070975e+01,6.852702e-01,9.124744e+00,9.243376e-01,3.048039e+00
3.900000e+01,2.601766e+03,9.745966e-01,5.272777e-01,1.778242e+01,-1.000000e+00,9.437511e+00,-1.000000e+00,-5.127017e+00
4.000000e+01,2.786201e+03,-1.000000e+00,5.270773e-01,2.093891e+01,-1.000000e+00,9.514857e+00,-1.000000e+00,-1.500000e+01
4.100000e+01,2.926926e+03,-1.000000e+00,5.271930e-01,1.465575e+01,-1.000000e+00,9.343138e+00,-1.000000e+00,-1.500000e+01
4.200000e+01,3.167400e+03,-1.000000e+00,5.271690e-01,2.107995e+01,-1.000000e+00,9.520881e+00,-1.000000e+00,-1.500000e+01
4.300000e+01,3.191367e+03,-1.000000e+00,5.271803e-01,1.603877e+01,-1.000000e+00,9.397830e+00,-1.000000e+00,-1.500000e+01
4.400000e+01,3.125860e+03,-1.000000e+00,5.272360e-01,1.733114e+01,-1.000000e+00,9.437005e+00,-1.000000e+00,-1.500000e+01
4.500000e+01,3.079193e+03,-1.000000e+00,5.272207e-01,1.921621e+01,-1.000000e+00,9.480207e+00,-1.000000e+00,-1.500000e+01
4.600000e+01,2.827825e+03,-1.000000e+00,5.271097e-01,1.332996e+01,-1.000000e+00,9.285841e+00,8.632475e-01,-5.683763e+00
4.700000e+01,2.699170e+03,-1.000000e+00,5.270643e-01,2.047194e+01,-1.000000e+00,9.503499e+00,-1.000000e+00,-1.500000e+01
4.800000e+01,2.565450e+03,8.966399e-01,5.272340e-01,2.203832e+01,-1.000000e+00,9.525573e+00,-1.000000e+00,-5.516801e+00
4.900000e+01,2.520380e+03,-1.000000e+00,5.272210e-01,2.225873e+01,-1.000000e+00,9.535790e+00,-1.000000e+00,-1.500000e+01
5.000000e+01,3.218959e+03,-1.000000e+00,5.271950e-01,1.090674e+01,6.758503e-01,9.154906e+00,9.301848e-01,3.030176e+00
5.100000e+01,2.723838e+03,-1.000000e+00,5.271297e-01,1.958173e+01,-1.000000e+00,9.486781e+00,-1.000000e+00,-1.500000e+01
5.200000e+01,3.210537e+03,-1.000000e+00,5.271817e-01,1.567262e+01,-1.000000e+00,9.381249e+00,-1.000000e+00,-1.500000e+01
5.300000e+01,3.143009e+03,-1.000000e+00,5.271413e-01,2.328831e+01,-1.000000e+00,9.556273e+00,-1.000000e+00,-1.500000e+01
5.400000e+01,2.472247e+03,-1.000000e+00,5.272367e-01,2.200345e+01,-1.000000e+00,9.536202e+00,-1.000000e+00,-1.500000e+01
5.500000e+01,3.077470e+03,-1.000000e+00,5.271087e-01,1.335135e+01,-1.000000e+00,9.272050e+00,8.723079e-01,-5.638461e+00
5.600000e+01,3.092093e+03,-1.000000e+00,5.272363e-01,2.295683e+01,-1.000000e+00,9.546266e+00,-1.000000e+00,-1.500000e+01
5.700000e+01,2.597164e+03,9.680302e-01,5.272050e-01,1.529624e+01,-1.000000e+00,9.370299e+00,-1.000000e+00,-5.159849e+00
5.800000e+01,2.456348e+03,-1.000000e+00,5.271743e-01,1.200404e+01,6.415080e-01,9.221483e+00,8.860122e-01,2.637601e+00
5.900000e+01,2.444902e+03,-1.000000e+00,5.272043e-01,2.257413e+01,-1.000000e+00,9.537098e+00,-1.000000e+00,-1.500000e+01
6.000000e+01,3.112276e+03,-1.000000e+00,5.271753e-01,1.641841e+01,-1.000000e+00,9.409674e+00,-1.000000e+00,-1.500000e+01
6.100000e+01,2.899400e+03,-1.000000e+00,5.271350e-01,1.065304e+01,6.798534e-01,9.117499e+00,9.241360e-01,3.019947e+00
6.200000e+01,2.556831e+03,8.858536e-01,5.271167e-01,1.929105e+01,-1.000000e+00,9.484981e+00,-1.000000e+00,-5.570732e+00
6.300000e+01,3.036130e+03,-1.000000e+00,5.272793e-01,2.202735e+01,-1.000000e+00,9.523358e+00,-1.000000e+00,-1.500000e+01
6.400000e+01,3.087655e+03,-1.000000e+00,5.271373e-01,1.871218e+01,-1.000000e+00,9.469950e+00,-1.000000e+00,-1.500000e+01
6.500000e+01,2.788208e+03,-1.000000e+00,5.271940e-01,1.645144e+01,-1.000000e+00,9.403368e+00,-1.000000e+00,-1.500000e+01
6.600000e+01,2.828671e+03,-1.000000e+00,5.271510e-01,2.294278e+01,-1.000000e+00,9.561172e+00,-1.000000e+00,-1.500000e+01
6.700000e+01,3.146826e+03,-1.000000e+00,5.271997e-01,1.887125e+01,-1.000000e+00,9.473669e+00,-1.000000e+00,-1.500000e+01
6.800000e+01,2.890555e+03,-1.000000e+00,5.272167e-01,1.303354e+01,-1.000000e+00,9.268595e+00,8.715774e-01,-5.642113e+00
6.900000e+01,3.000284e+03,-1.000000e+00,5.272520e-01,1.853157e+01,-1.000000e+00,9.466065e+00,-1.000000e+00,-1.500000e+01
7.000000e+01,3.067672e+03,-1.000000e+00,5.272030e-01,1.134838e+01,6.646059e-01,9.176390e+00,9.152159e-01,2.899109e+00
7.100000e+01,2.464245e+03,-1.000000e+00,5.271840e-01,2.106242e+01,-1.000000e+00,9.509998e+00,-1.000000e+00,-1.500000e+01
7.200000e+01,3.037870e+03,-1.000000e+00,5.271493e-01,2.306774e+01,-1.000000e+00,9.548885e+00,-1.000000e+00,-1.500000e+01
7.300000e+01,2.742705e+03,-1.000000e+00,5.271887e-01,1.049569e+01,7.128267e-01,9.115438e+00,9.132734e-01,3.130500e+00
7.400000e+01,3.195814e+03,-1.000000e+00,5.272187e-01,1.603695e+01,-1.000000e+00,9.390881e+00,-1.000000e+00,-1.500000e+01
7.500000e+01,3.089159e+03,-1.000000e+00,5.271817e-01,1.684325e+01,-1.000000e+00,9.407162e+00,-1.000000e+00,-1.500000e+01
7.600000e+01,3.018027e+03,-1.000000e+00,5.271900e-01,1.197608e+01,6.275179e-01,9.192563e+00,9.110887e-01,2.693033e+00
7.700000e+01,2.610219e+03,9.410061e-01,5.272230e-01,2.358411e+01,-1.000000e+00,9.559503e+00,-1.000000e+00,-5.294970e+00
7.800000e+01,3.154431e+03,-1.000000e+00,5.272333e-01,1.515208e+01,-1.000000e+00,9.359606e+00,-1.000000e+00,-1.500000e+01
7.900000e+01,2.774496e+03,-1.000000e+00,5.271680e-01,2.492674e+01,-1.000000e+00,9.580629e+00,-1.000000e+00,-1.500000e+01
8.000000e+01,2.970736e+03,-1.000000e+00,5.272143e-01,1.533438e+01,-1.000000e+00,9.378525e+00,-1.000000e+00,-1.500000e+01
8.100000e+01,2.463189e+03,-1.000000e+00,5.272790e-01,1.655161e+01,-1.000000e+00,9.408549e+00,-1.000000e+00,-1.500000e+01
8.200000e+01,2.992643e+03,-1.000000e+00,5.272340e-01,1.983108e+01,-1.000000e+00,9.485235e+00,-1.000000e+00,-1.500000e+01
8.300000e+01,2.572286e+03,9.064189e-01,5.272230e-01,1.778463e+01,-1.000000e+00,9.445723e+00,-1.000000e+00,-5.467905e+00
8.400000e+01,3.012325e+03,-1.000000e+00,5.271887e-01,1.679080e+01,-1.000000e+00,9.414386e+00,-1.000000e+00,-1.500000e+01
8.500000e+01,3.179364e+03,-1.000000e+00,5.271947e-01,1.230790e+01,6.196613e-01,9.240373e+00,8.812975e-01,2.504794e+00
8.600000e+01,3.097323e+03,-1.000000e+00,5.271517e-01,1.233824e+01,6.196532e-01,9.239401e+00,8.821870e-01,2.509201e+00
8.700000e+01,2.495418e+03,-1.000000e+00,5.271917e-01,2.465962e+01,-1.000000e+00,9.574677e+00,-1.000000e+00,-1.500000e+01
8.800000e+01,2.507982e+03,-1.000000e+00,5.272407e-01,1.022994e+01,7.034942e-01,9.090762e+00,9.144621e-01,3.089782e+00
8.900000e+01,2.704866e+03,-1.000000e+00,5.272697e-01,1.845032e+01,-1.000000e+00,9.456877e+00,-1.000000e+00,-1.500000e+01
9.000000e+01,3.108701e+03,-1.000000e+00,5.271823e-01,1.496603e+01,-1.000000e+00,9.354797e+00,-1.000000e+00,-1.500000e+01
9.100000e+01,2.764440e+03,-1.000000e+00,5.271920e-01,1.615735e+01,-1.000000e+00,9.396805e+00,-1.000000e+00,-1.500000e+01
9.200000e+01,3.113454e+03,-1.000000e+00,5.271987e-01,1.072022e+01,6.852557e-01,9.138193e+00,9.228665e-01,3.040611e+00
9.300000e+01,2.492454e+03,-1.000000e+00,5.271417e-01,2.205486e+01,-1.000000e+00,9.529696e+00,-1.000000e+00,-1.500000e+01
9.400000e+01,2.589225e+03,9.395168e-01,5.272683e-01,2.296800e+01,-1.000000e+00,9.550238e+00,-1.000000e+00,-5.302416e+00
9.500000e+01,2.652890e+03,-1.000000e+00,5.272023e-01,2.102398e+01,-1.000000e+00,9.513811e+00,-1.000000e+00,-1.500000e+01
9.600000e+01,2.554217e+03,8.828480e-01,5.272513e-01,2.069363e+01,-1.000000e+00,9.510733e+00,-1.000000e+00,-5.585760e+00
9.700000e+01,2.873222e+03,-1.000000e+00,5.272133e-01,1.614488e+01,-1.000000e+00,9.398306e+00,-1.000000e+00,-1.500000e+01
9.800000e+01,3.154779e+03,-1.000000e+00,5.271627e-01,1.157973e+01,6.497864e-01,9.201963e+00,8.997581e-01,2.747722e+00
9.900000e+01,3.099730e+03,-1.000000e+00,5.272300e-01,2.145757e+01,-1.000000e+00,9.523585e+00,-1.000000e+00,-1.500000e+01
1.000000e+02,2.955756e+03,-1.000000e+00,5.272760e-01,1.514868e+01,-1.000000e+00,9.359604e+00,-1.000000e+00,-1.500000e+01
1.010000e+02,2.576064e+03,9.124514e-01,5.271910e-01,8.983297e+00,7.357443e-01,8.978345e+00,8.705291e-01,1.259362e+01
1.020000e+02,2.620602e+03,9.182598e-01,5.271857e-01,9.857396e+00,7.457498e-01,9.065353e+00,9.002595e-01,1.282135e+01
1.030000e+02,2.613964e+03,9.317177e-01,5.271523e-01,9.420820e+00,7.679699e-01,9.039670e+00,8.913164e-01,1.295502e+01
1.040000e+02,2.620786e+03,9.179264e-01,5.272020e-01,9.716049e+00,7.802320e-01,9.060957e+00,8.942691e-01,1.296214e+01
1.050000e+02,2.597113e+03,9.677534e-01,5.271950e-01,9.326875e+00,7.567355e-01,9.027923e+00,8.836722e-01,1.304081e+01
1.060000e+02,2.604894e+03,9.584181e-01,5.271627e-01,1.078352e+01,6.905764e-01,9.143862e+00,9.250791e-01,1.287037e+01
1.070000e+02,2.610189e+03,9.410867e-01,5.271723e-01,9.548434e+00,7.679082e-01,9.039419e+00,8.935014e-01,1.301248e+01
1.080000e+02,2.603202e+03,9.660942e-01,5.272150e-01,1.040343e+01,6.783137e-01,9.108287e+00,9.250198e-01,1.284714e+01
1.090000e+02,2.573115e+03,9.076976e-01,5.272060e-01,8.715539e+00,7.103846e-01,8.969333e+00,8.708707e-01,1.244476e+01
1.100000e+02,2.590762e+03,9.437468e-01,5.271750e-01,9.065989e+00,7.454659e-01,8.994007e+00,8.767850e-01,1.282999e+01
1.110000e+02,2.603070e+03,9.667789e-01,5.271293e-01,9.703293e+00,7.755131e-01,9.060611e+00,8.956124e-01,1.318952e+01
1.120000e+02,2.599677e+03,9.889814e-01,5.271483e-01,9.685092e+00,7.466728e-01,9.059500e+00,8.991241e-01,1.317389e+01
1.130000e+02,2.662520e+03,-1.000000e+00,5.272137e-01,9.758152e+00,7.622382e-01,9.068223e+00,8.979433e-01,3.300908e+00
1.140000e+02,2.600404e+03,9.876839e-01,5.271883e-01,1.012703e+01,7.300959e-01,9.085352e+00,9.075427e-01,1.312661e+01
1.150000e+02,2.570930e+03,9.043722e-01,5.272833e-01,9.369805e+00,7.445743e-01,9.021950e+00,8.896338e-01,1.269290e+01
1.160000e+02,2.634004e+03,8.973745e-01,5.272010e-01,8.990148e+00,7.225452e-01,8.987561e+00,8.730290e-01,1.246474e+01
1.170000e+02,2.572617e+03,9.069268e-01,5.271797e-01,9.310511e+00,7.438306e-01,9.018722e+00,8.849363e-01,1.267847e+01
1.180000e+02,2.599118e+03,9.819118e-01,5.271493e-01,9.474810e+00,7.754927e-01,9.033777e+00,8.878403e-01,1.322622e+01
1.190000e+02,2.608981e+03,9.444884e-01,5.272417e-01,9.595657e+00,7.695063e-01,9.035608e+00,8.927298e-01,1.303362e+01
1.200000e+02,2.573055e+03,9.076043e-01,5.272220e-01,9.587243e+00,8.027829e-01,9.044612e+00,8.881376e-01,1.299262e+01
1.210000e+02,2.585869e+03,9.313401e-01,5.271603e-01,9.500398e+00,7.736883e-01,9.032356e+00,8.926919e-01,1.298860e+01
1.220000e+02,2.547910e+03,-1.000000e+00,5.272600e-01,9.274271e+00,7.543884e-01,9.006616e+00,8.800916e-01,3.172400e+00
1.230000e+02,2.629060e+03,9.043867e-01,5.272523e-01,9.472451e+00,7.557335e-01,9.050749e+00,8.911765e-01,1.275648e+01
1.240000e+02,2.576678e+03,9.134836e-01,5.272097e-01,8.791280e+00,7.103146e-01,8.968862e+00,8.696284e-01,1.246713e+01
1.250000e+02,2.566982e+03,8.987218e-01,5.271507e-01,9.915777e+00,7.522306e-01,9.063088e+00,8.965468e-01,1.273750e+01
1.260000e+02,2.581301e+03,9.218241e-01,5.272363e-01,1.011647e+01,7.202615e-01,9.081552e+00,9.092067e-01,1.275646e+01
1.270000e+02,2.568735e+03,9.011777e-01,5.271703e-01,8.990311e+00,7.282075e-01,8.990188e+00,8.778902e-01,1.253638e+01
1.280000e+02,2.603844e+03,9.629711e-01,5.271460e-01,9.051378e+00,7.379042e-01,9.000201e+00,8.763170e-01,1.288596e+01
1.290000e+02,2.612296e+03,9.356545e-01,5.272187e-01,1.019876e+01,7.037527e-01,9.094115e+00,9.127511e-01,1.276079e+01
1.300000e+02,2.634583e+03,8.965957e-01,5.271497e-01,9.062047e+00,7.703063e-01,9.001397e+00,8.716400e-01,1.269271e+01
1.310000e+02,2.620820e+03,9.178644e-01,5.271687e-01,9.315366e+00,7.412993e-01,9.014562e+00,8.860048e-01,1.272584e+01
1.320000e+02,2.595802e+03,9.613699e-01,5.271513e-01,9.081681e+00,7.452918e-01,8.994307e+00,8.787873e-01,1.292724e+01
1.330000e+02,2.633616e+03,8.979030e-01,5.271537e-01,9.020349e+00,7.428834e-01,8.993264e+00,8.778890e-01,1.259338e+01
1.340000e+02,2.641007e+03,8.884259e-01,5.271560e-01,9.741419e+00,7.538340e-01,9.059028e+00,8.996008e-01,1.270930e+01
1.350000e+02,2.604334e+03,9.607743e-01,5.271630e-01,9.817732e+00,7.478346e-01,9.073450e+00,8.986722e-01,1.303641e+01
1.360000e+02,2.571161e+03,9.047172e-01,5.271880e-01,8.672883e+00,7.010575e-01,8.944053e+00,8.574594e-01,1.231617e+01
1.370000e+02,2.614587e+03,9.303178e-01,5.272147e-01,9.617262e+00,7.653147e-01,9.037275e+00,8.957534e-01,1.295693e+01
1.380000e+02,2.588500e+03,9.376415e-01,5.272287e-01,8.982331e+00,7.356006e-01,8.991897e+00,8.751690e-01,1.274206e+01
1.390000e+02,2.605598e+03,9.556553e-01,5.271990e-01,9.598773e+00,7.847540e-01,9.051471e+00,8.922703e-01,1.316340e+01
1.400000e+02,2.557821e+03,8.870213e-01,5.271713e-01,9.541352e+00,7.769138e-01,9.032899e+00,8.917910e-01,1.277863e+01
1.410000e+02,2.633463e+03,8.981109e-01,5.271947e-01,1.044782e+01,7.109084e-01,9.109072e+00,9.148517e-01,1.261936e+01
1.420000e+02,2.615514e+03,9.282923e-01,5.272103e-01,9.637858e+00,7.648585e-01,9.031009e+00,8.913096e-01,1.292230e+01
1.430000e+02,2.607816e+03,9.480218e-01,5.271677e-01,8.860100e+00,7.195371e-01,8.982357e+00,8.748983e-01,1.271229e+01
1.440000e+02,2.597992e+03,9.729617e-01,5.271527e-01,1.004854e+01,7.296931e-01,9.082449e+00,9.063018e-01,1.304478e+01
1.450000e+02,2.570531e+03,9.037812e-01,5.271940e-01,1.011210e+01,7.432857e-01,9.086122e+00,9.003894e-01,1.273728e+01
1.460000e+02,2.601656e+03,9.753808e-01,5.271800e-01,9.864178e+00,7.578403e-01,9.073837e+00,9.007349e-01,1.316978e+01
1.470000e+02,2.575569e+03,9.116312e-01,5.272130e-01,8.891076e+00,7.189166e-01,8.972757e+00,8.687363e-01,1.249642e+01
1.480000e+02,2.601107e+03,9.797864e-01,5.272377e-01,9.779213e+00,7.597424e-01,9.053700e+00,8.986599e-01,1.319094e+01
1.490000e+02,2.584214e+03,9.277133e-01,5.270823e-01,1.353648e+01,-1.000000e+00,9.291719e+00,8.632800e-01,3.954966e+00
1.500000e+02,2.628082e+03,9.058577e-01,5.271953e-01,8.693597e+00,7.080596e-01,8.955561e+00,8.631030e-01,1.238510e+01
1.510000e+02,2.613738e+03,9.322365e-01,5.272153e-01,1.074695e+01,6.593509e-01,9.127724e+00,9.306921e-01,1.261140e+01
1.520000e+02,2.610655e+03,9.398366e-01,5.272333e-01,8.819222e+00,7.304845e-01,8.973436e+00,8.679763e-01,1.269149e+01
1.530000e+02,2.621227e+03,9.171314e-01,5.270883e-01,9.019627e+00,7.280128e-01,8.979519e+00,8.715521e-01,1.258348e+01
1.540000e+02,2.582714e+03,9.246083e-01,5.271827e-01,9.778290e+00,7.555049e-01,9.061031e+00,8.953807e-01,1.287747e+01
1.550000e+02,2.594762e+03,9.570433e-01,5.272250e-01,1.033163e+01,6.940493e-01,9.094755e+00,9.171367e-01,1.284115e+01
1.560000e+02,2.594431e+03,9.557669e-01,5.272307e-01,9.048602e+00,7.511370e-01,9.001879e+00,8.726885e-01,1.289796e+01
1.570000e+02,2.616253e+03,9.267299e-01,5.271603e-01,9.378147e+00,7.560459e-01,9.026377e+00,8.899570e-01,1.286366e+01
1.580000e+02,2.594905e+03,9.576106e-01,5.272053e-01,8.975067e+00,7.310382e-01,8.987293e+00,8.759446e-01,1.282297e+01
1.590000e+02,2.639593e+03,8.901533e-01,5.272450e-01,1.472284e+01,-1.000000e+00,9.350296e+00,-1.000000e+00,-5.549234e+00
1.600000e+02,2.600344e+03,9.886307e-01,5.271147e-01,1.030192e+01,7.004515e-01,9.096862e+00,9.145329e-01,1.301808e+01
1.610000e+02,2.625615e+03,9.097047e-01,5.272007e-01,8.947129e+00,7.344961e-01,8.982233e+00,8.734133e-01,1.258807e+01
1.620000e+02,2.564967e+03,8.959942e-01,5.272643e-01,9.235610e+00,7.603943e-01,9.013938e+00,8.833624e-01,1.269875e+01
1.630000e+02,2.629974e+03,9.030404e-01,5.272087e-01,9.397921e+00,7.793738e-01,9.043993e+00,8.835717e-01,1.282993e+01
1.640000e+02,2.602387e+03,9.705895e-01,5.271653e-01,9.446923e+00,7.769965e-01,9.035607e+00,8.827926e-01,1.315189e+01
1.650000e+02,2.575653e+03,9.117684e-01,5.272203e-01,9.120037e+00,7.451801e-01,8.992324e+00,8.772185e-01,1.267083e+01
1.660000e+02,2.592737e+03,9.497996e-01,5.271397e-01,9.342730e+00,7.524021e-01,9.028716e+00,8.834815e-01,1.292842e+01
1.670000e+02,2.596807e+03,9.661432e-01,5.272487e-01,1.027367e+01,7.261881e-01,9.111549e+00,9.090936e-01,1.300712e+01
1.680000e+02,2.602604e+03,9.693245e-01,5.271383e-01,9.432824e+00,7.635396e-01,9.025004e+00,8.895558e-01,1.311210e+01
1.690000e+02,2.578648e+03,9.169090e-01,5.271710e-01,9.156596e+00,7.407605e-01,8.994300e+00,8.776895e-01,1.267679e+01
1.700000e+02,2.596997e+03,9.671331e-01,5.271683e-01,9.385990e+00,7.722351e-01,9.020923e+00,8.859996e-01,1.312684e+01
1.710000e+02,2.567816e+03,8.998812e-01,5.272783e-01,9.966158e+00,7.269476e-01,9.082154e+00,9.058885e-01,1.266359e+01
1.720000e+02,2.596841e+03,9.663179e-01,5.271963e-01,8.687777e+00,7.248069e-01,8.960392e+00,8.675849e-01,1.279355e+01
1.730000e+02,2.649876e+03,8.783467e-01,5.272130e-01,9.140524e+00,7.541597e-01,8.998839e+00,8.769390e-01,1.254723e+01
1.740000e+02,2.578763e+03,9.171138e-01,5.271743e-01,9.702211e+00,8.285211e-01,9.048531e+00,8.880222e-01,1.316829e+01
1.750000e+02,2.569816e+03,9.027335e-01,5.271833e-01,1.256525e+01,-1.000000e+00,9.249357e+00,8.808487e-01,3.917911e+00
1.760000e+02,2.566216e+03,8.976730e-01,5.271360e-01,9.507339e+00,7.721805e-01,9.031994e+00,8.907933e-01,1.280323e+01
1.770000e+02,2.638739e+03,8.912149e-01,5.272370e-01,9.462556e+00,7.580287e-01,9.023882e+00,8.877169e-01,1.268480e+01
1.780000e+02,2.600064e+03,9.950813e-01,5.272110e-01,8.927023e+00,7.203742e-01,8.985142e+00,8.756144e-01,1.295535e+01
1.790000e+02,2.642887e+03,8.861842e-01,5.271943e-01,9.764471e+00,7.574347e-01,9.062980e+00,8.987948e-01,1.271207e+01
1.800000e+02,2.604695e+03,9.592396e-01,5.272093e-01,1.004958e+01,7.488433e-01,9.069413e+00,8.972601e-01,1.302671e+01
1.810000e+02,2.572112e+03,9.061520e-01,5.272043e-01,9.877900e+00,7.408240e-01,9.068416e+00,8.987082e-01,1.272842e+01
1.820000e+02,2.591789e+03,9.467941e-01,5.272220e-01,9.346593e+00,7.790057e-01,9.024277e+00,8.782755e-01,1.302038e+01
1.830000e+02,2.633572e+03,8.979620e-01,5.271847e-01,1.012165e+01,7.268739e-01,9.093121e+00,9.091214e-01,1.266979e+01
1.840000e+02,2.565173e+03,8.962684e-01,5.271683e-01,9.902391e+00,7.525039e-01,9.064577e+00,8.955459e-01,1.272159e+01
1.850000e+02,2.619899e+03,9.195528e-01,5.271810e-01,8.995938e+00,7.323042e-01,8.978641e+00,8.724711e-01,1.262164e+01
1.860000e+02,2.600927e+03,9.814648e-01,5.271687e-01,9.030661e+00,7.346404e-01,8.987323e+00,8.773750e-01,1.296740e+01
1.870000e+02,2.587616e+03,9.354403e-01,5.271777e-01,9.142334e+00,7.460066e-01,8.993155e+00,8.792464e-01,1.280347e+01
1.880000e+02,2.603261e+03,9.657970e-01,5.272367e-01,8.891229e+00,7.298381e-01,8.987826e+00,8.761337e-01,1.285884e+01
1.890000e+02,2.604159e+03,9.615451e-01,5.271840e-01,9.439436e+00,7.738893e-01,9.025999e+00,8.897700e-01,1.312602e+01
1.900000e+02,2.643319e+03,8.856781e-01,5.271793e-01,9.493730e+00,7.714348e-01,9.038302e+00,8.880135e-01,1.272563e+01
1.910000e+02,2.582077e+03,9.233380e-01,5.272457e-01,9.391170e+00,7.683024e-01,9.027337e+00,8.817423e-01,1.286691e+01
1.920000e+02,2.586225e+03,9.321515e-01,5.271643e-01,9.332403e+00,7.437236e-01,9.021173e+00,8.887882e-01,1.282332e+01
1.930000e+02,2.573253e+03,9.079132e-01,5.271140e-01,9.866289e+00,7.493730e-01,9.069711e+00,9.006193e-01,1.278953e+01
1.940000e+02,2.597388e+03,9.692760e-01,5.271730e-01,1.099317e+01,6.763669e-01,9.145275e+00,9.318220e-01,1.288732e+01
1.950000e+02,2.612893e+03,9.342139e-01,5.272243e-01,9.280578e+00,7.501028e-01,9.021685e+00,8.812689e-01,1.282793e+01
1.960000e+02,2.559061e+03,8.885078e-01,5.272353e-01,9.455448e+00,7.932876e-01,9.026276e+00,8.823986e-01,1.282097e+01
1.970000e+02,2.640086e+03,8.895462e-01,5.272183e-01,9.280221e+00,7.601607e-01,9.018748e+00,8.877456e-01,1.268726e+01
1.980000e+02,2.574722e+03,9.102486e-01,5.272850e-01,9.723102e+00,7.571122e-01,9.060650e+00,8.935300e-01,1.280445e+01
1.990000e+02,2.602934e+03,9.674997e-01,5.271710e-01,9.053453e+00,7.479378e-01,8.992797e+00,8.778014e-01,1.296619e+01
2.000000e+02,2.585149e+03,9.297332e-01,5.271590e-01,9.014503e+00,7.306633e-01,8.978305e+00,8.724328e-01,1.266415e+01
2.010000e+02,2.632766e+03,8.990709e-01,5.271580e-01,9.740097e+00,7.429129e-01,9.062319e+00,9.021177e-01,1.272051e+01
2.020000e+02,2.575200e+03,9.110242e-01,5.271097e-01,9.129655e+00,7.500591e-01,8.995171e+00,8.775884e-01,1.269336e+01
2.030000e+02,2.613551e+03,9.326679e-01,5.272007e-01,9.300694e+00,7.572458e-01,9.020721e+00,8.876381e-01,1.288776e+01
2.040000e+02,2.615451e+03,9.284276e-01,5.272493e-01,1.030586e+01,7.026774e-01,9.103085e+00,9.136972e-01,1.272401e+01
2.050000e+02,2.619078e+03,9.210988e-01,5.272267e-01,9.914342e+00,7.440870e-01,9.085302e+00,9.044093e-01,1.284798e+01
2.060000e+02,2.588671e+03,9.380769e-01,5.272173e-01,1.039660e+01,7.091488e-01,9.106878e+00,9.124689e-01,1.279847e+01
2.070000e+02,2.591883e+03,9.470820e-01,5.271640e-01,9.308117e+00,7.622739e-01,9.019008e+00,8.858715e-01,1.297614e+01
2.080000e+02,2.609481e+03,9.430521e-01,5.272087e-01,9.687747e+00,7.980120e-01,9.050333e+00,8.920668e-01,1.316565e+01
2.090000e+02,2.575295e+03,9.111807e-01,5.271390e-01,8.990017e+00,7.444467e-01,8.994306e+00,8.758741e-01,1.265751e+01
2.100000e+02,2.584018e+03,9.272981e-01,5.271873e-01,1.015546e+01,7.474781e-01,9.093969e+00,9.035405e-01,1.289158e+01
2.110000e+02,2.593581e+03,9.526636e-01,5.272567e-01,9.549326e+00,7.976569e-01,9.050004e+00,8.899280e-01,1.320124e+01
2.120000e+02,2.605220e+03,9.571157e-01,5.271997e-01,9.480608e+00,7.541495e-01,9.029745e+00,8.880658e-01,1.299666e+01
2.130000e+02,2.617101e+03,9.249825e-01,5.271220e-01,9.035103e+00,7.292453e-01,8.993381e+00,8.766564e-01,1.265442e+01
2.140000e+02,2.624942e+03,9.107935e-01,5.271603e-01,9.526584e+00,7.735119e-01,9.036388e+00,8.881520e-01,1.286229e+01
2.150000e+02,2.633594e+03,8.979329e-01,5.272003e-01,9.290267e+00,7.646402e-01,9.020320e+00,8.840647e-01,1.273319e+01
2.160000e+02,2.583939e+03,9.271316e-01,5.271997e-01,9.862761e+00,7.761664e-01,9.068332e+00,8.921150e-01,1.297707e+01
2.170000e+02,2.605242e+03,9.570291e-01,5.271883e-01,9.816993e+00,7.736097e-01,9.061276e+00,8.949451e-01,1.312792e+01
2.180000e+02,2.620922e+03,9.176797e-01,5.271093e-01,9.463711e+00,7.794812e-01,9.029820e+00,8.930631e-01,1.295112e+01
2.190000e+02,2.599637e+03,9.883202e-01,5.272333e-01,9.127156e+00,7.423544e-01,9.007622e+00,8.827098e-01,1.306692e+01
2.200000e+02,2.590683e+03,9.435179e-01,5.272347e-01,9.333552e+00,7.535061e-01,9.018303e+00,8.886129e-01,1.292818e+01
2.210000e+02,2.583091e+03,9.253734e-01,5.271690e-01,1.001577e+01,7.317486e-01,9.072763e+00,9.061436e-01,1.281633e+01
2.220000e+02,2.631326e+03,9.010907e-01,5.272670e-01,9.026482e+00,7.294447e-01,8.978169e+00,8.710971e-01,1.250816e+01
2.230000e+02,2.652519e+03,-1.000000e+00,5.270750e-01,8.918427e+00,7.325228e-01,8.983602e+00,8.758730e-01,3.041979e+00
2.240000e+02,2.622091e+03,9.156027e-01,5.272610e-01,9.742225e+00,7.857552e-01,9.056045e+00,8.917777e-01,1.296568e+01
2.250000e+02,2.622310e+03,9.152214e-01,5.271783e-01,9.592032e+00,7.269033e-01,9.035994e+00,8.919273e-01,1.267026e+01
2.260000e+02,2.599192e+03,9.826755e-01,5.272900e-01,9.050128e+00,7.454524e-01,8.989993e+00,8.769144e-01,1.302521e+01
2.270000e+02,2.621489e+03,9.166636e-01,5.272497e-01,8.941027e+00,7.271721e-01,8.981847e+00,8.741903e-01,1.259013e+01
2.280000e+02,2.592080e+03,9.476950e-01,5.271073e-01,9.111682e+00,7.310494e-01,9.002497e+00,8.783921e-01,1.278568e+01
2.290000e+02,2.611825e+03,9.368218e-01,5.272223e-01,9.932392e+00,7.277652e-01,9.065973e+00,9.046728e-01,1.284630e+01
2.300000e+02,2.591744e+03,9.466551e-01,5.271617e-01,9.539104e+00,7.500345e-01,9.020390e+00,8.849285e-01,1.290809e+01
2.310000e+02,2.559899e+03,8.895285e-01,5.271380e-01,9.176849e+00,7.501261e-01,9.014175e+00,8.815863e-01,1.260620e+01
2.320000e+02,2.583808e+03,9.268569e-01,5.271717e-01,9.898847e+00,7.424656e-01,9.069602e+00,9.009027e-01,1.285113e+01
2.330000e+02,2.605008e+03,9.579560e-01,5.271933e-01,1.049236e+01,6.993802e-01,9.121150e+00,9.192112e-01,1.288274e+01
2.340000e+02,2.575520e+03,9.115497e-01,5.272017e-01,9.606642e+00,7.838605e-01,9.039207e+00,8.897321e-01,1.292571e+01
2.350000e+02,2.632513e+03,8.994219e-01,5.272037e-01,9.926868e+00,7.409745e-01,9.076694e+00,9.050524e-01,1.272724e+01
2.360000e+02,2.598335e+03,9.753169e-01,5.272180e-01,9.148396e+00,7.669927e-01,9.009028e+00,8.774183e-01,1.309864e+01
2.370000e+02,2.601331e+03,9.778725e-01,5.271113e-01,9.153800e+00,7.435597e-01,9.012439e+00,8.811532e-01,1.301293e+01
2.380000e+02,2.596695e+03,9.655733e-01,5.272000e-01,9.589296e+00,7.565406e-01,9.060091e+00,8.973726e-01,1.309743e+01
2.390000e+02,2.606398e+03,9.527395e-01,5.271730e-01,8.925224e+00,7.210913e-01,8.991680e+00,8.729126e-01,1.273372e+01
2.400000e+02,2.620085e+03,9.192085e-01,5.271483e-01,9.024415e+00,7.213003e-01,8.983524e+00,8.721435e-01,1.256326e+01
2.410000e+02,2.608646e+03,9.454787e-01,5.271717e-01,9.398407e+00,7.645083e-01,9.018438e+00,8.880180e-01,1.299003e+01
2.420000e+02,2.648104e+03,8.802658e-01,5.271953e-01,9.982101e+00,7.533573e-01,9.084088e+00,9.006861e-01,1.267155e+01
2.430000e+02,2.595203e+03,9.588161e-01,5.271933e-01,9.433946e+00,7.511982e-01,9.040633e+00,8.939537e-01,1.301984e+01
2.440000e+02,2.594761e+03,9.570402e-01,5.271913e-01,8.940914e+00,7.306558e-01,8.979842e+00,8.726592e-01,1.280178e+01
2.450000e+02,2.590448e+03,9.428527e-01,5.271633e-01,9.228306e+00,7.602077e-01,9.007343e+00,8.816323e-01,1.292346e+01
2.460000e+02,2.597803e+03,9.717534e-01,5.272000e-01,9.697317e+00,7.899906e-01,9.038825e+00,8.910539e-01,1.326399e+01
2.470000e+02,2.644330e+03,8.845047e-01,5.272037e-01,1.044296e+01,7.191450e-01,9.119515e+00,9.150968e-01,1.259373e+01
2.480000e+02,2.581572e+03,9.223485e-01,5.271257e-01,9.785652e+00,7.401072e-01,9.048857e+00,8.979524e-01,1.280204e+01
2.490000e+02,2.557467e+03,8.866019e-01,5.271867e-01,9.511496e+00,7.822424e-01,9.026086e+00,8.851348e-01,1.276990e+01
2.500000e+02,2.605029e+03,9.578732e-01,5.272267e-01,9.268532e+00,7.557429e-01,9.008023e+00,8.843343e-01,1.298975e+01
2.510000e+02,2.581032e+03,9.213090e-01,5.271847e-01,9.389831e+00,7.545389e-01,9.013908e+00,8.860384e-01,1.280943e+01
2.520000e+02,2.591818e+03,9.468830e-01,5.271160e-01,9.216095e+00,7.471088e-01,9.001179e+00,8.800582e-01,1.287025e+01
2.530000e+02,2.596862e+03,9.664239e-01,5.271787e-01,9.949484e+00,7.220134e-01,9.069864e+00,9.061813e-01,1.297309e+01
2.540000e+02,2.617972e+03,9.232406e-01,5.271940e-01,8.995032e+00,7.377684e-01,8.984641e+00,8.761215e-01,1.268565e+01
2.550000e+02,2.576126e+03,9.125543e-01,5.272800e-01,8.671804e+00,7.272972e-01,8.956572e+00,8.652982e-01,1.252575e+01
2.560000e+02,2.629454e+03,9.038042e-01,5.271897e-01,9.219862e+00,7.456868e-01,9.005834e+00,8.829730e-01,1.266232e+01
