# step_count,fitted_elastic_modulus,elastic_modulus_match_degree,average_bond_length,average_persistence_length,persistence_length_match_degree,average_end_to_end_distance,end_to_end_distance_match_degree,reward_value
1.000000e+00,2.664019e+03,-1.000000e+00,5.271697e-01,2.391019e+01,-1.000000e+00,9.568278e+00,-1.000000e+00,-1.500000e+01
2.000000e+00,2.928499e+03,-1.000000e+00,5.272603e-01,1.364889e+01,-1.000000e+00,9.304799e+00,8.537248e-01,-5.731376e+00
3.000000e+00,2.623621e+03,9.129787e-01,5.272240e-01,1.707724e+01,-1.000000e+00,9.422518e+00,-1.000000e+00,-5.435106e+00
4.000000e+00,3.146035e+03,-1.000000e+00,5.271887e-01,1.301517e+01,-1.000000e+00,9.260898e+00,8.757415e-01,-5.621292e+00
5.000000e+00,2.953099e+03,-1.000000e+00,5.272253e-01,1.210928e+01,6.420703e-01,9.221171e+00,8.851361e-01,2.636032e+00
6.000000e+00,2.631746e+03,9.004961e-01,5.271517e-01,1.086766e+01,6.817469e-01,9.139932e+00,9.271288e-01,1.254686e+01
7.000000e+00,3.096982e+03,-1.000000e+00,5.272263e-01,1.711301e+01,-1.000000e+00,9.420910e+00,-1.000000e+00,-1.500000e+01
8.000000e+00,2.893771e+03,-1.000000e+00,5.271803e-01,2.103704e+01,-1.000000e+00,9.514858e+00,-1.000000e+00,-1.500000e+01
9.000000e+00,2.710389e+03,-1.000000e+00,5.271537e-01,2.323261e+01,-1.000000e+00,9.554699e+00,-1.000000e+00,-1.500000e+01
1.000000e+01,2.679847e+03,-1.000000e+00,5.272210e-01,1.964209e+01,-1.000000e+00,9.490889e+00,-1.000000e+00,-1.500000e+01
1.100000e+01,3.129714e+03,-1.000000e+00,5.271257e-01,1.993453e+01,-1.000000e+00,9.494958e+00,-1.000000e+00,-1.500000e+01
1.200000e+01,3.183039e+03,-1.000000e+00,5.271167e-01,1.238113e+01,6.138728e-01,9.233934e+00,8.832226e-01,2.485477e+00
1.300000e+01,2.525125e+03,-1.000000e+00,5.272380e-01,2.173839e+01,-1.000000e+00,9.525509e+00,-1.000000e+00,-1.500000e+01
1.400000e+01,2.844738e+03,-1.000000e+00,5.270913e-01,2.169628e+01,-1.000000e+00,9.524892e+00,-1.000000e+00,-1.500000e+01
1.500000e+01,2.708964e+03,-1.000000e+00,5.271633e-01,1.318859e+01,-1.000000e+00,9.279337e+00,8.662318e-01,-5.668841e+00
1.600000e+01,2.907516e+03,-1.000000e+00,5.271307e-01,2.509715e+01,-1.000000e+00,9.580331e+00,-1.000000e+00,-1.500000e+01
1.700000e+01,2.866394e+03,-1.000000e+00,5.271970e-01,1.403491e+01,-1.000000e+00,9.310224e+00,8.551812e-01,-5.724094e+00
1.800000e+01,2.905156e+03,-1.000000e+00,5.272127e-01,1.774476e+01,-1.000000e+00,9.453811e+00,-1.000000e+00,-1.500000e+01
1.900000e+01,3.024510e+03,-1.000000e+00,5.271737e-01,2.247407e+01,-1.000000e+00,9.534129e+00,-1.000000e+00,-1.500000e+01
2.000000e+01,2.491942e+03,-1.000000e+00,5.271320e-01,1.997737e+01,-1.000000e+00,9.490722e+00,-1.000000e+00,-1.500000e+01
2.100000e+01,3.113488e+03,-1.000000e+00,5.271833e-01,1.875954e+01,-1.000000e+00,9.469472e+00,-1.000000e+00,-1.500000e+01
2.200000e+01,2.996980e+03,-1.000000e+00,5.271527e-01,2.347795e+01,-1.000000e+00,9.558666e+00,-1.000000e+00,-1.500000e+01
2.300000e+01,2.455761e+03,-1.000000e+00,5.272083e-01,1.689559e+01,-1.000000e+00,9.420523e+00,-1.000000e+00,-1.500000e+01
2.400000e+01,3.012416e+03,-1.000000e+00,5.271003e-01,1.724946e+01,-1.000000e+00,9.430091e+00,-1.000000e+00,-1.500000e+01
2.500000e+01,2.600489e+03,9.864730e-01,5.270763e-01,1.330998e+01,-1.000000e+00,9.285509e+00,8.607045e-01,4.235887e+00
2.600000e+01,2.599699e+03,9.893535e-01,5.272017e-01,1.539716e+01,-1.000000e+00,9.372931e+00,-1.000000e+00,-5.053233e+00
2.700000e+01,2.725257e+03,-1.000000e+00,5.271310e-01,2.174091e+01,-1.000000e+00,9.534251e+00,-1.000000e+00,-1.500000e+01
2.800000e+01,2.926505e+03,-1.000000e+00,5.271670e-01,1.214212e+01,6.148839e-01,9.217696e+00,8.947835e-01,2.548337e+00
2.900000e+01,3.169373e+03,-1.000000e+00,5.271940e-01,1.457039e+01,-1.000000e+00,9.333653e+00,-1.000000e+00,-1.500000e+01
3.000000e+01,2.740930e+03,-1.000000e+00,5.271830e-01,1.935753e+01,-1.000000e+00,9.487163e+00,-1.000000e+00,-1.500000e+01
3.100000e+01,2.801067e+03,-1.000000e+00,5.271630e-01,2.120157e+01,-1.000000e+00,9.521469e+00,-1.000000e+00,-1.500000e+01
3.200000e+01,2.824334e+03,-1.000000e+00,5.271113e-01,1.920006e+01,-1.000000e+00,9.477700e+00,-1.000000e+00,-1.500000e+01
3.300000e+01,2.623086e+03,9.138850e-01,5.272127e-01,1.868458e+01,-1.000000e+00,9.458632e+00,-1.000000e+00,-5.430575e+00
3.400000e+01,3.082282e+03,-1.000000e+00,5.271960e-01,2.297908e+01,-1.000000e+00,9.553449e+00,-1.000000e+00,-1.500000e+01
3.500000e+01,3.084912e+03,-1.000000e+00,5.272580e-01,1.031663e+01,7.254302e-01,9.105645e+00,9.149008e-01,3.201655e+00
3.600000e+01,3.223774e+03,-1.000000e+00,5.272113e-01,1.895537e+01,-1.000000e+00,9.472373e+00,-1.000000e+00,-1.500000e+01
3.700000e+01,3.062191e+03,-1.000000e+00,5.272137e-01,1.694409e+01,-1.000000e+00,9.416205e+00,-1.000000e+00,-1.500000e+01
3.800000e+01,2.707140e+03,-1.000000e+00,5.272110e-01,1.882479e+01,-1.000000e+00,9.471759e+00,-1.000000e+00,-1.500000e+01
3.900000e+01,2.986904e+03,-1.000000e+00,5.272060e-01,1.090290e+01,6.724308e-01,9.147454e+00,9.316562e-01,3.020435e+00
4.000000e+01,2.667686e+03,-1.000000e+00,5.272453e-01,1.441136e+01,-1.000000e+00,9.330365e+00,-1.000000e+00,-1.500000e+01
4.100000e+01,2.988961e+03,-1.000000e+00,5.272670e-01,2.157332e+01,-1.000000e+00,9.529417e+00,-1.000000e+00,-1.500000e+01
4.200000e+01,3.208306e+03,-1.000000e+00,5.272410e-01,1.852226e+01,-1.000000e+00,9.455713e+00,-1.000000e+00,-1.500000e+01
4.300000e+01,2.988275e+03,-1.000000e+00,5.271977e-01,2.277640e+01,-1.000000e+00,9.546724e+00,-1.000000e+00,-1.500000e+01
4.400000e+01,3.013198e+03,-1.000000e+00,5.271690e-01,1.907420e+01,-1.000000e+00,9.477718e+00,-1.000000e+00,-1.500000e+01
4.500000e+01,2.618796e+03,9.216371e-01,5.271730e-01,1.409088e+01,-1.000000e+00,9.318197e+00,-1.000000e+00,-5.391815e+00
4.600000e+01,2.821521e+03,-1.000000e+00,5.271130e-01,1.058018e+01,6.906648e-01,9.119123e+00,9.235257e-01,3.070953e+00
4.700000e+01,3.127153e+03,-1.000000e+00,5.272090e-01,2.018249e+01,-1.000000e+00,9.493206e+00,-1.000000e+00,-1.500000e+01
4.800000e+01,2.827510e+03,-1.000000e+00,5.272450e-01,1.996662e+01,-1.000000e+00,9.491671e+00,-1.000000e+00,-1.500000e+01
4.900000e+01,2.832557e+03,-1.000000e+00,5.271940e-01,1.867582e+01,-1.000000e+00,9.464109e+00,-1.000000e+00,-1.500000e+01
5.000000e+01,3.191989e+03,-1.000000e+00,5.272053e-01,1.698851e+01,-1.000000e+00,9.424700e+00,-1.000000e+00,-1.500000e+01
5.100000e+01,2.453299e+03,-1.000000e+00,5.271763e-01,2.410910e+01,-1.000000e+00,9.567915e+00,-1.000000e+00,-1.500000e+01
5.200000e+01,3.094878e+03,-1.000000e+00,5.272403e-01,1.947655e+01,-1.000000e+00,9.474464e+00,-1.000000e+00,-1.500000e+01
5.300000e+01,3.006321e+03,-1.000000e+00,5.272253e-01,2.114879e+01,-1.000000e+00,9.513935e+00,-1.000000e+00,-1.500000e+01
5.400000e+01,2.559288e+03,8.887830e-01,5.272183e-01,1.900982e+01,-1.000000e+00,9.469533e+00,-1.000000e+00,-5.556085e+00
5.500000e+01,2.996322e+03,-1.000000e+00,5.271717e-01,2.326820e+01,-1.000000e+00,9.558196e+00,-1.000000e+00,-1.500000e+01
5.600000e+01,2.561751e+03,8.918307e-01,5.271933e-01,1.549633e+01,-1.000000e+00,9.374709e+00,-1.000000e+00,-5.540846e+00
5.700000e+01,2.816939e+03,-1.000000e+00,5.271260e-01,1.151103e+01,6.398906e-01,9.189267e+00,9.094953e-01,2.746930e+00
5.800000e+01,2.674624e+03,-1.000000e+00,5.271647e-01,1.601916e+01,-1.000000e+00,9.397266e+00,-1.000000e+00,-1.500000e+01
5.900000e+01,3.001358e+03,-1.000000e+00,5.271533e-01,2.290724e+01,-1.000000e+00,9.545565e+00,-1.000000e+00,-1.500000e+01
6.000000e+01,2.443040e+03,-1.000000e+00,5.271680e-01,2.086500e+01,-1.000000e+00,9.514622e+00,-1.000000e+00,-1.500000e+01
6.100000e+01,3.072028e+03,-1.000000e+00,5.271723e-01,1.633536e+01,-1.000000e+00,9.398605e+00,-1.000000e+00,-1.500000e+01
6.200000e+01,2.879050e+03,-1.000000e+00,5.271170e-01,1.881772e+01,-1.000000e+00,9.473660e+00,-1.000000e+00,-1.500000e+01
6.300000e+01,3.205636e+03,-1.000000e+00,5.272320e-01,1.330284e+01,-1.000000e+00,9.270962e+00,8.689462e-01,-5.655269e+00
6.400000e+01,2.795275e+03,-1.000000e+00,5.271777e-01,2.309654e+01,-1.000000e+00,9.549481e+00,-1.000000e+00,-1.500000e+01
6.500000e+01,2.519065e+03,-1.000000e+00,5.271807e-01,1.876574e+01,-1.000000e+00,9.471971e+00,-1.000000e+00,-1.500000e+01
6.600000e+01,3.225440e+03,-1.000000e+00,5.271773e-01,1.836465e+01,-1.000000e+00,9.454254e+00,-1.000000e+00,-1.500000e+01
6.700000e+01,2.527736e+03,-1.000000e+00,5.272320e-01,2.152899e+01,-1.000000e+00,9.526709e+00,-1.000000e+00,-1.500000e+01
6.800000e+01,2.940927e+03,-1.000000e+00,5.271183e-01,1.998714e+01,-1.000000e+00,9.494588e+00,-1.000000e+00,-1.500000e+01
6.900000e+01,2.443303e+03,-1.000000e+00,5.272290e-01,1.447158e+01,-1.000000e+00,9.326730e+00,-1.000000e+00,-1.500000e+01
7.000000e+01,2.523408e+03,-1.000000e+00,5.271917e-01,8.990432e+00,7.234708e-01,8.985244e+00,8.738207e-01,2.986458e+00
7.100000e+01,2.695480e+03,-1.000000e+00,5.272110e-01,2.047940e+01,-1.000000e+00,9.505397e+00,-1.000000e+00,-1.500000e+01
7.200000e+01,3.035275e+03,-1.000000e+00,5.272070e-01,1.549466e+01,-1.000000e+00,9.378460e+00,-1.000000e+00,-1.500000e+01
7.300000e+01,2.968405e+03,-1.000000e+00,5.271513e-01,1.641089e+01,-1.000000e+00,9.404958e+00,-1.000000e+00,-1.500000e+01
7.400000e+01,2.533730e+03,-1.000000e+00,5.272410e-01,1.511766e+01,-1.000000e+00,9.354313e+00,-1.000000e+00,-1.500000e+01
7.500000e+01,3.028717e+03,-1.000000e+00,5.271593e-01,1.977946e+01,-1.000000e+00,9.498935e+00,-1.000000e+00,-1.500000e+01
7.600000e+01,2.930330e+03,-1.000000e+00,5.271720e-01,1.507212e+01,-1.000000e+00,9.356371e+00,-1.000000e+00,-1.500000e+01
7.700000e+01,3.031480e+03,-1.000000e+00,5.271927e-01,2.148893e+01,-1.000000e+00,9.530541e+00,-1.000000e+00,-1.500000e+01
7.800000e+01,2.530900e+03,-1.000000e+00,5.272020e-01,1.384023e+01,-1.000000e+00,9.317837e+00,-1.000000e+00,-1.500000e+01
7.900000e+01,2.689999e+03,-1.000000e+00,5.271110e-01,2.294494e+01,-1.000000e+00,9.558422e+00,-1.000000e+00,-1.500000e+01
8.000000e+01,2.923111e+03,-1.000000e+00,5.271860e-01,2.135221e+01,-1.000000e+00,9.525713e+00,-1.000000e+00,-1.500000e+01
8.100000e+01,2.527041e+03,-1.000000e+00,5.271973e-01,1.634575e+01,-1.000000e+00,9.404987e+00,-1.000000e+00,-1.500000e+01
8.200000e+01,2.637254e+03,8.930956e-01,5.271460e-01,2.051904e+01,-1.000000e+00,9.512098e+00,-1.000000e+00,-5.534522e+00
8.300000e+01,2.627811e+03,9.062694e-01,5.271633e-01,2.032839e+01,-1.000000e+00,9.496724e+00,-1.000000e+00,-5.468653e+00
8.400000e+01,2.893897e+03,-1.000000e+00,5.271893e-01,2.035787e+01,-1.000000e+00,9.501798e+00,-1.000000e+00,-1.500000e+01
8.500000e+01,3.222932e+03,-1.000000e+00,5.271487e-01,1.430926e+01,-1.000000e+00,9.335091e+00,-1.000000e+00,-1.500000e+01
8.600000e+01,3.192523e+03,-1.000000e+00,5.271800e-01,1.008973e+01,7.119351e-01,9.079903e+00,9.086207e-01,3.102779e+00
8.700000e+01,2.533262e+03,-1.000000e+00,5.271643e-01,2.337918e+01,-1.000000e+00,9.558842e+00,-1.000000e+00,-1.500000e+01
8.800000e+01,3.188054e+03,-1.000000e+00,5.272050e-01,2.309061e+01,-1.000000e+00,9.548289e+00,-1.000000e+00,-1.500000e+01
8.900000e+01,2.744886e+03,-1.000000e+00,5.271340e-01,1.751526e+01,-1.000000e+00,9.432442e+00,-1.000000e+00,-1.500000e+01
9.000000e+01,2.490902e+03,-1.000000e+00,5.271700e-01,1.164844e+01,6.427116e-01,9.193251e+00,9.044110e-01,2.735613e+00
9.100000e+01,2.970405e+03,-1.000000e+00,5.272240e-01,1.498630e+01,-1.000000e+00,9.357826e+00,-1.000000e+00,-1.500000e+01
9.200000e+01,2.936560e+03,-1.000000e+00,5.271637e-01,1.121571e+01,6.462408e-01,9.152967e+00,9.299804e-01,2.881106e+00
9.300000e+01,2.590328e+03,9.425140e-01,5.271397e-01,1.948370e+01,-1.000000e+00,9.493450e+00,-1.000000e+00,-5.287430e+00
9.400000e+01,2.563414e+03,8.939563e-01,5.271663e-01,1.125006e+01,6.481497e-01,9.174163e+00,9.172172e-01,1.229662e+01
9.500000e+01,3.063668e+03,-1.000000e+00,5.271830e-01,2.199062e+01,-1.000000e+00,9.537926e+00,-1.000000e+00,-1.500000e+01
9.600000e+01,3.067389e+03,-1.000000e+00,5.271943e-01,1.579751e+01,-1.000000e+00,9.377771e+00,-1.000000e+00,-1.500000e+01
9.700000e+01,3.228232e+03,-1.000000e+00,5.271450e-01,2.159519e+01,-1.000000e+00,9.531235e+00,-1.000000e+00,-1.500000e+01
9.800000e+01,3.025511e+03,-1.000000e+00,5.271693e-01,1.655624e+01,-1.000000e+00,9.409303e+00,-1.000000e+00,-1.500000e+01
9.900000e+01,3.175675e+03,-1.000000e+00,5.272150e-01,1.057735e+01,6.914656e-01,9.119896e+00,9.194206e-01,3.054431e+00
1.000000e+02,2.733376e+03,-1.000000e+00,5.271167e-01,2.288562e+01,-1.000000e+00,9.547653e+00,-1.000000e+00,-1.500000e+01
1.010000e+02,2.585681e+03,9.309146e-01,5.272087e-01,9.832899e+00,7.584075e-01,9.064659e+00,8.956194e-01,1.292471e+01
1.020000e+02,2.609839e+03,9.420493e-01,5.271623e-01,1.070505e+01,6.837249e-01,9.130498e+00,9.253133e-01,1.275544e+01
1.030000e+02,2.612938e+03,9.341066e-01,5.272080e-01,8.892233e+00,7.301748e-01,8.979139e+00,8.736037e-01,1.268943e+01
1.040000e+02,2.581085e+03,9.214098e-01,5.272523e-01,8.756463e+00,7.227716e-01,8.975494e+00,8.669592e-01,1.255570e+01
1.050000e+02,2.600449e+03,9.870328e-01,5.271303e-01,8.945133e+00,7.218314e-01,8.979591e+00,8.695539e-01,1.289209e+01
1.060000e+02,2.602575e+03,9.694907e-01,5.271453e-01,9.636078e+00,7.695980e-01,9.041222e+00,8.964579e-01,1.317773e+01
1.070000e+02,2.589477e+03,9.401854e-01,5.271913e-01,1.031975e+01,7.376755e-01,9.105998e+00,9.080222e-01,1.292942e+01
1.080000e+02,2.588761e+03,9.383086e-01,5.271277e-01,9.685938e+00,8.079043e-01,9.054046e+00,8.872511e-01,1.316732e+01
1.090000e+02,2.596771e+03,9.659573e-01,5.272560e-01,9.127003e+00,7.509998e-01,8.992802e+00,8.768933e-01,1.296925e+01
1.100000e+02,2.631996e+03,9.001441e-01,5.272623e-01,9.866558e+00,7.562376e-01,9.082184e+00,8.986978e-01,1.277540e+01
1.110000e+02,2.599726e+03,9.898417e-01,5.271917e-01,1.042496e+01,7.017857e-01,9.116754e+00,9.190101e-01,1.305319e+01
1.120000e+02,2.600764e+03,9.831453e-01,5.272097e-01,9.486341e+00,7.570744e-01,9.035753e+00,8.890363e-01,1.314628e+01
1.130000e+02,2.612144e+03,9.360282e-01,5.272490e-01,9.083274e+00,7.358889e-01,8.997992e+00,8.792634e-01,1.275590e+01
1.140000e+02,2.622660e+03,9.146155e-01,5.272087e-01,9.266148e+00,7.523609e-01,9.026262e+00,8.816682e-01,1.274322e+01
1.150000e+02,2.585754e+03,9.310791e-01,5.272257e-01,9.845429e+00,7.553152e-01,9.060063e+00,9.005250e-01,1.293460e+01
1.160000e+02,2.642718e+03,8.863841e-01,5.272273e-01,1.065352e+01,7.093374e-01,9.131321e+00,9.159640e-01,1.255843e+01
1.170000e+02,2.603715e+03,9.635786e-01,5.271733e-01,9.995223e+00,7.522553e-01,9.068092e+00,8.988984e-01,1.307366e+01
1.180000e+02,2.633057e+03,8.986683e-01,5.271433e-01,8.979268e+00,7.328251e-01,8.989593e+00,8.778939e-01,1.254694e+01
1.190000e+02,2.624827e+03,9.109810e-01,5.272087e-01,1.071707e+01,6.844319e-01,9.138089e+00,9.229428e-01,1.259178e+01
1.200000e+02,2.612726e+03,9.346122e-01,5.271867e-01,9.282525e+00,7.450520e-01,9.017173e+00,8.819392e-01,1.280802e+01
1.210000e+02,2.608993e+03,9.444540e-01,5.271070e-01,9.209281e+00,7.465194e-01,8.997900e+00,8.786897e-01,1.284832e+01
1.220000e+02,2.599906e+03,9.940264e-01,5.271637e-01,1.030645e+01,6.898143e-01,9.097336e+00,9.224080e-01,1.303124e+01
1.230000e+02,2.588779e+03,9.383542e-01,5.271507e-01,9.469925e+00,7.804497e-01,9.028639e+00,8.918136e-01,1.305309e+01
1.240000e+02,2.628907e+03,9.046159e-01,5.271640e-01,9.618445e+00,7.755015e-01,9.053416e+00,8.941766e-01,1.287147e+01
1.250000e+02,2.601701e+03,9.750631e-01,5.272150e-01,1.137417e+01,6.389290e-01,9.176678e+00,9.185081e-01,1.266250e+01
1.260000e+02,2.616016e+03,9.272269e-01,5.272660e-01,1.053279e+01,6.897897e-01,9.112676e+00,9.165537e-01,1.266785e+01
1.270000e+02,2.583773e+03,9.267840e-01,5.271077e-01,9.151875e+00,7.387477e-01,8.987463e+00,8.757523e-01,1.270642e+01
1.280000e+02,2.609270e+03,9.436543e-01,5.272523e-01,1.035233e+01,7.149141e-01,9.103580e+00,9.090759e-01,1.283822e+01
1.290000e+02,2.607417e+03,9.492981e-01,5.272523e-01,9.867823e+00,7.474887e-01,9.060147e+00,9.005981e-01,1.298692e+01
1.300000e+02,2.602911e+03,9.676200e-01,5.271080e-01,9.599393e+00,7.608059e-01,9.047025e+00,8.880513e-01,1.308239e+01
1.310000e+02,2.615251e+03,9.288601e-01,5.272180e-01,9.404762e+00,7.657516e-01,9.027242e+00,8.880781e-01,1.291345e+01
1.320000e+02,2.607295e+03,9.496964e-01,5.272830e-01,1.044702e+01,6.938410e-01,9.101702e+00,9.181391e-01,1.280838e+01
1.330000e+02,2.601450e+03,9.769309e-01,5.272103e-01,1.126240e+01,6.771024e-01,9.170917e+00,9.141793e-01,1.284106e+01
1.340000e+02,2.614278e+03,9.310076e-01,5.272073e-01,9.544330e+00,7.594810e-01,9.035606e+00,8.950473e-01,1.292768e+01
1.350000e+02,2.601688e+03,9.751515e-01,5.271903e-01,9.837944e+00,7.331699e-01,9.066782e+00,9.047015e-01,1.306511e+01
1.360000e+02,2.603670e+03,9.637881e-01,5.272440e-01,1.019274e+01,7.379324e-01,9.087794e+00,9.054617e-01,1.303591e+01
1.370000e+02,2.607769e+03,9.481694e-01,5.272253e-01,9.705330e+00,7.687498e-01,9.047959e+00,8.960521e-01,1.306486e+01
1.380000e+02,2.569865e+03,9.028049e-01,5.271737e-01,1.004341e+01,7.386832e-01,9.056121e+00,9.015165e-01,1.271502e+01
1.390000e+02,2.597956e+03,9.727281e-01,5.272287e-01,9.184358e+00,7.223751e-01,8.994150e+00,8.730721e-01,1.284088e+01
1.400000e+02,2.599170e+03,9.824431e-01,5.271860e-01,1.003852e+01,7.057550e-01,9.077450e+00,9.094594e-01,1.298829e+01
1.410000e+02,2.598809e+03,9.790498e-01,5.270877e-01,9.200679e+00,7.510712e-01,8.990488e+00,8.761845e-01,1.303153e+01
1.420000e+02,2.597509e+03,9.699760e-01,5.271883e-01,1.097519e+01,6.893756e-01,9.148522e+00,9.238542e-01,1.291603e+01
1.430000e+02,2.617930e+03,9.233236e-01,5.272280e-01,9.735288e+00,7.321133e-01,9.055402e+00,9.041744e-01,1.279806e+01
1.440000e+02,2.614995e+03,9.294165e-01,5.271800e-01,1.188823e+01,6.370877e-01,9.216465e+00,8.904232e-01,1.228464e+01
1.450000e+02,2.612337e+03,9.355548e-01,5.271587e-01,1.080637e+01,6.773040e-01,9.148432e+00,9.292427e-01,1.271051e+01
1.460000e+02,2.569096e+03,9.016943e-01,5.272297e-01,9.123749e+00,7.489294e-01,8.998237e+00,8.774469e-01,1.264035e+01
1.470000e+02,2.625866e+03,9.093038e-01,5.271567e-01,9.398969e+00,7.864037e-01,9.028838e+00,8.847954e-01,1.290251e+01
1.480000e+02,2.622283e+03,9.152673e-01,5.271907e-01,9.464546e+00,7.439278e-01,9.048941e+00,8.922467e-01,1.275721e+01
1.490000e+02,2.585629e+03,9.307981e-01,5.272767e-01,1.026127e+01,7.017253e-01,9.093298e+00,9.130241e-01,1.272774e+01
1.500000e+02,2.615397e+03,9.285445e-01,5.272097e-01,9.150779e+00,7.613864e-01,9.009680e+00,8.791329e-01,1.284532e+01
1.510000e+02,2.609719e+03,9.423823e-01,5.272693e-01,9.705788e+00,7.538643e-01,9.043923e+00,8.962848e-01,1.296266e+01
1.520000e+02,2.621356e+03,9.169002e-01,5.272430e-01,1.075180e+01,6.908632e-01,9.143384e+00,9.257429e-01,1.266753e+01
1.530000e+02,2.597082e+03,9.675863e-01,5.271337e-01,1.002243e+01,7.323120e-01,9.079635e+00,9.051305e-01,1.302514e+01
1.540000e+02,2.657744e+03,-1.000000e+00,5.272167e-01,1.072516e+01,6.878556e-01,9.126303e+00,9.261670e-01,3.070113e+00
1.550000e+02,2.624964e+03,9.107577e-01,5.272317e-01,1.035679e+01,7.108489e-01,9.102392e+00,9.132481e-01,1.267427e+01
1.560000e+02,2.599329e+03,9.841918e-01,5.272000e-01,9.582614e+00,7.644433e-01,9.040580e+00,8.931225e-01,1.320879e+01
1.570000e+02,2.611482e+03,9.376868e-01,5.271817e-01,8.881545e+00,7.262393e-01,8.986528e+00,8.749680e-01,1.269447e+01
1.580000e+02,2.620752e+03,9.179871e-01,5.271033e-01,8.828713e+00,7.205803e-01,8.970591e+00,8.694335e-01,1.254000e+01
1.590000e+02,2.622087e+03,9.156097e-01,5.271883e-01,9.013638e+00,7.410414e-01,8.985873e+00,8.764649e-01,1.266558e+01
1.600000e+02,2.627907e+03,9.061240e-01,5.272770e-01,9.313566e+00,7.515965e-01,9.025641e+00,8.863008e-01,1.272011e+01
1.610000e+02,2.618691e+03,9.218397e-01,5.271580e-01,1.009236e+01,7.142376e-01,9.082161e+00,9.070295e-01,1.271553e+01
1.620000e+02,2.599431e+03,9.854236e-01,5.272040e-01,1.028769e+01,7.296194e-01,9.096526e+00,9.080087e-01,1.311526e+01
1.630000e+02,2.589257e+03,9.396034e-01,5.272293e-01,1.022122e+01,7.262887e-01,9.089159e+00,9.082545e-01,1.287073e+01
1.640000e+02,2.575445e+03,9.114255e-01,5.272683e-01,9.300654e+00,7.531344e-01,9.006430e+00,8.825717e-01,1.273566e+01
1.650000e+02,2.631493e+03,9.008544e-01,5.272760e-01,9.142957e+00,7.321212e-01,9.003599e+00,8.818682e-01,1.257422e+01
1.660000e+02,2.577706e+03,9.152493e-01,5.271533e-01,9.631347e+00,7.728848e-01,9.047839e+00,8.943534e-01,1.291244e+01
1.670000e+02,2.584288e+03,9.278693e-01,5.272310e-01,9.359317e+00,7.565594e-01,9.023604e+00,8.860815e-01,1.285255e+01
1.680000e+02,2.616503e+03,9.262094e-01,5.271683e-01,9.861202e+00,7.632670e-01,9.078895e+00,8.986909e-01,1.294084e+01
1.690000e+02,2.593669e+03,9.529757e-01,5.271863e-01,9.314675e+00,7.615901e-01,9.022217e+00,8.876065e-01,1.301086e+01
1.700000e+02,2.591699e+03,9.465170e-01,5.271473e-01,9.634691e+00,7.593145e-01,9.048053e+00,8.965360e-01,1.301184e+01
1.710000e+02,2.604788e+03,9.588513e-01,5.272230e-01,9.283897e+00,7.524340e-01,9.006007e+00,8.811677e-01,1.296227e+01
1.720000e+02,2.584933e+03,9.292605e-01,5.272050e-01,9.763228e+00,7.569890e-01,9.052416e+00,8.989910e-01,1.292620e+01
1.730000e+02,2.594887e+03,9.575368e-01,5.271843e-01,9.142363e+00,7.553256e-01,9.012123e+00,8.807603e-01,1.296811e+01
1.740000e+02,2.559522e+03,8.890676e-01,5.271717e-01,1.066407e+01,6.859970e-01,9.127514e+00,9.231099e-01,1.249087e+01
1.750000e+02,2.588343e+03,9.372438e-01,5.271603e-01,1.021691e+01,7.590272e-01,9.090993e+00,9.003174e-01,1.298294e+01
1.760000e+02,2.577335e+03,9.146066e-01,5.271793e-01,9.187133e+00,7.482515e-01,9.008208e+00,8.838221e-01,1.273340e+01
1.770000e+02,2.612525e+03,9.350975e-01,5.272673e-01,9.248147e+00,7.466364e-01,9.028048e+00,8.888382e-01,1.285286e+01
1.780000e+02,2.594647e+03,9.565940e-01,5.272697e-01,1.061480e+01,7.019035e-01,9.124998e+00,9.177009e-01,1.288099e+01
1.790000e+02,2.620446e+03,9.185452e-01,5.271790e-01,8.914814e+00,7.283807e-01,8.981110e+00,8.742578e-01,1.260592e+01
1.800000e+02,2.599889e+03,9.935087e-01,5.272187e-01,8.990601e+00,7.355913e-01,8.994584e+00,8.762551e-01,1.302678e+01
1.810000e+02,2.591605e+03,9.462317e-01,5.271747e-01,9.381552e+00,7.657400e-01,9.014157e+00,8.858250e-01,1.298898e+01
1.820000e+02,2.597161e+03,9.680108e-01,5.271783e-01,1.084540e+01,6.849728e-01,9.136445e+00,9.268507e-01,1.289917e+01
1.830000e+02,2.586781e+03,9.334420e-01,5.271867e-01,9.263940e+00,7.445317e-01,9.020669e+00,8.838801e-01,1.280927e+01
1.840000e+02,2.598898e+03,9.798251e-01,5.271927e-01,8.977118e+00,7.259256e-01,8.982934e+00,8.723511e-01,1.289051e+01
1.850000e+02,2.588579e+03,9.378430e-01,5.272193e-01,9.364329e+00,7.336160e-01,9.014303e+00,8.837016e-01,1.277580e+01
1.860000e+02,2.581330e+03,9.218798e-01,5.271463e-01,9.095389e+00,7.338498e-01,8.989310e+00,8.767959e-01,1.266263e+01
1.870000e+02,2.597957e+03,9.727301e-01,5.272610e-01,9.633721e+00,8.226706e-01,9.044274e+00,8.871746e-01,1.341288e+01
1.880000e+02,2.606466e+03,9.524987e-01,5.272003e-01,9.794148e+00,7.726366e-01,9.066054e+00,8.992513e-01,1.312193e+01
1.890000e+02,2.625151e+03,9.104534e-01,5.272180e-01,1.090275e+01,6.745538e-01,9.142469e+00,9.318011e-01,1.258404e+01
1.900000e+02,2.615163e+03,9.290518e-01,5.271550e-01,9.306974e+00,7.589097e-01,9.022338e+00,8.872322e-01,1.287597e+01
1.910000e+02,2.620746e+03,9.179983e-01,5.271670e-01,9.180587e+00,7.467339e-01,8.999714e+00,8.801231e-01,1.272428e+01
1.920000e+02,2.601721e+03,9.749164e-01,5.271890e-01,9.601737e+00,8.016671e-01,9.045431e+00,8.918839e-01,1.334234e+01
1.930000e+02,2.584268e+03,9.278264e-01,5.271607e-01,9.580101e+00,7.627210e-01,9.035645e+00,8.938771e-01,1.292212e+01
1.940000e+02,2.581054e+03,9.213502e-01,5.272067e-01,9.047078e+00,7.224683e-01,8.997369e+00,8.797600e-01,1.261789e+01
1.950000e+02,2.581374e+03,9.219651e-01,5.272397e-01,9.828833e+00,7.392602e-01,9.053142e+00,9.009070e-01,1.281066e+01
1.960000e+02,2.611484e+03,9.376807e-01,5.271927e-01,1.001942e+01,7.254614e-01,9.087518e+00,9.071437e-01,1.285143e+01
1.970000e+02,2.587437e+03,9.350069e-01,5.272487e-01,9.134822e+00,7.388146e-01,9.001627e+00,8.804129e-01,1.277117e+01
1.980000e+02,2.607006e+03,9.506518e-01,5.272270e-01,1.188956e+01,6.418214e-01,9.208663e+00,8.954485e-01,1.243961e+01
1.990000e+02,2.612941e+03,9.340989e-01,5.271980e-01,9.223224e+00,7.526151e-01,9.007242e+00,8.837576e-01,1.285236e+01
2.000000e+02,2.600451e+03,9.870038e-01,5.271323e-01,9.866539e+00,7.500388e-01,9.080535e+00,9.020296e-01,1.319536e+01
2.010000e+02,2.599054e+03,9.812821e-01,5.272363e-01,9.592179e+00,8.023681e-01,9.043267e+00,8.890035e-01,1.336327e+01
2.020000e+02,2.577092e+03,9.141885e-01,5.271967e-01,1.164543e+01,6.351865e-01,9.189649e+00,9.124449e-01,1.230910e+01
2.030000e+02,2.589912e+03,9.413637e-01,5.271170e-01,9.422503e+00,7.718996e-01,9.028980e+00,8.874775e-01,1.300370e+01
2.040000e+02,2.597376e+03,9.692109e-01,5.271697e-01,9.448058e+00,7.531235e-01,9.023358e+00,8.878788e-01,1.305107e+01
2.050000e+02,2.596688e+03,9.655373e-01,5.272237e-01,8.994701e+00,7.366913e-01,8.998891e+00,8.766492e-01,1.289439e+01
2.060000e+02,2.596086e+03,9.626509e-01,5.271357e-01,9.723703e+00,7.705937e-01,9.046159e+00,8.931820e-01,1.313213e+01
2.070000e+02,2.625336e+03,9.101536e-01,5.271110e-01,9.442591e+00,7.715573e-01,9.051274e+00,8.874792e-01,1.284595e+01
2.080000e+02,2.604024e+03,9.621490e-01,5.272250e-01,9.032256e+00,7.386029e-01,8.988760e+00,8.778254e-01,1.289289e+01
2.090000e+02,2.608585e+03,9.456598e-01,5.272093e-01,9.502147e+00,7.950575e-01,9.027108e+00,8.858888e-01,1.313303e+01
2.100000e+02,2.588080e+03,9.365829e-01,5.272663e-01,8.849240e+00,7.196354e-01,8.980804e+00,8.731235e-01,1.264671e+01
2.110000e+02,2.607995e+03,9.474595e-01,5.272437e-01,1.009560e+01,7.320405e-01,9.091503e+00,9.034110e-01,1.291456e+01
2.120000e+02,2.607304e+03,9.496649e-01,5.271600e-01,9.725116e+00,7.386018e-01,9.050671e+00,9.010788e-01,1.294673e+01
2.130000e+02,2.579959e+03,9.192905e-01,5.272107e-01,8.907707e+00,7.473478e-01,8.983485e+00,8.682964e-01,1.267467e+01
2.140000e+02,2.585481e+03,9.304683e-01,5.272297e-01,1.073275e+01,7.014964e-01,9.141766e+00,9.203120e-01,1.276138e+01
2.150000e+02,2.637380e+03,8.929345e-01,5.271380e-01,9.171330e+00,7.291345e-01,8.986684e+00,8.718248e-01,1.246947e+01
2.160000e+02,2.577533e+03,9.149491e-01,5.272900e-01,1.021954e+01,7.333679e-01,9.109430e+00,9.081236e-01,1.278220e+01
2.170000e+02,2.618707e+03,9.218098e-01,5.272190e-01,9.789332e+00,7.786939e-01,9.066969e+00,8.934574e-01,1.296981e+01
2.180000e+02,2.616857e+03,9.254805e-01,5.272187e-01,9.976705e+00,7.452353e-01,9.072276e+00,9.015662e-01,1.286141e+01
2.190000e+02,2.587070e+03,9.341254e-01,5.271370e-01,9.827339e+00,7.596431e-01,9.075669e+00,9.025745e-01,1.298172e+01
2.200000e+02,2.606811e+03,9.513099e-01,5.272527e-01,9.465383e+00,7.781486e-01,9.043287e+00,8.898616e-01,1.309660e+01
2.210000e+02,2.652582e+03,-1.000000e+00,5.271253e-01,9.462743e+00,7.780527e-01,9.031616e+00,8.892719e-01,3.336623e+00
2.220000e+02,2.603006e+03,9.671157e-01,5.271297e-01,9.522567e+00,7.578710e-01,9.017236e+00,8.846699e-01,1.304828e+01
2.230000e+02,2.606741e+03,9.515481e-01,5.271640e-01,1.047203e+01,6.843327e-01,9.127900e+00,9.250181e-01,1.280449e+01
2.240000e+02,2.596462e+03,9.644248e-01,5.272283e-01,1.188150e+01,6.249021e-01,9.207504e+00,8.996838e-01,1.244505e+01
2.250000e+02,2.577342e+03,9.146192e-01,5.272267e-01,8.780834e+00,7.030446e-01,8.974300e+00,8.734092e-01,1.245536e+01
2.260000e+02,2.621314e+03,9.169766e-01,5.271820e-01,1.014136e+01,7.421735e-01,9.100003e+00,9.023124e-01,1.280731e+01
2.270000e+02,2.613836e+03,9.320105e-01,5.271977e-01,9.089975e+00,7.467496e-01,8.994836e+00,8.773703e-01,1.278065e+01
2.280000e+02,2.585877e+03,9.313581e-01,5.272040e-01,1.094717e+01,6.613806e-01,9.158602e+00,9.283183e-01,1.260529e+01
2.290000e+02,2.607369e+03,9.494531e-01,5.272160e-01,1.006566e+01,7.240244e-01,9.077086e+00,9.061211e-01,1.289799e+01
2.300000e+02,2.601877e+03,9.738337e-01,5.272107e-01,8.719344e+00,7.168443e-01,8.959878e+00,8.659313e-01,1.278305e+01
2.310000e+02,2.597583e+03,9.704096e-01,5.271863e-01,1.034996e+01,6.893170e-01,9.095845e+00,9.171959e-01,1.288461e+01
2.320000e+02,2.582721e+03,9.246228e-01,5.271583e-01,9.402855e+00,7.449885e-01,9.022340e+00,8.869145e-01,1.278263e+01
2.330000e+02,2.614867e+03,9.296989e-01,5.272690e-01,9.005274e+00,7.369451e-01,8.994905e+00,8.756204e-01,1.271132e+01
2.340000e+02,2.580551e+03,9.203962e-01,5.272453e-01,1.054356e+01,7.176475e-01,9.128993e+00,9.141917e-01,1.276118e+01
2.350000e+02,2.612581e+03,9.349621e-01,5.271447e-01,9.601431e+00,7.759222e-01,9.034536e+00,8.923486e-01,1.301616e+01
2.360000e+02,2.598912e+03,9.799543e-01,5.271560e-01,9.564742e+00,7.574288e-01,9.038383e+00,8.965718e-01,1.316977e+01
2.370000e+02,2.577913e+03,9.156096e-01,5.271947e-01,8.960321e+00,7.349502e-01,8.971689e+00,8.720221e-01,1.261291e+01
2.380000e+02,2.604685e+03,9.592787e-01,5.271927e-01,9.691409e+00,7.746366e-01,9.057243e+00,8.931082e-01,1.313512e+01
2.390000e+02,2.605646e+03,9.554753e-01,5.271320e-01,9.818192e+00,7.332325e-01,9.059192e+00,9.030549e-01,1.295881e+01
2.400000e+02,2.599696e+03,9.893059e-01,5.272707e-01,1.012556e+01,7.329114e-01,9.094568e+00,9.086949e-01,1.315456e+01
2.410000e+02,2.582131e+03,9.234441e-01,5.271843e-01,9.685183e+00,7.363986e-01,9.046572e+00,8.984650e-01,1.279154e+01
2.420000e+02,2.602688e+03,9.688458e-01,5.272260e-01,1.030133e+01,7.193630e-01,9.100805e+00,9.118386e-01,1.300024e+01
2.430000e+02,2.581301e+03,9.218249e-01,5.272237e-01,9.710318e+00,7.571590e-01,9.052616e+00,8.978732e-01,1.288429e+01
2.440000e+02,2.596411e+03,9.641791e-01,5.271870e-01,9.335330e+00,7.571614e-01,9.010398e+00,8.844987e-01,1.302920e+01
2.450000e+02,2.592803e+03,9.500174e-01,5.271607e-01,1.034488e+01,6.995969e-01,9.113948e+00,9.171526e-01,1.283383e+01
2.460000e+02,2.584825e+03,9.290255e-01,5.272557e-01,9.826008e+00,7.629596e-01,9.057356e+00,8.942315e-01,1.293108e+01
2.470000e+02,2.558885e+03,8.882960e-01,5.271630e-01,9.807858e+00,7.623573e-01,9.061131e+00,8.963594e-01,1.273506e+01
2.480000e+02,2.612114e+03,9.361020e-01,5.271820e-01,1.037551e+01,7.072301e-01,9.104118e+00,9.136278e-01,1.278480e+01
2.490000e+02,2.599802e+03,9.913529e-01,5.272013e-01,9.181942e+00,7.399402e-01,9.012881e+00,8.835404e-01,1.307417e+01
2.500000e+02,2.593105e+03,9.510238e-01,5.271900e-01,9.694416e+00,7.519144e-01,9.053943e+00,8.965792e-01,1.299759e+01
2.510000e+02,2.586878e+03,9.336708e-01,5.271513e-01,9.605966e+00,7.748668e-01,9.038147e+00,8.932080e-01,1.300873e+01
2.520000e+02,2.596480e+03,9.645135e-01,5.271613e-01,9.782426e+00,7.649942e-01,9.048589e+00,8.925457e-01,1.311027e+01
2.530000e+02,2.589487e+03,9.402144e-01,5.271837e-01,8.661178e+00,7.171606e-01,8.962729e+00,8.680676e-01,1.262721e+01
2.540000e+02,2.582136e+03,9.234540e-01,5.272203e-01,1.043120e+01,7.141875e-01,9.112404e+00,9.129101e-01,1.275276e+01
2.550000e+02,2.603350e+03,9.653499e-01,5.271520e-01,1.007413e+01,7.506621e-01,9.092964e+00,9.001235e-01,1.308068e+01
2.560000e+02,2.587200e+03,9.344368e-01,5.271760e-01,9.912303e+00,7.523791e-01,9.073599e+00,8.995776e-01,1.293197e+01
