# step_count,fitted_elastic_modulus,elastic_modulus_match_degree,average_bond_length,average_persistence_length,persistence_length_match_degree,average_end_to_end_distance,end_to_end_distance_match_degree,reward_value
1.000000e+00,2.795775e+03,-1.000000e+00,5.271657e-01,1.359147e+01,-1.000000e+00,9.302561e+00,8.571684e-01,-5.714158e+00
2.000000e+00,3.211893e+03,-1.000000e+00,5.271570e-01,1.337502e+01,-1.000000e+00,9.287118e+00,8.642578e-01,-5.678711e+00
3.000000e+00,2.720053e+03,-1.000000e+00,5.271467e-01,2.299664e+01,-1.000000e+00,9.542970e+00,-1.000000e+00,-1.500000e+01
4.000000e+00,2.536629e+03,-1.000000e+00,5.272697e-01,1.676585e+01,-1.000000e+00,9.408520e+00,-1.000000e+00,-1.500000e+01
5.000000e+00,2.766330e+03,-1.000000e+00,5.272173e-01,1.676368e+01,-1.000000e+00,9.416894e+00,-1.000000e+00,-1.500000e+01
6.000000e+00,3.097346e+03,-1.000000e+00,5.271240e-01,1.164676e+01,6.283699e-01,9.180769e+00,9.189218e-01,2.736458e+00
7.000000e+00,2.728124e+03,-1.000000e+00,5.271470e-01,2.097022e+01,-1.000000e+00,9.514066e+00,-1.000000e+00,-1.500000e+01
8.000000e+00,2.882344e+03,-1.000000e+00,5.271323e-01,2.210465e+01,-1.000000e+00,9.538534e+00,-1.000000e+00,-1.500000e+01
9.000000e+00,2.573420e+03,9.081751e-01,5.272553e-01,2.206052e+01,-1.000000e+00,9.531408e+00,-1.000000e+00,-5.459125e+00
1.000000e+01,2.725344e+03,-1.000000e+00,5.271957e-01,1.808303e+01,-1.000000e+00,9.448816e+00,-1.000000e+00,-1.500000e+01
1.100000e+01,2.627569e+03,9.066408e-01,5.273137e-01,1.963245e+01,-1.000000e+00,9.486398e+00,-1.000000e+00,-5.466796e+00
1.200000e+01,2.914669e+03,-1.000000e+00,5.272263e-01,1.590000e+01,-1.000000e+00,9.388348e+00,-1.000000e+00,-1.500000e+01
1.300000e+01,3.096283e+03,-1.000000e+00,5.271730e-01,2.264199e+01,-1.000000e+00,9.546064e+00,-1.000000e+00,-1.500000e+01
1.400000e+01,2.882630e+03,-1.000000e+00,5.271883e-01,1.214243e+01,6.193673e-01,9.220105e+00,8.919045e-01,2.556359e+00
1.500000e+01,2.945543e+03,-1.000000e+00,5.271447e-01,1.924584e+01,-1.000000e+00,9.477232e+00,-1.000000e+00,-1.500000e+01
1.600000e+01,2.452163e+03,-1.000000e+00,5.271597e-01,1.287424e+01,-1.000000e+00,9.261027e+00,8.722014e-01,-5.638993e+00
1.700000e+01,2.853285e+03,-1.000000e+00,5.272073e-01,2.318926e+01,-1.000000e+00,9.555252e+00,-1.000000e+00,-1.500000e+01
1.800000e+01,2.628412e+03,9.053581e-01,5.271690e-01,1.479470e+01,-1.000000e+00,9.356959e+00,-1.000000e+00,-5.473209e+00
1.900000e+01,2.528484e+03,-1.000000e+00,5.272000e-01,1.885412e+01,-1.000000e+00,9.481263e+00,-1.000000e+00,-1.500000e+01
2.000000e+01,2.770430e+03,-1.000000e+00,5.271667e-01,1.843194e+01,-1.000000e+00,9.456258e+00,-1.000000e+00,-1.500000e+01
2.100000e+01,2.925574e+03,-1.000000e+00,5.272287e-01,1.942485e+01,-1.000000e+00,9.481974e+00,-1.000000e+00,-1.500000e+01
2.200000e+01,3.205161e+03,-1.000000e+00,5.271350e-01,1.882383e+01,-1.000000e+00,9.474999e+00,-1.000000e+00,-1.500000e+01
2.300000e+01,3.188188e+03,-1.000000e+00,5.271907e-01,1.381253e+01,-1.000000e+00,9.308572e+00,8.536797e-01,-5.731602e+00
2.400000e+01,2.491906e+03,-1.000000e+00,5.271970e-01,2.398856e+01,-1.000000e+00,9.563667e+00,-1.000000e+00,-1.500000e+01
2.500000e+01,2.781909e+03,-1.000000e+00,5.271743e-01,1.275323e+01,-1.000000e+00,9.254544e+00,8.763078e-01,-5.618461e+00
2.600000e+01,3.195537e+03,-1.000000e+00,5.272140e-01,1.535379e+01,-1.000000e+00,9.366120e+00,-1.000000e+00,-1.500000e+01
2.700000e+01,2.933452e+03,-1.000000e+00,5.271910e-01,1.863435e+01,-1.000000e+00,9.470678e+00,-1.000000e+00,-1.500000e+01
2.800000e+01,2.951202e+03,-1.000000e+00,5.272057e-01,2.116262e+01,-1.000000e+00,9.519164e+00,-1.000000e+00,-1.500000e+01
2.900000e+01,2.897283e+03,-1.000000e+00,5.272480e-01,1.193737e+01,6.403407e-01,9.203576e+00,8.998061e-01,2.700734e+00
3.000000e+01,2.936671e+03,-1.000000e+00,5.270923e-01,1.958335e+01,-1.000000e+00,9.490265e+00,-1.000000e+00,-1.500000e+01
3.100000e+01,2.627787e+03,9.063064e-01,5.271573e-01,1.296438e+01,-1.000000e+00,9.263336e+00,8.715312e-01,3.889188e+00
3.200000e+01,2.816871e+03,-1.000000e+00,5.271713e-01,1.068704e+01,6.954316e-01,9.129084e+00,9.213525e-01,3.083921e+00
3.300000e+01,2.800290e+03,-1.000000e+00,5.272077e-01,1.800780e+01,-1.000000e+00,9.449478e+00,-1.000000e+00,-1.500000e+01
3.400000e+01,2.691013e+03,-1.000000e+00,5.270820e-01,1.771429e+01,-1.000000e+00,9.439284e+00,-1.000000e+00,-1.500000e+01
3.500000e+01,3.173503e+03,-1.000000e+00,5.272290e-01,2.276553e+01,-1.000000e+00,9.545736e+00,-1.000000e+00,-1.500000e+01
3.600000e+01,3.177398e+03,-1.000000e+00,5.271500e-01,2.258750e+01,-1.000000e+00,9.541373e+00,-1.000000e+00,-1.500000e+01
3.700000e+01,2.480137e+03,-1.000000e+00,5.272113e-01,2.225716e+01,-1.000000e+00,9.535688e+00,-1.000000e+00,-1.500000e+01
3.800000e+01,2.958808e+03,-1.000000e+00,5.271407e-01,1.008028e+01,7.424279e-01,9.087335e+00,9.059029e-01,3.241654e+00
3.900000e+01,2.704817e+03,-1.000000e+00,5.271070e-01,2.251730e+01,-1.000000e+00,9.542904e+00,-1.000000e+00,-1.500000e+01
4.000000e+01,2.826673e+03,-1.000000e+00,5.271830e-01,1.181799e+01,6.300050e-01,9.200158e+00,9.020898e-01,2.660474e+00
4.100000e+01,2.997938e+03,-1.000000e+00,5.272010e-01,1.444937e+01,-1.000000e+00,9.333336e+00,-1.000000e+00,-1.500000e+01
4.200000e+01,3.149414e+03,-1.000000e+00,5.271767e-01,1.530792e+01,-1.000000e+00,9.363649e+00,-1.000000e+00,-1.500000e+01
4.300000e+01,2.827592e+03,-1.000000e+00,5.270690e-01,2.282129e+01,-1.000000e+00,9.549377e+00,-1.000000e+00,-1.500000e+01
4.400000e+01,2.992032e+03,-1.000000e+00,5.271423e-01,1.695900e+01,-1.000000e+00,9.415688e+00,-1.000000e+00,-1.500000e+01
4.500000e+01,2.831340e+03,-1.000000e+00,5.271633e-01,1.922024e+01,-1.000000e+00,9.493208e+00,-1.000000e+00,-1.500000e+01
4.600000e+01,2.760710e+03,-1.000000e+00,5.271797e-01,1.464037e+01,-1.000000e+00,9.340217e+00,-1.000000e+00,-1.500000e+01
4.700000e+01,2.629750e+03,9.033679e-01,5.271473e-01,1.986153e+01,-1.000000e+00,9.491974e+00,-1.000000e+00,-5.483160e+00
4.800000e+01,3.145390e+03,-1.000000e+00,5.272190e-01,2.315357e+01,-1.000000e+00,9.553660e+00,-1.000000e+00,-1.500000e+01
4.900000e+01,2.742532e+03,-1.000000e+00,5.272083e-01,1.542897e+01,-1.000000e+00,9.377004e+00,-1.000000e+00,-1.500000e+01
5.000000e+01,3.133488e+03,-1.000000e+00,5.271753e-01,2.280362e+01,-1.000000e+00,9.546676e+00,-1.000000e+00,-1.500000e+01
5.100000e+01,2.757085e+03,-1.000000e+00,5.271410e-01,1.247737e+01,6.152089e-01,9.251598e+00,8.732641e-01,2.442365e+00
5.200000e+01,2.837337e+03,-1.000000e+00,5.272080e-01,2.097999e+01,-1.000000e+00,9.523210e+00,-1.000000e+00,-1.500000e+01
5.300000e+01,2.731068e+03,-1.000000e+00,5.271540e-01,1.651870e+01,-1.000000e+00,9.409966e+00,-1.000000e+00,-1.500000e+01
5.400000e+01,3.149485e+03,-1.000000e+00,5.272130e-01,1.310085e+01,-1.000000e+00,9.284785e+00,8.625845e-01,-5.687077e+00
5.500000e+01,3.073169e+03,-1.000000e+00,5.271850e-01,1.541792e+01,-1.000000e+00,9.373576e+00,-1.000000e+00,-1.500000e+01
5.600000e+01,2.789855e+03,-1.000000e+00,5.271513e-01,1.450568e+01,-1.000000e+00,9.341848e+00,-1.000000e+00,-1.500000e+01
5.700000e+01,3.167026e+03,-1.000000e+00,5.271333e-01,2.183541e+01,-1.000000e+00,9.530265e+00,-1.000000e+00,-1.500000e+01
5.800000e+01,3.199020e+03,-1.000000e+00,5.272003e-01,2.240034e+01,-1.000000e+00,9.533859e+00,-1.000000e+00,-1.500000e+01
5.900000e+01,2.813614e+03,-1.000000e+00,5.271530e-01,1.823105e+01,-1.000000e+00,9.462328e+00,-1.000000e+00,-1.500000e+01
6.000000e+01,2.886963e+03,-1.000000e+00,5.272167e-01,1.954534e+01,-1.000000e+00,9.487242e+00,-1.000000e+00,-1.500000e+01
6.100000e+01,2.528008e+03,-1.000000e+00,5.271847e-01,2.379019e+01,-1.000000e+00,9.561881e+00,-1.000000e+00,-1.500000e+01
6.200000e+01,3.076521e+03,-1.000000e+00,5.272180e-01,1.368573e+01,-1.000000e+00,9.307505e+00,8.553304e-01,-5.723348e+00
6.300000e+01,2.649055e+03,8.792299e-01,5.272040e-01,2.242521e+01,-1.000000e+00,9.544123e+00,-1.000000e+00,-5.603851e+00
6.400000e+01,2.814208e+03,-1.000000e+00,5.271430e-01,1.197011e+01,6.286183e-01,9.207186e+00,8.966439e-01,2.626311e+00
6.500000e+01,2.737814e+03,-1.000000e+00,5.273130e-01,2.055718e+01,-1.000000e+00,9.504760e+00,-1.000000e+00,-1.500000e+01
6.600000e+01,2.976199e+03,-1.000000e+00,5.272107e-01,1.584467e+01,-1.000000e+00,9.386716e+00,-1.000000e+00,-1.500000e+01
6.700000e+01,3.069956e+03,-1.000000e+00,5.271320e-01,2.277775e+01,-1.000000e+00,9.552215e+00,-1.000000e+00,-1.500000e+01
6.800000e+01,2.867336e+03,-1.000000e+00,5.271783e-01,1.817495e+01,-1.000000e+00,9.458661e+00,-1.000000e+00,-1.500000e+01
6.900000e+01,3.175272e+03,-1.000000e+00,5.271583e-01,1.063284e+01,6.990559e-01,9.125260e+00,9.199746e-01,3.095152e+00
7.000000e+01,2.487103e+03,-1.000000e+00,5.271977e-01,1.945568e+01,-1.000000e+00,9.491998e+00,-1.000000e+00,-1.500000e+01
7.100000e+01,2.579180e+03,9.178644e-01,5.272327e-01,1.915925e+01,-1.000000e+00,9.475728e+00,-1.000000e+00,-5.410678e+00
7.200000e+01,3.158015e+03,-1.000000e+00,5.271930e-01,2.245682e+01,-1.000000e+00,9.539593e+00,-1.000000e+00,-1.500000e+01
7.300000e+01,2.755954e+03,-1.000000e+00,5.272197e-01,1.819749e+01,-1.000000e+00,9.456816e+00,-1.000000e+00,-1.500000e+01
7.400000e+01,2.500571e+03,-1.000000e+00,5.271743e-01,1.379747e+01,-1.000000e+00,9.316045e+00,-1.000000e+00,-1.500000e+01
7.500000e+01,2.692616e+03,-1.000000e+00,5.271527e-01,2.079454e+01,-1.000000e+00,9.510399e+00,-1.000000e+00,-1.500000e+01
7.600000e+01,3.142090e+03,-1.000000e+00,5.271707e-01,2.209826e+01,-1.000000e+00,9.536274e+00,-1.000000e+00,-1.500000e+01
7.700000e+01,2.571027e+03,9.045167e-01,5.272743e-01,2.289068e+01,-1.000000e+00,9.549915e+00,-1.000000e+00,-5.477417e+00
7.800000e+01,3.001032e+03,-1.000000e+00,5.271623e-01,1.104175e+01,6.831177e-01,9.150786e+00,9.207632e-01,3.019404e+00
7.900000e+01,3.055279e+03,-1.000000e+00,5.271867e-01,2.290957e+01,-1.000000e+00,9.544061e+00,-1.000000e+00,-1.500000e+01
8.000000e+01,2.501808e+03,-1.000000e+00,5.272030e-01,2.093070e+01,-1.000000e+00,9.512254e+00,-1.000000e+00,-1.500000e+01
8.100000e+01,2.970838e+03,-1.000000e+00,5.271893e-01,1.151276e+01,6.493133e-01,9.186792e+00,9.067740e-01,2.780436e+00
8.200000e+01,2.674223e+03,-1.000000e+00,5.271680e-01,2.154515e+01,-1.000000e+00,9.525714e+00,-1.000000e+00,-1.500000e+01
8.300000e+01,3.103307e+03,-1.000000e+00,5.272550e-01,2.144165e+01,-1.000000e+00,9.520233e+00,-1.000000e+00,-1.500000e+01
8.400000e+01,2.547081e+03,-1.000000e+00,5.272313e-01,1.433571e+01,-1.000000e+00,9.329972e+00,-1.000000e+00,-1.500000e+01
8.500000e+01,2.683683e+03,-1.000000e+00,5.271567e-01,1.702700e+01,-1.000000e+00,9.426709e+00,-1.000000e+00,-1.500000e+01
8.600000e+01,3.172392e+03,-1.000000e+00,5.272267e-01,1.078511e+01,6.719276e-01,9.135286e+00,9.317761e-01,3.018519e+00
8.700000e+01,2.907705e+03,-1.000000e+00,5.271350e-01,9.200437e+00,7.487985e-01,9.004904e+00,8.831788e-01,3.159886e+00
8.800000e+01,2.745617e+03,-1.000000e+00,5.271750e-01,2.225215e+01,-1.000000e+00,9.536207e+00,-1.000000e+00,-1.500000e+01
8.900000e+01,2.782123e+03,-1.000000e+00,5.271253e-01,2.235084e+01,-1.000000e+00,9.540774e+00,-1.000000e+00,-1.500000e+01
9.000000e+01,2.605034e+03,9.578524e-01,5.272150e-01,1.102634e+01,6.730976e-01,9.144295e+00,9.255753e-01,1.278263e+01
9.100000e+01,3.011930e+03,-1.000000e+00,5.272370e-01,2.540116e+01,-1.000000e+00,9.583952e+00,-1.000000e+00,-1.500000e+01
9.200000e+01,2.987047e+03,-1.000000e+00,5.272737e-01,1.359649e+01,-1.000000e+00,9.295083e+00,8.603514e-01,-5.698243e+00
9.300000e+01,2.622538e+03,9.148262e-01,5.271753e-01,2.177085e+01,-1.000000e+00,9.530711e+00,-1.000000e+00,-5.425869e+00
9.400000e+01,2.555015e+03,8.837533e-01,5.271560e-01,1.095828e+01,6.808803e-01,9.148116e+00,9.270407e-01,1.245837e+01
9.500000e+01,2.964058e+03,-1.000000e+00,5.271697e-01,1.242344e+01,-1.000000e+00,9.231976e+00,8.877662e-01,-5.561169e+00
9.600000e+01,2.712830e+03,-1.000000e+00,5.271713e-01,1.387729e+01,-1.000000e+00,9.301225e+00,8.599567e-01,-5.700216e+00
9.700000e+01,2.684999e+03,-1.000000e+00,5.270847e-01,1.694090e+01,-1.000000e+00,9.411171e+00,-1.000000e+00,-1.500000e+01
9.800000e+01,2.834179e+03,-1.000000e+00,5.271453e-01,2.012219e+01,-1.000000e+00,9.495705e+00,-1.000000e+00,-1.500000e+01
9.900000e+01,2.452733e+03,-1.000000e+00,5.271563e-01,1.679885e+01,-1.000000e+00,9.412301e+00,-1.000000e+00,-1.500000e+01
1.000000e+02,2.683099e+03,-1.000000e+00,5.271330e-01,2.144559e+01,-1.000000e+00,9.518047e+00,-1.000000e+00,-1.500000e+01
1.010000e+02,3.036068e+03,-1.000000e+00,5.271907e-01,1.056459e+01,6.690782e-01,9.113280e+00,9.249183e-01,2.969982e+00
1.020000e+02,2.503856e+03,-1.000000e+00,5.271593e-01,9.180611e+00,7.469088e-01,9.008092e+00,8.797477e-01,3.133283e+00
1.030000e+02,2.466419e+03,-1.000000e+00,5.272073e-01,1.136495e+01,6.658965e-01,9.176670e+00,9.114923e-01,2.886944e+00
1.040000e+02,2.591835e+03,9.469353e-01,5.272013e-01,1.050914e+01,7.144561e-01,9.110281e+00,9.083370e-01,1.284864e+01
1.050000e+02,2.830875e+03,-1.000000e+00,5.271933e-01,9.728972e+00,7.399015e-01,9.050718e+00,9.001491e-01,3.200253e+00
1.060000e+02,2.694024e+03,-1.000000e+00,5.272200e-01,9.422133e+00,7.477885e-01,9.041093e+00,8.888642e-01,3.183263e+00
1.070000e+02,2.641828e+03,8.874397e-01,5.271840e-01,9.008903e+00,7.436226e-01,8.991656e+00,8.718087e-01,1.251435e+01
1.080000e+02,2.681156e+03,-1.000000e+00,5.272000e-01,9.170904e+00,7.596060e-01,8.999393e+00,8.777213e-01,3.186637e+00
1.090000e+02,2.488256e+03,-1.000000e+00,5.272887e-01,9.108174e+00,7.421112e-01,8.998307e+00,8.787067e-01,3.104089e+00
1.100000e+02,3.025484e+03,-1.000000e+00,5.271617e-01,9.435535e+00,7.757234e-01,9.029111e+00,8.851103e-01,3.304169e+00
1.110000e+02,2.579834e+03,9.190593e-01,5.272347e-01,9.035680e+00,7.381735e-01,8.996092e+00,8.792886e-01,1.268261e+01
1.120000e+02,2.624977e+03,9.107366e-01,5.271950e-01,9.326243e+00,7.389849e-01,9.023209e+00,8.889544e-01,1.269338e+01
1.130000e+02,2.771950e+03,-1.000000e+00,5.272080e-01,9.400926e+00,7.381005e-01,9.018342e+00,8.831428e-01,3.106217e+00
1.140000e+02,2.615227e+03,9.289115e-01,5.271650e-01,1.118664e+01,6.598504e-01,9.167891e+00,9.182308e-01,1.253496e+01
1.150000e+02,2.472640e+03,-1.000000e+00,5.271743e-01,9.087638e+00,7.109278e-01,8.977564e+00,8.654906e-01,2.882092e+00
1.160000e+02,2.481720e+03,-1.000000e+00,5.272513e-01,9.088827e+00,7.471616e-01,9.004315e+00,8.735332e-01,3.103474e+00
1.170000e+02,2.852890e+03,-1.000000e+00,5.272413e-01,9.619643e+00,7.802163e-01,9.043712e+00,8.909010e-01,3.355586e+00
1.180000e+02,2.533731e+03,-1.000000e+00,5.271737e-01,8.826905e+00,7.249672e-01,8.977552e+00,8.714060e-01,2.981866e+00
1.190000e+02,2.493767e+03,-1.000000e+00,5.271967e-01,9.328241e+00,7.509167e-01,9.018502e+00,8.862436e-01,3.185801e+00
1.200000e+02,2.660639e+03,-1.000000e+00,5.271683e-01,9.291145e+00,7.508451e-01,9.023773e+00,8.841239e-01,3.174845e+00
1.210000e+02,2.697674e+03,-1.000000e+00,5.272573e-01,9.345924e+00,7.569365e-01,9.016671e+00,8.866448e-01,3.217906e+00
1.220000e+02,2.563115e+03,8.935697e-01,5.272147e-01,9.854751e+00,7.161112e-01,9.060005e+00,9.037993e-01,1.256740e+01
1.230000e+02,2.722300e+03,-1.000000e+00,5.271947e-01,9.675806e+00,7.779352e-01,9.054908e+00,8.941791e-01,3.360572e+00
1.240000e+02,2.650657e+03,-1.000000e+00,5.271993e-01,9.438374e+00,7.693090e-01,9.032133e+00,8.911021e-01,3.302056e+00
1.250000e+02,2.488082e+03,-1.000000e+00,5.271810e-01,8.981103e+00,7.315463e-01,8.984188e+00,8.743397e-01,3.029430e+00
1.260000e+02,2.594954e+03,9.578054e-01,5.272260e-01,9.169295e+00,7.175182e-01,9.000510e+00,8.752262e-01,1.275275e+01
1.270000e+02,2.620380e+03,9.186665e-01,5.272433e-01,9.868724e+00,7.247393e-01,9.051077e+00,9.012590e-01,1.272332e+01
1.280000e+02,2.512808e+03,-1.000000e+00,5.272550e-01,9.292840e+00,7.645180e-01,9.025874e+00,8.793188e-01,3.219184e+00
1.290000e+02,2.802468e+03,-1.000000e+00,5.271443e-01,9.610729e+00,8.056164e-01,9.041015e+00,8.877533e-01,3.466848e+00
1.300000e+02,2.507676e+03,-1.000000e+00,5.272063e-01,9.369680e+00,7.402044e-01,9.023729e+00,8.881302e-01,3.141673e+00
1.310000e+02,2.751644e+03,-1.000000e+00,5.271867e-01,9.725936e+00,7.745378e-01,9.054234e+00,8.926979e-01,3.336178e+00
1.320000e+02,2.619319e+03,9.206413e-01,5.271690e-01,9.579956e+00,7.925537e-01,9.050246e+00,8.881925e-01,1.300694e+01
1.330000e+02,2.626399e+03,9.084591e-01,5.272670e-01,9.648737e+00,7.633459e-01,9.046059e+00,8.953510e-01,1.283578e+01
1.340000e+02,2.603220e+03,9.660065e-01,5.272230e-01,8.949197e+00,7.321358e-01,8.995333e+00,8.785332e-01,1.288338e+01
1.350000e+02,2.521439e+03,-1.000000e+00,5.272387e-01,9.209373e+00,7.469041e-01,8.993689e+00,8.770604e-01,3.119823e+00
1.360000e+02,2.731656e+03,-1.000000e+00,5.272077e-01,9.765972e+00,7.436713e-01,9.062051e+00,9.011199e-01,3.223956e+00
1.370000e+02,2.523248e+03,-1.000000e+00,5.271557e-01,9.240345e+00,7.524533e-01,9.014130e+00,8.862795e-01,3.193664e+00
1.380000e+02,2.567742e+03,8.997766e-01,5.272383e-01,9.047207e+00,7.497437e-01,9.005509e+00,8.801445e-01,1.264832e+01
1.390000e+02,2.789059e+03,-1.000000e+00,5.271223e-01,8.633750e+00,7.124644e-01,8.954069e+00,8.665801e-01,2.895222e+00
1.400000e+02,2.738511e+03,-1.000000e+00,5.271703e-01,9.262012e+00,7.531156e-01,9.013771e+00,8.860582e-01,3.195869e+00
1.410000e+02,2.877890e+03,-1.000000e+00,5.271697e-01,1.014521e+01,7.184089e-01,9.090372e+00,9.066235e-01,3.125162e+00
1.420000e+02,2.885310e+03,-1.000000e+00,5.271290e-01,9.553178e+00,7.665416e-01,9.033151e+00,8.939514e-01,3.302465e+00
1.430000e+02,2.590915e+03,9.441863e-01,5.271690e-01,9.409251e+00,7.657010e-01,9.019783e+00,8.857554e-01,1.297821e+01
1.440000e+02,2.886834e+03,-1.000000e+00,5.272723e-01,9.324078e+00,7.553497e-01,9.013862e+00,8.857645e-01,3.205571e+00
1.450000e+02,2.768969e+03,-1.000000e+00,5.272220e-01,9.461685e+00,7.571061e-01,9.027459e+00,8.903689e-01,3.237375e+00
1.460000e+02,2.632961e+03,8.988006e-01,5.271163e-01,9.208096e+00,7.596580e-01,9.003723e+00,8.804631e-01,1.269461e+01
1.470000e+02,2.601271e+03,9.783654e-01,5.272323e-01,1.021360e+01,6.997666e-01,9.095362e+00,9.094079e-01,1.293770e+01
1.480000e+02,2.745833e+03,-1.000000e+00,5.272513e-01,1.107123e+01,6.843207e-01,9.144885e+00,9.271144e-01,3.057175e+00
1.490000e+02,2.593067e+03,9.508982e-01,5.272590e-01,9.913897e+00,7.349475e-01,9.067443e+00,9.038744e-01,1.294860e+01
1.500000e+02,2.687851e+03,-1.000000e+00,5.272020e-01,8.738255e+00,7.194623e-01,8.960891e+00,8.668905e-01,2.931764e+00
1.510000e+02,2.666394e+03,-1.000000e+00,5.272277e-01,9.520884e+00,7.679737e-01,9.023662e+00,8.894530e-01,3.287133e+00
1.520000e+02,2.528069e+03,-1.000000e+00,5.271970e-01,9.174811e+00,7.322641e-01,8.999880e+00,8.817764e-01,3.070203e+00
1.530000e+02,2.911540e+03,-1.000000e+00,5.272127e-01,9.338935e+00,7.595826e-01,9.009979e+00,8.844667e-01,3.220246e+00
1.540000e+02,2.543215e+03,-1.000000e+00,5.271717e-01,8.813501e+00,7.217082e-01,8.975511e+00,8.737329e-01,2.977206e+00
1.550000e+02,2.566195e+03,8.976446e-01,5.272230e-01,9.488002e+00,7.879858e-01,9.038757e+00,8.887393e-01,1.287185e+01
1.560000e+02,2.772722e+03,-1.000000e+00,5.270743e-01,8.522248e+00,7.058475e-01,8.935001e+00,8.575044e-01,2.816759e+00
1.570000e+02,2.750197e+03,-1.000000e+00,5.272323e-01,9.861356e+00,7.725793e-01,9.061950e+00,8.930039e-01,3.327916e+00
1.580000e+02,2.627985e+03,9.060043e-01,5.272050e-01,9.858098e+00,7.441859e-01,9.063857e+00,9.004948e-01,1.275343e+01
1.590000e+02,2.810745e+03,-1.000000e+00,5.271847e-01,8.992555e+00,7.328090e-01,8.975661e+00,8.714011e-01,3.021050e+00
1.600000e+02,2.611729e+03,9.370629e-01,5.271497e-01,8.885618e+00,7.123639e-01,8.971018e+00,8.671215e-01,1.258274e+01
1.610000e+02,2.627732e+03,9.063902e-01,5.271070e-01,9.089918e+00,7.411330e-01,8.995532e+00,8.768792e-01,1.262201e+01
1.620000e+02,2.760476e+03,-1.000000e+00,5.272300e-01,9.787956e+00,7.603067e-01,9.063110e+00,8.990510e-01,3.296788e+00
1.630000e+02,2.805000e+03,-1.000000e+00,5.271737e-01,9.601601e+00,7.745478e-01,9.041386e+00,8.904058e-01,3.324768e+00
1.640000e+02,2.630201e+03,9.027088e-01,5.272220e-01,9.028506e+00,7.316790e-01,9.001561e+00,8.755025e-01,1.254945e+01
1.650000e+02,2.746304e+03,-1.000000e+00,5.270703e-01,9.328121e+00,7.440072e-01,9.004410e+00,8.805954e-01,3.123013e+00
1.660000e+02,2.624804e+03,9.110178e-01,5.272223e-01,9.467869e+00,7.549743e-01,9.027591e+00,8.914631e-01,1.278728e+01
1.670000e+02,2.633973e+03,8.974170e-01,5.271200e-01,8.965777e+00,7.127296e-01,8.994842e+00,8.801174e-01,1.245132e+01
1.680000e+02,2.499777e+03,-1.000000e+00,5.273000e-01,9.087732e+00,7.417972e-01,8.995766e+00,8.783211e-01,3.100592e+00
1.690000e+02,2.636209e+03,8.944452e-01,5.272073e-01,9.259930e+00,7.437373e-01,9.014702e+00,8.854639e-01,1.261823e+01
1.700000e+02,2.618473e+03,9.222623e-01,5.271717e-01,9.710884e+00,7.946549e-01,9.059268e+00,8.881483e-01,1.302533e+01
1.710000e+02,2.708870e+03,-1.000000e+00,5.271010e-01,9.277142e+00,7.423515e-01,9.002337e+00,8.826710e-01,3.125113e+00
1.720000e+02,2.631955e+03,9.002015e-01,5.272263e-01,9.823300e+00,7.737016e-01,9.060291e+00,8.963111e-01,1.285107e+01
1.730000e+02,2.804811e+03,-1.000000e+00,5.271620e-01,9.108520e+00,7.464196e-01,8.995436e+00,8.801010e-01,3.132603e+00
1.740000e+02,2.534885e+03,-1.000000e+00,5.271550e-01,8.700550e+00,7.088954e-01,8.966139e+00,8.663388e-01,2.876171e+00
1.750000e+02,2.631407e+03,9.009756e-01,5.271287e-01,9.165535e+00,7.438862e-01,9.010073e+00,8.830732e-01,1.263967e+01
1.760000e+02,2.610413e+03,9.404825e-01,5.271567e-01,8.987469e+00,7.346020e-01,8.984804e+00,8.752363e-01,1.275160e+01
1.770000e+02,2.727309e+03,-1.000000e+00,5.271833e-01,1.031890e+01,7.232175e-01,9.100730e+00,9.101677e-01,3.166926e+00
1.780000e+02,2.560411e+03,8.901583e-01,5.271883e-01,1.017918e+01,7.137779e-01,9.079642e+00,9.098977e-01,1.256917e+01
1.790000e+02,2.508013e+03,-1.000000e+00,5.271423e-01,8.366788e+00,6.799921e-01,8.910693e+00,-1.000000e+00,-6.600039e+00
1.800000e+02,2.690014e+03,-1.000000e+00,5.272007e-01,9.016379e+00,7.355231e-01,8.982370e+00,8.736703e-01,3.045967e+00
1.810000e+02,2.719090e+03,-1.000000e+00,5.271047e-01,9.520505e+00,7.589955e-01,9.035451e+00,8.919141e-01,3.254548e+00
1.820000e+02,2.525620e+03,-1.000000e+00,5.271993e-01,1.380993e+01,-1.000000e+00,9.306921e+00,8.568942e-01,-5.715529e+00
1.830000e+02,2.588057e+03,9.365269e-01,5.272593e-01,8.545563e+00,7.068394e-01,8.937364e+00,8.584662e-01,1.250916e+01
1.840000e+02,3.041301e+03,-1.000000e+00,5.272117e-01,8.987314e+00,7.461717e-01,8.987711e+00,8.732503e-01,3.097110e+00
1.850000e+02,2.812272e+03,-1.000000e+00,5.272030e-01,9.619944e+00,7.766452e-01,9.043539e+00,8.918096e-01,3.342274e+00
1.860000e+02,2.849319e+03,-1.000000e+00,5.271837e-01,8.955179e+00,7.326548e-01,8.981495e+00,8.726602e-01,3.026575e+00
1.870000e+02,2.844507e+03,-1.000000e+00,5.272540e-01,9.272684e+00,7.513866e-01,9.002055e+00,8.811369e-01,3.162617e+00
1.880000e+02,2.846068e+03,-1.000000e+00,5.271157e-01,8.957109e+00,7.232703e-01,8.977617e+00,8.725600e-01,2.979151e+00
1.890000e+02,2.538947e+03,-1.000000e+00,5.272817e-01,8.909206e+00,7.387382e-01,8.985579e+00,8.746488e-01,3.066935e+00
1.900000e+02,2.626336e+03,9.085593e-01,5.271890e-01,9.485988e+00,7.711421e-01,9.032866e+00,8.935354e-01,1.286618e+01
1.910000e+02,2.629797e+03,9.032987e-01,5.271507e-01,8.984129e+00,7.356250e-01,8.994001e+00,8.788974e-01,1.258911e+01
1.920000e+02,2.535195e+03,-1.000000e+00,5.272217e-01,8.660409e+00,7.160795e-01,8.950159e+00,8.646995e-01,2.903895e+00
1.930000e+02,2.700570e+03,-1.000000e+00,5.271427e-01,9.061366e+00,7.371056e-01,8.992887e+00,8.780085e-01,3.075570e+00
1.940000e+02,2.500191e+03,-1.000000e+00,5.271717e-01,8.955995e+00,7.287636e-01,8.974112e+00,8.724776e-01,3.006206e+00
1.950000e+02,2.627109e+03,9.073502e-01,5.272080e-01,1.043993e+01,7.082366e-01,9.103832e+00,9.117853e-01,1.263686e+01
1.960000e+02,2.688035e+03,-1.000000e+00,5.271887e-01,8.760495e+00,7.068135e-01,8.955081e+00,8.629368e-01,2.848751e+00
1.970000e+02,2.593243e+03,9.514950e-01,5.271343e-01,9.018668e+00,7.351093e-01,8.995860e+00,8.745652e-01,1.280585e+01
1.980000e+02,2.747298e+03,-1.000000e+00,5.272030e-01,9.470341e+00,7.625223e-01,9.035390e+00,8.945853e-01,3.285538e+00
1.990000e+02,2.620154e+03,9.190811e-01,5.272703e-01,9.227459e+00,7.463695e-01,9.015692e+00,8.828020e-01,1.274126e+01
2.000000e+02,2.646942e+03,8.815481e-01,5.271943e-01,1.075133e+01,6.812982e-01,9.125161e+00,9.284392e-01,1.245643e+01
2.010000e+02,2.670976e+03,-1.000000e+00,5.271357e-01,9.211802e+00,7.475779e-01,9.001266e+00,8.810616e-01,3.143198e+00
2.020000e+02,2.686066e+03,-1.000000e+00,5.272553e-01,9.438601e+00,7.788067e-01,9.028594e+00,8.845461e-01,3.316764e+00
2.030000e+02,2.545535e+03,-1.000000e+00,5.272267e-01,9.490345e+00,7.728770e-01,9.036808e+00,8.829977e-01,3.279373e+00
2.040000e+02,2.565679e+03,8.969472e-01,5.272113e-01,9.537622e+00,8.027399e-01,9.033614e+00,8.853571e-01,1.292522e+01
2.050000e+02,2.645119e+03,8.836009e-01,5.271983e-01,9.478021e+00,7.471627e-01,9.014656e+00,8.798329e-01,1.255298e+01
2.060000e+02,2.725880e+03,-1.000000e+00,5.271343e-01,8.868976e+00,7.267477e-01,8.984141e+00,8.753488e-01,3.010483e+00
2.070000e+02,2.550613e+03,8.788715e-01,5.272543e-01,9.222550e+00,7.495616e-01,8.999660e+00,8.798266e-01,1.254130e+01
2.080000e+02,2.611656e+03,9.372450e-01,5.271807e-01,9.412788e+00,7.652519e-01,9.038188e+00,8.868725e-01,1.294685e+01
2.090000e+02,2.580104e+03,9.195588e-01,5.271927e-01,9.411590e+00,7.466178e-01,9.033571e+00,8.880246e-01,1.277101e+01
2.100000e+02,2.761195e+03,-1.000000e+00,5.271560e-01,8.981967e+00,7.299349e-01,8.992969e+00,8.787804e-01,3.043577e+00
2.110000e+02,2.815934e+03,-1.000000e+00,5.271743e-01,9.401148e+00,7.644235e-01,9.031779e+00,8.865883e-01,3.255059e+00
2.120000e+02,2.522262e+03,-1.000000e+00,5.270927e-01,1.093302e+01,6.823091e-01,9.140347e+00,9.261313e-01,3.042202e+00
2.130000e+02,2.777914e+03,-1.000000e+00,5.272057e-01,9.134757e+00,7.583159e-01,9.001133e+00,8.785851e-01,3.184505e+00
2.140000e+02,2.495107e+03,-1.000000e+00,5.273330e-01,9.547719e+00,7.759580e-01,9.027304e+00,8.889409e-01,3.324494e+00
2.150000e+02,2.676116e+03,-1.000000e+00,5.271737e-01,1.051850e+01,7.193721e-01,9.119027e+00,9.094390e-01,3.144056e+00
2.160000e+02,2.477335e+03,-1.000000e+00,5.272377e-01,9.341512e+00,7.735668e-01,9.020107e+00,8.849292e-01,3.292480e+00
2.170000e+02,2.739285e+03,-1.000000e+00,5.271270e-01,9.270264e+00,7.462891e-01,9.025073e+00,8.891216e-01,3.177053e+00
2.180000e+02,2.705834e+03,-1.000000e+00,5.271707e-01,8.956856e+00,7.306158e-01,8.976822e+00,8.720223e-01,3.013190e+00
2.190000e+02,2.754023e+03,-1.000000e+00,5.271307e-01,9.722167e+00,7.591909e-01,9.063846e+00,8.960214e-01,3.276062e+00
2.200000e+02,2.687593e+03,-1.000000e+00,5.271510e-01,9.159020e+00,7.445100e-01,9.001987e+00,8.805605e-01,3.125352e+00
2.210000e+02,2.703290e+03,-1.000000e+00,5.271720e-01,9.917110e+00,7.523446e-01,9.068877e+00,9.024887e-01,3.274166e+00
2.220000e+02,2.537646e+03,-1.000000e+00,5.271777e-01,1.002574e+01,7.324125e-01,9.093747e+00,9.034359e-01,3.179242e+00
2.230000e+02,2.513159e+03,-1.000000e+00,5.272237e-01,9.343611e+00,7.472067e-01,9.031935e+00,8.858614e-01,3.165341e+00
2.240000e+02,2.724726e+03,-1.000000e+00,5.271373e-01,9.056399e+00,7.417170e-01,8.999996e+00,8.815631e-01,3.116401e+00
2.250000e+02,2.578574e+03,9.167757e-01,5.272517e-01,8.620403e+00,7.156679e-01,8.957210e+00,8.663746e-01,1.249409e+01
2.260000e+02,2.488665e+03,-1.000000e+00,5.271453e-01,9.352287e+00,7.645826e-01,9.019023e+00,8.835008e-01,3.240417e+00
2.270000e+02,2.769203e+03,-1.000000e+00,5.271843e-01,9.256475e+00,7.423447e-01,9.017484e+00,8.841096e-01,3.132271e+00
2.280000e+02,2.627014e+03,9.074974e-01,5.270810e-01,9.483754e+00,7.702417e-01,9.037720e+00,8.893163e-01,1.283528e+01
2.290000e+02,3.023528e+03,-1.000000e+00,5.271383e-01,9.387022e+00,7.692275e-01,9.020883e+00,8.873309e-01,3.282792e+00
2.300000e+02,2.530347e+03,-1.000000e+00,5.272060e-01,9.125599e+00,7.251982e-01,9.008590e+00,8.812490e-01,3.032236e+00
2.310000e+02,2.522637e+03,-1.000000e+00,5.271977e-01,9.051796e+00,7.383607e-01,8.986440e+00,8.761610e-01,3.072609e+00
2.320000e+02,2.692877e+03,-1.000000e+00,5.272287e-01,9.058743e+00,7.356291e-01,8.993532e+00,8.773880e-01,3.065086e+00
2.330000e+02,2.540097e+03,-1.000000e+00,5.271980e-01,9.769307e+00,7.620015e-01,9.063191e+00,9.011504e-01,3.315759e+00
2.340000e+02,2.559290e+03,8.887861e-01,5.271770e-01,9.750653e+00,8.163865e-01,9.067768e+00,8.934430e-01,1.299308e+01
2.350000e+02,2.595591e+03,9.604506e-01,5.272223e-01,9.360103e+00,7.596140e-01,9.021694e+00,8.829022e-01,1.301483e+01
2.360000e+02,2.566079e+03,8.974877e-01,5.272387e-01,8.780528e+00,7.129550e-01,8.959904e+00,8.657572e-01,1.238100e+01
2.370000e+02,2.651583e+03,-1.000000e+00,5.271857e-01,9.143845e+00,7.561541e-01,8.990021e+00,8.778487e-01,3.170014e+00
2.380000e+02,2.550707e+03,8.789730e-01,5.272397e-01,9.031236e+00,7.352618e-01,8.991665e+00,8.778197e-01,1.246027e+01
2.390000e+02,2.593106e+03,9.510277e-01,5.272183e-01,9.289645e+00,7.525146e-01,9.020078e+00,8.834698e-01,1.293506e+01
2.400000e+02,2.738449e+03,-1.000000e+00,5.271890e-01,8.954716e+00,7.188977e-01,8.975797e+00,8.687576e-01,2.938276e+00
2.410000e+02,2.652203e+03,-1.000000e+00,5.272330e-01,8.894614e+00,7.344088e-01,8.975924e+00,8.727438e-01,3.035763e+00
2.420000e+02,2.584418e+03,9.281483e-01,5.272160e-01,1.351057e+01,-1.000000e+00,9.295654e+00,8.575302e-01,3.928392e+00
2.430000e+02,2.456427e+03,-1.000000e+00,5.271820e-01,9.084779e+00,7.281113e-01,8.998478e+00,8.781380e-01,3.031247e+00
2.440000e+02,2.693478e+03,-1.000000e+00,5.271787e-01,1.063456e+01,7.056039e-01,9.131841e+00,9.174824e-01,3.115432e+00
2.450000e+02,2.718452e+03,-1.000000e+00,5.271453e-01,9.308297e+00,7.582022e-01,9.014772e+00,8.865390e-01,3.223706e+00
2.460000e+02,2.550935e+03,8.792196e-01,5.271497e-01,1.014899e+01,7.214405e-01,9.092206e+00,9.114280e-01,1.256044e+01
2.470000e+02,2.716651e+03,-1.000000e+00,5.271580e-01,9.530883e+00,7.762457e-01,9.040829e+00,8.901040e-01,3.331749e+00
2.480000e+02,2.761968e+03,-1.000000e+00,5.271710e-01,8.922084e+00,7.232327e-01,8.988310e+00,8.763601e-01,2.997964e+00
2.490000e+02,2.603614e+03,9.640550e-01,5.271870e-01,9.116021e+00,7.452301e-01,9.002399e+00,8.823745e-01,1.295830e+01
2.500000e+02,2.526965e+03,-1.000000e+00,5.271383e-01,9.118557e+00,7.515880e-01,8.997897e+00,8.777275e-01,3.146578e+00
2.510000e+02,2.568603e+03,9.009902e-01,5.272410e-01,8.718133e+00,7.041050e-01,8.968395e+00,8.674063e-01,1.236251e+01
2.520000e+02,2.643261e+03,8.857460e-01,5.272540e-01,9.101673e+00,7.480949e-01,8.997632e+00,8.804994e-01,1.257170e+01
2.530000e+02,2.582793e+03,9.247679e-01,5.272380e-01,8.879386e+00,7.258317e-01,8.982034e+00,8.748653e-01,1.262732e+01
2.540000e+02,2.576768e+03,9.136372e-01,5.271950e-01,9.556698e+00,7.729722e-01,9.039157e+00,8.926309e-01,1.289620e+01
2.550000e+02,2.570161e+03,9.032376e-01,5.272310e-01,9.334162e+00,7.666168e-01,9.006302e+00,8.828073e-01,1.276331e+01
2.560000e+02,2.513266e+03,-1.000000e+00,5.272200e-01,9.040764e+00,7.250663e-01,8.996887e+00,8.808681e-01,3.029672e+00
