# step_count,fitted_elastic_modulus,elastic_modulus_match_degree,average_bond_length,average_persistence_length,persistence_length_match_degree,average_end_to_end_distance,end_to_end_distance_match_degree,reward_value
1.000000e+00,2.565794e+03,8.971026e-01,5.271593e-01,1.547591e+01,-1.000000e+00,9.376599e+00,-1.000000e+00,-5.514487e+00
2.000000e+00,2.640860e+03,8.886034e-01,5.271747e-01,2.211020e+01,-1.000000e+00,9.531548e+00,-1.000000e+00,-5.556983e+00
3.000000e+00,2.806851e+03,-1.000000e+00,5.271440e-01,1.960414e+01,-1.000000e+00,9.489576e+00,-1.000000e+00,-1.500000e+01
4.000000e+00,2.821538e+03,-1.000000e+00,5.271223e-01,2.367196e+01,-1.000000e+00,9.554021e+00,-1.000000e+00,-1.500000e+01
5.000000e+00,3.147744e+03,-1.000000e+00,5.271677e-01,2.289581e+01,-1.000000e+00,9.548893e+00,-1.000000e+00,-1.500000e+01
6.000000e+00,2.478058e+03,-1.000000e+00,5.271750e-01,1.551853e+01,-1.000000e+00,9.368609e+00,-1.000000e+00,-1.500000e+01
7.000000e+00,2.650896e+03,-1.000000e+00,5.272363e-01,1.016743e+01,7.137251e-01,9.086382e+00,9.115442e-01,3.126346e+00
8.000000e+00,2.767413e+03,-1.000000e+00,5.271423e-01,2.074322e+01,-1.000000e+00,9.507926e+00,-1.000000e+00,-1.500000e+01
9.000000e+00,3.159567e+03,-1.000000e+00,5.272220e-01,2.351970e+01,-1.000000e+00,9.555800e+00,-1.000000e+00,-1.500000e+01
1.000000e+01,2.743677e+03,-1.000000e+00,5.272307e-01,9.788936e+00,7.762929e-01,9.056913e+00,8.932544e-01,3.347736e+00
1.100000e+01,2.906180e+03,-1.000000e+00,5.271940e-01,1.743539e+01,-1.000000e+00,9.428148e+00,-1.000000e+00,-1.500000e+01
1.200000e+01,2.767936e+03,-1.000000e+00,5.272273e-01,1.246226e+01,-1.000000e+00,9.242480e+00,8.812011e-01,-5.593994e+00
1.300000e+01,2.861192e+03,-1.000000e+00,5.271330e-01,1.793874e+01,-1.000000e+00,9.450955e+00,-1.000000e+00,-1.500000e+01
1.400000e+01,2.873579e+03,-1.000000e+00,5.272087e-01,1.965247e+01,-1.000000e+00,9.487167e+00,-1.000000e+00,-1.500000e+01
1.500000e+01,3.058048e+03,-1.000000e+00,5.272300e-01,1.045165e+01,7.065731e-01,9.114142e+00,9.143232e-01,3.104482e+00
1.600000e+01,2.876630e+03,-1.000000e+00,5.272173e-01,2.349458e+01,-1.000000e+00,9.559595e+00,-1.000000e+00,-1.500000e+01
1.700000e+01,2.699081e+03,-1.000000e+00,5.272300e-01,1.437120e+01,-1.000000e+00,9.334360e+00,-1.000000e+00,-1.500000e+01
1.800000e+01,2.741188e+03,-1.000000e+00,5.271687e-01,2.311972e+01,-1.000000e+00,9.544973e+00,-1.000000e+00,-1.500000e+01
1.900000e+01,2.455409e+03,-1.000000e+00,5.271820e-01,1.875211e+01,-1.000000e+00,9.467297e+00,-1.000000e+00,-1.500000e+01
2.000000e+01,2.753034e+03,-1.000000e+00,5.271777e-01,2.284244e+01,-1.000000e+00,9.544359e+00,-1.000000e+00,-1.500000e+01
2.100000e+01,3.230966e+03,-1.000000e+00,5.271633e-01,2.347254e+01,-1.000000e+00,9.558529e+00,-1.000000e+00,-1.500000e+01
2.200000e+01,2.664412e+03,-1.000000e+00,5.271707e-01,1.720536e+01,-1.000000e+00,9.427508e+00,-1.000000e+00,-1.500000e+01
2.300000e+01,2.910815e+03,-1.000000e+00,5.271927e-01,8.581211e+00,7.215910e-01,8.955533e+00,8.628175e-01,2.922042e+00
2.400000e+01,2.970138e+03,-1.000000e+00,5.271233e-01,1.202874e+01,6.474689e-01,9.213579e+00,8.889027e-01,2.681858e+00
2.500000e+01,3.000225e+03,-1.000000e+00,5.271430e-01,1.906703e+01,-1.000000e+00,9.480207e+00,-1.000000e+00,-1.500000e+01
2.600000e+01,2.996059e+03,-1.000000e+00,5.271640e-01,1.533264e+01,-1.000000e+00,9.368520e+00,-1.000000e+00,-1.500000e+01
2.700000e+01,2.601949e+03,9.733500e-01,5.272240e-01,1.750698e+01,-1.000000e+00,9.424543e+00,-1.000000e+00,-5.133250e+00
2.800000e+01,2.621220e+03,9.171445e-01,5.271477e-01,1.581525e+01,-1.000000e+00,9.385291e+00,-1.000000e+00,-5.414277e+00
2.900000e+01,2.912893e+03,-1.000000e+00,5.272643e-01,1.131066e+01,6.572821e-01,9.172316e+00,9.192017e-01,2.882419e+00
3.000000e+01,2.568468e+03,9.007988e-01,5.272017e-01,2.218605e+01,-1.000000e+00,9.527412e+00,-1.000000e+00,-5.496006e+00
3.100000e+01,2.618767e+03,9.216941e-01,5.272577e-01,1.903259e+01,-1.000000e+00,9.475609e+00,-1.000000e+00,-5.391529e+00
3.200000e+01,2.955261e+03,-1.000000e+00,5.271547e-01,2.158196e+01,-1.000000e+00,9.519992e+00,-1.000000e+00,-1.500000e+01
3.300000e+01,2.566208e+03,8.976632e-01,5.271827e-01,1.921637e+01,-1.000000e+00,9.481442e+00,-1.000000e+00,-5.511684e+00
3.400000e+01,3.221704e+03,-1.000000e+00,5.271880e-01,1.946600e+01,-1.000000e+00,9.488792e+00,-1.000000e+00,-1.500000e+01
3.500000e+01,3.016566e+03,-1.000000e+00,5.272463e-01,1.892748e+01,-1.000000e+00,9.473428e+00,-1.000000e+00,-1.500000e+01
3.600000e+01,3.046028e+03,-1.000000e+00,5.271183e-01,2.404085e+01,-1.000000e+00,9.567489e+00,-1.000000e+00,-1.500000e+01
3.700000e+01,2.933499e+03,-1.000000e+00,5.272060e-01,1.391949e+01,-1.000000e+00,9.310838e+00,8.537138e-01,-5.731431e+00
3.800000e+01,2.535409e+03,-1.000000e+00,5.271123e-01,1.373427e+01,-1.000000e+00,9.299202e+00,8.592230e-01,-5.703885e+00
3.900000e+01,2.632659e+03,8.992190e-01,5.272010e-01,1.036803e+01,6.961652e-01,9.108018e+00,9.172817e-01,1.256333e+01
4.000000e+01,3.038360e+03,-1.000000e+00,5.271230e-01,2.293936e+01,-1.000000e+00,9.547684e+00,-1.000000e+00,-1.500000e+01
4.100000e+01,2.858481e+03,-1.000000e+00,5.270973e-01,2.164305e+01,-1.000000e+00,9.531884e+00,-1.000000e+00,-1.500000e+01
4.200000e+01,2.689971e+03,-1.000000e+00,5.271953e-01,1.984602e+01,-1.000000e+00,9.491858e+00,-1.000000e+00,-1.500000e+01
4.300000e+01,2.823083e+03,-1.000000e+00,5.271743e-01,1.717723e+01,-1.000000e+00,9.423906e+00,-1.000000e+00,-1.500000e+01
4.400000e+01,2.752445e+03,-1.000000e+00,5.270710e-01,2.313868e+01,-1.000000e+00,9.556797e+00,-1.000000e+00,-1.500000e+01
4.500000e+01,3.229208e+03,-1.000000e+00,5.271580e-01,2.045390e+01,-1.000000e+00,9.506550e+00,-1.000000e+00,-1.500000e+01
4.600000e+01,3.011195e+03,-1.000000e+00,5.271997e-01,1.768356e+01,-1.000000e+00,9.441186e+00,-1.000000e+00,-1.500000e+01
4.700000e+01,3.149556e+03,-1.000000e+00,5.272100e-01,2.064510e+01,-1.000000e+00,9.509487e+00,-1.000000e+00,-1.500000e+01
4.800000e+01,2.646094e+03,8.824975e-01,5.272583e-01,1.659103e+01,-1.000000e+00,9.409660e+00,-1.000000e+00,-5.587512e+00
4.900000e+01,3.078928e+03,-1.000000e+00,5.271433e-01,1.446846e+01,-1.000000e+00,9.330678e+00,-1.000000e+00,-1.500000e+01
5.000000e+01,3.033644e+03,-1.000000e+00,5.271823e-01,1.967098e+01,-1.000000e+00,9.490398e+00,-1.000000e+00,-1.500000e+01
5.100000e+01,3.037791e+03,-1.000000e+00,5.271657e-01,2.081030e+01,-1.000000e+00,9.509536e+00,-1.000000e+00,-1.500000e+01
5.200000e+01,2.965568e+03,-1.000000e+00,5.271343e-01,1.041328e+01,7.181943e-01,9.104461e+00,9.094296e-01,3.138120e+00
5.300000e+01,2.912824e+03,-1.000000e+00,5.271193e-01,1.905316e+01,-1.000000e+00,9.479241e+00,-1.000000e+00,-1.500000e+01
5.400000e+01,2.794312e+03,-1.000000e+00,5.272147e-01,1.662214e+01,-1.000000e+00,9.405934e+00,-1.000000e+00,-1.500000e+01
5.500000e+01,2.503357e+03,-1.000000e+00,5.271947e-01,2.235824e+01,-1.000000e+00,9.536826e+00,-1.000000e+00,-1.500000e+01
5.600000e+01,2.892038e+03,-1.000000e+00,5.272117e-01,1.928585e+01,-1.000000e+00,9.485447e+00,-1.000000e+00,-1.500000e+01
5.700000e+01,2.903209e+03,-1.000000e+00,5.272100e-01,2.165264e+01,-1.000000e+00,9.519862e+00,-1.000000e+00,-1.500000e+01
5.800000e+01,3.032972e+03,-1.000000e+00,5.271637e-01,9.568250e+00,7.774641e-01,9.041922e+00,8.885786e-01,3.330214e+00
5.900000e+01,2.459600e+03,-1.000000e+00,5.272007e-01,1.509188e+01,-1.000000e+00,9.363328e+00,-1.000000e+00,-1.500000e+01
6.000000e+01,2.660021e+03,-1.000000e+00,5.271993e-01,2.297314e+01,-1.000000e+00,9.550612e+00,-1.000000e+00,-1.500000e+01
6.100000e+01,3.157211e+03,-1.000000e+00,5.271503e-01,1.046503e+01,6.997369e-01,9.107701e+00,9.218103e-01,3.107736e+00
6.200000e+01,3.048692e+03,-1.000000e+00,5.271600e-01,1.124898e+01,6.657949e-01,9.168719e+00,9.177767e-01,2.917858e+00
6.300000e+01,2.850709e+03,-1.000000e+00,5.271590e-01,1.750504e+01,-1.000000e+00,9.428159e+00,-1.000000e+00,-1.500000e+01
6.400000e+01,2.823712e+03,-1.000000e+00,5.271287e-01,2.111471e+01,-1.000000e+00,9.518977e+00,-1.000000e+00,-1.500000e+01
6.500000e+01,3.040949e+03,-1.000000e+00,5.271353e-01,2.064637e+01,-1.000000e+00,9.510841e+00,-1.000000e+00,-1.500000e+01
6.600000e+01,2.856771e+03,-1.000000e+00,5.271713e-01,2.098202e+01,-1.000000e+00,9.514927e+00,-1.000000e+00,-1.500000e+01
6.700000e+01,2.802750e+03,-1.000000e+00,5.271447e-01,2.131761e+01,-1.000000e+00,9.512705e+00,-1.000000e+00,-1.500000e+01
6.800000e+01,2.975529e+03,-1.000000e+00,5.271873e-01,2.127911e+01,-1.000000e+00,9.532766e+00,-1.000000e+00,-1.500000e+01
6.900000e+01,3.216135e+03,-1.000000e+00,5.271813e-01,1.936660e+01,-1.000000e+00,9.478108e+00,-1.000000e+00,-1.500000e+01
7.000000e+01,3.145714e+03,-1.000000e+00,5.271663e-01,1.103594e+01,6.414914e-01,9.148592e+00,9.348653e-01,2.881784e+00
7.100000e+01,3.034572e+03,-1.000000e+00,5.271550e-01,2.062722e+01,-1.000000e+00,9.508598e+00,-1.000000e+00,-1.500000e+01
7.200000e+01,2.793056e+03,-1.000000e+00,5.271533e-01,1.005662e+01,7.230847e-01,9.081648e+00,9.059971e-01,3.145409e+00
7.300000e+01,2.654887e+03,-1.000000e+00,5.271430e-01,2.080972e+01,-1.000000e+00,9.514181e+00,-1.000000e+00,-1.500000e+01
7.400000e+01,2.845338e+03,-1.000000e+00,5.271950e-01,1.411739e+01,-1.000000e+00,9.325539e+00,-1.000000e+00,-1.500000e+01
7.500000e+01,3.153082e+03,-1.000000e+00,5.271840e-01,1.225831e+01,-1.000000e+00,9.232068e+00,8.906243e-01,-5.546879e+00
7.600000e+01,2.717438e+03,-1.000000e+00,5.271903e-01,1.038633e+01,7.171810e-01,9.115151e+00,9.097187e-01,3.134499e+00
7.700000e+01,3.085462e+03,-1.000000e+00,5.272270e-01,1.832695e+01,-1.000000e+00,9.465936e+00,-1.000000e+00,-1.500000e+01
7.800000e+01,2.490974e+03,-1.000000e+00,5.271753e-01,2.006084e+01,-1.000000e+00,9.494819e+00,-1.000000e+00,-1.500000e+01
7.900000e+01,2.980947e+03,-1.000000e+00,5.271160e-01,1.836682e+01,-1.000000e+00,9.453585e+00,-1.000000e+00,-1.500000e+01
8.000000e+01,3.204909e+03,-1.000000e+00,5.271903e-01,2.023220e+01,-1.000000e+00,9.506293e+00,-1.000000e+00,-1.500000e+01
8.100000e+01,2.972644e+03,-1.000000e+00,5.271363e-01,1.824697e+01,-1.000000e+00,9.464087e+00,-1.000000e+00,-1.500000e+01
8.200000e+01,3.179453e+03,-1.000000e+00,5.271677e-01,1.660988e+01,-1.000000e+00,9.417487e+00,-1.000000e+00,-1.500000e+01
8.300000e+01,3.182201e+03,-1.000000e+00,5.271530e-01,1.354243e+01,-1.000000e+00,9.294278e+00,8.605649e-01,-5.697176e+00
8.400000e+01,2.441623e+03,-1.000000e+00,5.271813e-01,1.884056e+01,-1.000000e+00,9.476212e+00,-1.000000e+00,-1.500000e+01
8.500000e+01,3.019211e+03,-1.000000e+00,5.271497e-01,1.448277e+01,-1.000000e+00,9.342032e+00,-1.000000e+00,-1.500000e+01
8.600000e+01,3.093896e+03,-1.000000e+00,5.272100e-01,1.443812e+01,-1.000000e+00,9.335150e+00,-1.000000e+00,-1.500000e+01
8.700000e+01,3.032764e+03,-1.000000e+00,5.271987e-01,1.100235e+01,6.649358e-01,9.151020e+00,9.304228e-01,2.976793e+00
8.800000e+01,2.503808e+03,-1.000000e+00,5.271513e-01,2.338663e+01,-1.000000e+00,9.560954e+00,-1.000000e+00,-1.500000e+01
8.900000e+01,3.106205e+03,-1.000000e+00,5.271457e-01,1.078736e+01,6.951925e-01,9.139219e+00,9.210995e-01,3.081460e+00
9.000000e+01,2.811532e+03,-1.000000e+00,5.271653e-01,2.187004e+01,-1.000000e+00,9.527283e+00,-1.000000e+00,-1.500000e+01
9.100000e+01,2.857737e+03,-1.000000e+00,5.271933e-01,1.893219e+01,-1.000000e+00,9.466330e+00,-1.000000e+00,-1.500000e+01
9.200000e+01,2.746702e+03,-1.000000e+00,5.272083e-01,2.199844e+01,-1.000000e+00,9.538592e+00,-1.000000e+00,-1.500000e+01
9.300000e+01,2.464386e+03,-1.000000e+00,5.271740e-01,1.643739e+01,-1.000000e+00,9.413491e+00,-1.000000e+00,-1.500000e+01
9.400000e+01,2.567822e+03,8.998897e-01,5.271857e-01,1.893307e+01,-1.000000e+00,9.467675e+00,-1.000000e+00,-5.500552e+00
9.500000e+01,2.736355e+03,-1.000000e+00,5.271377e-01,1.340187e+01,-1.000000e+00,9.286582e+00,8.636412e-01,-5.681794e+00
9.600000e+01,3.178525e+03,-1.000000e+00,5.271373e-01,1.732656e+01,-1.000000e+00,9.423202e+00,-1.000000e+00,-1.500000e+01
9.700000e+01,2.948112e+03,-1.000000e+00,5.271520e-01,9.488629e+00,7.914304e-01,9.051750e+00,8.900674e-01,3.407489e+00
9.800000e+01,2.589744e+03,9.409049e-01,5.272030e-01,1.922765e+01,-1.000000e+00,9.475701e+00,-1.000000e+00,-5.295475e+00
9.900000e+01,2.546591e+03,-1.000000e+00,5.272020e-01,1.609097e+01,-1.000000e+00,9.396494e+00,-1.000000e+00,-1.500000e+01
1.000000e+02,3.188425e+03,-1.000000e+00,5.272150e-01,1.787902e+01,-1.000000e+00,9.438064e+00,-1.000000e+00,-1.500000e+01
1.010000e+02,2.605594e+03,9.556709e-01,5.272437e-01,1.001338e+01,7.287542e-01,9.078841e+00,9.101291e-01,1.297277e+01
1.020000e+02,2.560706e+03,8.905229e-01,5.272217e-01,9.409670e+00,7.680624e-01,9.024310e+00,8.903321e-01,1.274459e+01
1.030000e+02,2.585530e+03,9.305785e-01,5.271990e-01,9.216265e+00,7.548879e-01,9.006810e+00,8.803356e-01,1.282901e+01
1.040000e+02,2.605055e+03,9.577695e-01,5.271897e-01,1.007980e+01,7.545376e-01,9.086222e+00,9.040470e-01,1.308177e+01
1.050000e+02,2.597967e+03,9.727992e-01,5.272527e-01,1.046639e+01,7.153451e-01,9.119642e+00,9.127189e-01,1.300432e+01
1.060000e+02,2.591227e+03,9.451006e-01,5.272710e-01,9.466080e+00,7.628066e-01,9.031824e+00,8.930481e-01,1.300478e+01
1.070000e+02,2.599183e+03,9.825849e-01,5.271900e-01,9.569352e+00,7.879698e-01,9.043788e+00,8.937078e-01,1.332131e+01
1.080000e+02,2.600692e+03,9.839524e-01,5.272217e-01,9.987390e+00,7.374452e-01,9.076961e+00,9.040964e-01,1.312747e+01
1.090000e+02,2.596331e+03,9.637956e-01,5.271573e-01,9.302860e+00,7.456226e-01,9.015478e+00,8.869029e-01,1.298161e+01
1.100000e+02,2.572340e+03,9.065010e-01,5.272653e-01,8.595191e+00,7.026901e-01,8.947141e+00,8.620782e-01,1.235635e+01
1.110000e+02,2.604086e+03,9.618686e-01,5.272360e-01,9.876621e+00,7.529665e-01,9.068779e+00,8.976308e-01,1.306233e+01
1.120000e+02,2.599417e+03,9.852444e-01,5.271930e-01,9.364940e+00,7.668252e-01,9.023914e+00,8.887285e-01,1.320399e+01
1.130000e+02,2.597737e+03,9.713405e-01,5.272320e-01,1.010122e+01,7.351395e-01,9.087658e+00,9.076590e-01,1.307070e+01
1.140000e+02,2.555550e+03,8.843671e-01,5.270997e-01,8.701317e+00,7.207934e-01,8.969926e+00,8.716984e-01,1.238429e+01
1.150000e+02,2.596022e+03,9.623568e-01,5.272697e-01,9.551042e+00,7.698137e-01,9.047157e+00,8.918225e-01,1.311997e+01
1.160000e+02,2.594997e+03,9.579759e-01,5.271783e-01,9.759501e+00,7.984456e-01,9.040804e+00,8.918692e-01,1.324145e+01
1.170000e+02,2.592790e+03,9.499729e-01,5.271773e-01,8.776292e+00,7.237700e-01,8.968518e+00,8.687268e-01,1.271235e+01
1.180000e+02,2.593521e+03,9.524556e-01,5.271383e-01,9.373556e+00,7.488236e-01,9.017599e+00,8.858409e-01,1.293560e+01
1.190000e+02,2.576509e+03,9.131983e-01,5.271597e-01,9.415529e+00,7.794310e-01,9.027626e+00,8.881400e-01,1.290385e+01
1.200000e+02,2.600284e+03,9.896533e-01,5.271800e-01,9.709144e+00,7.641945e-01,9.056692e+00,8.977911e-01,1.325819e+01
1.210000e+02,2.608465e+03,9.460215e-01,5.271573e-01,9.624244e+00,7.689152e-01,9.037242e+00,8.944167e-01,1.304677e+01
1.220000e+02,2.634369e+03,8.968821e-01,5.272250e-01,9.444887e+00,7.616767e-01,9.033346e+00,8.907584e-01,1.274659e+01
1.230000e+02,2.588644e+03,9.380089e-01,5.272107e-01,9.126966e+00,7.522376e-01,9.005628e+00,8.765829e-01,1.283415e+01
1.240000e+02,2.616857e+03,9.254808e-01,5.270937e-01,9.500544e+00,7.625497e-01,9.032064e+00,8.938300e-01,1.290930e+01
1.250000e+02,2.600096e+03,9.939519e-01,5.272340e-01,9.344875e+00,7.537157e-01,9.013874e+00,8.850012e-01,1.316334e+01
1.260000e+02,2.634021e+03,8.973522e-01,5.271930e-01,1.012305e+01,7.151798e-01,9.078107e+00,9.096154e-01,1.261074e+01
1.270000e+02,2.600540e+03,9.857899e-01,5.273220e-01,1.007916e+01,7.229767e-01,9.081869e+00,9.051184e-01,1.306942e+01
1.280000e+02,2.584139e+03,9.275535e-01,5.272273e-01,1.055506e+01,7.031646e-01,9.123362e+00,9.168463e-01,1.273782e+01
1.290000e+02,2.635885e+03,8.948688e-01,5.271320e-01,9.430157e+00,7.633206e-01,9.032648e+00,8.895146e-01,1.273852e+01
1.300000e+02,2.600214e+03,9.910029e-01,5.271560e-01,9.588437e+00,7.683241e-01,9.040479e+00,8.957192e-01,1.327523e+01
1.310000e+02,2.607284e+03,9.497324e-01,5.272350e-01,1.060456e+01,6.889828e-01,9.128820e+00,9.236608e-01,1.281188e+01
1.320000e+02,2.588549e+03,9.377668e-01,5.271027e-01,9.119804e+00,7.521479e-01,8.998142e+00,8.801740e-01,1.285044e+01
1.330000e+02,2.600434e+03,9.872483e-01,5.272373e-01,1.018649e+01,7.288795e-01,9.084124e+00,9.065510e-01,1.311339e+01
1.340000e+02,2.613124e+03,9.336662e-01,5.272047e-01,1.003433e+01,7.461488e-01,9.070413e+00,8.990060e-01,1.289410e+01
1.350000e+02,2.580109e+03,9.195685e-01,5.271543e-01,1.046607e+01,6.879269e-01,9.114501e+00,9.227147e-01,1.265105e+01
1.360000e+02,2.564857e+03,8.958482e-01,5.272393e-01,9.666639e+00,7.685997e-01,9.049456e+00,8.962811e-01,1.280365e+01
1.370000e+02,2.612894e+03,9.342109e-01,5.271950e-01,9.990470e+00,7.592222e-01,9.088521e+00,8.983597e-01,1.295896e+01
1.380000e+02,2.566405e+03,8.979309e-01,5.271177e-01,9.255152e+00,7.566276e-01,9.019796e+00,8.816980e-01,1.268128e+01
1.390000e+02,2.632553e+03,8.993656e-01,5.271960e-01,9.437869e+00,7.607124e-01,9.028292e+00,8.899704e-01,1.275024e+01
1.400000e+02,2.606838e+03,9.512185e-01,5.272627e-01,9.049713e+00,7.381595e-01,9.008475e+00,8.767213e-01,1.283050e+01
1.410000e+02,2.588782e+03,9.383626e-01,5.271450e-01,9.697564e+00,7.568196e-01,9.057651e+00,8.965115e-01,1.295847e+01
1.420000e+02,2.592189e+03,9.480382e-01,5.272237e-01,1.017211e+01,7.272459e-01,9.092400e+00,9.073209e-01,1.291303e+01
1.430000e+02,2.587750e+03,9.357693e-01,5.271910e-01,9.561700e+00,7.977553e-01,9.054932e+00,8.864200e-01,1.309972e+01
1.440000e+02,2.574444e+03,9.097996e-01,5.272107e-01,9.373596e+00,7.657903e-01,9.017792e+00,8.833466e-01,1.279468e+01
1.450000e+02,2.565689e+03,8.969608e-01,5.270963e-01,1.044745e+01,7.046041e-01,9.121502e+00,9.165078e-01,1.259036e+01
1.460000e+02,2.581384e+03,9.219845e-01,5.271630e-01,1.039617e+01,7.034903e-01,9.105309e+00,9.143824e-01,1.269929e+01
1.470000e+02,2.597417e+03,9.694438e-01,5.272750e-01,9.643389e+00,7.409895e-01,9.043380e+00,8.984791e-01,1.304456e+01
1.480000e+02,2.623142e+03,9.137902e-01,5.272170e-01,9.368564e+00,7.519573e-01,9.020453e+00,8.857609e-01,1.275754e+01
1.490000e+02,2.559318e+03,8.888191e-01,5.272107e-01,9.885470e+00,7.465011e-01,9.075090e+00,9.034514e-01,1.269386e+01
1.500000e+02,2.603718e+03,9.635610e-01,5.271703e-01,9.149888e+00,7.658964e-01,9.002751e+00,8.766057e-01,1.303032e+01
1.510000e+02,2.602251e+03,9.714146e-01,5.272513e-01,9.919248e+00,7.371368e-01,9.070569e+00,9.067076e-01,1.307629e+01
1.520000e+02,2.635556e+03,8.953020e-01,5.271467e-01,9.378526e+00,7.717678e-01,9.017693e+00,8.857872e-01,1.276429e+01
1.530000e+02,2.603775e+03,9.632929e-01,5.272007e-01,1.023993e+01,7.418921e-01,9.106975e+00,9.040013e-01,1.304593e+01
1.540000e+02,2.578468e+03,9.165869e-01,5.272233e-01,9.801373e+00,7.542599e-01,9.053017e+00,8.966146e-01,1.283731e+01
1.550000e+02,2.605434e+03,9.562810e-01,5.272210e-01,1.033516e+01,7.272293e-01,9.105379e+00,9.039631e-01,1.293737e+01
1.560000e+02,2.613351e+03,9.331337e-01,5.271110e-01,1.019014e+01,7.238209e-01,9.076221e+00,9.075552e-01,1.282255e+01
1.570000e+02,2.606144e+03,9.536411e-01,5.272553e-01,1.012505e+01,7.464385e-01,9.091513e+00,8.994266e-01,1.299753e+01
1.580000e+02,2.563010e+03,8.934342e-01,5.272180e-01,9.366361e+00,7.567797e-01,9.015541e+00,8.862772e-01,1.268246e+01
1.590000e+02,2.578185e+03,9.160876e-01,5.271697e-01,9.647510e+00,7.803786e-01,9.046516e+00,8.901047e-01,1.293285e+01
1.600000e+02,2.607454e+03,9.491761e-01,5.272023e-01,9.029269e+00,7.429196e-01,9.001439e+00,8.798328e-01,1.285964e+01
1.610000e+02,2.596953e+03,9.669018e-01,5.272213e-01,9.551510e+00,7.636989e-01,9.042158e+00,8.932819e-01,1.311941e+01
1.620000e+02,2.620303e+03,9.188075e-01,5.272043e-01,1.157208e+01,6.407466e-01,9.198788e+00,9.025658e-01,1.231060e+01
1.630000e+02,2.596780e+03,9.660023e-01,5.272407e-01,9.868708e+00,7.622770e-01,9.071363e+00,8.992490e-01,1.313764e+01
1.640000e+02,2.583792e+03,9.268235e-01,5.271757e-01,9.172309e+00,7.341810e-01,9.021115e+00,8.845115e-01,1.272758e+01
1.650000e+02,2.594460e+03,9.558779e-01,5.271563e-01,9.034658e+00,7.417532e-01,8.985293e+00,8.755498e-01,1.286590e+01
1.660000e+02,2.605851e+03,9.547113e-01,5.272297e-01,9.263620e+00,7.545049e-01,9.010094e+00,8.843042e-01,1.296760e+01
1.670000e+02,2.606429e+03,9.526278e-01,5.272293e-01,9.844609e+00,7.639966e-01,9.070064e+00,8.976599e-01,1.307142e+01
1.680000e+02,2.592827e+03,9.500958e-01,5.271787e-01,9.034599e+00,7.390161e-01,8.987085e+00,8.765392e-01,1.282826e+01
1.690000e+02,2.574088e+03,9.092308e-01,5.271460e-01,9.485193e+00,7.798776e-01,9.030194e+00,8.902183e-01,1.289663e+01
1.700000e+02,2.590835e+03,9.439549e-01,5.271413e-01,9.367021e+00,7.547094e-01,9.027344e+00,8.867300e-01,1.292697e+01
1.710000e+02,2.574037e+03,9.091499e-01,5.272850e-01,8.872732e+00,7.235620e-01,8.980594e+00,8.721130e-01,1.252412e+01
1.720000e+02,2.618434e+03,9.223368e-01,5.272320e-01,9.197293e+00,7.535092e-01,9.011619e+00,8.802452e-01,1.278046e+01
1.730000e+02,2.606118e+03,9.537342e-01,5.271690e-01,1.024020e+01,7.022068e-01,9.094830e+00,9.103676e-01,1.283154e+01
1.740000e+02,2.612872e+03,9.342643e-01,5.272067e-01,1.054844e+01,6.781842e-01,9.115401e+00,9.220259e-01,1.267237e+01
1.750000e+02,2.577149e+03,9.142872e-01,5.272187e-01,9.041126e+00,7.219311e-01,8.996235e+00,8.770858e-01,1.256652e+01
1.760000e+02,2.586095e+03,9.318535e-01,5.272770e-01,9.280048e+00,7.562486e-01,9.021866e+00,8.864564e-01,1.287279e+01
1.770000e+02,2.611971e+03,9.364562e-01,5.271607e-01,9.492436e+00,7.539022e-01,9.020614e+00,8.868757e-01,1.288617e+01
1.780000e+02,2.609508e+03,9.429760e-01,5.272000e-01,1.010945e+01,7.504709e-01,9.093230e+00,9.010321e-01,1.297240e+01
1.790000e+02,2.595270e+03,9.590940e-01,5.271663e-01,1.059341e+01,7.159947e-01,9.128018e+00,9.120587e-01,1.293574e+01
1.800000e+02,2.639694e+03,8.900291e-01,5.271843e-01,9.580597e+00,7.607871e-01,9.029243e+00,8.923955e-01,1.271606e+01
1.810000e+02,2.600117e+03,9.933387e-01,5.272217e-01,1.000567e+01,7.322435e-01,9.077285e+00,9.070063e-01,1.316294e+01
1.820000e+02,2.592424e+03,9.487836e-01,5.272430e-01,9.741127e+00,7.929731e-01,9.053609e+00,8.943038e-01,1.318030e+01
1.830000e+02,2.619281e+03,9.207122e-01,5.271207e-01,9.368856e+00,7.582438e-01,9.028620e+00,8.827180e-01,1.280837e+01
1.840000e+02,2.592435e+03,9.488214e-01,5.272483e-01,9.646051e+00,7.694890e-01,9.061373e+00,8.949557e-01,1.306633e+01
1.850000e+02,2.584625e+03,9.285925e-01,5.271643e-01,9.363698e+00,7.809023e-01,9.017820e+00,8.799471e-01,1.294721e+01
1.860000e+02,2.573444e+03,9.082131e-01,5.271727e-01,9.183353e+00,7.353081e-01,8.998542e+00,8.785543e-01,1.261038e+01
1.870000e+02,2.629988e+03,9.030195e-01,5.271250e-01,9.592925e+00,7.888162e-01,9.040728e+00,8.911122e-01,1.291474e+01
1.880000e+02,2.574909e+03,9.105502e-01,5.272473e-01,9.000311e+00,7.273796e-01,9.010677e+00,8.741869e-01,1.256058e+01
1.890000e+02,2.573744e+03,9.086860e-01,5.271863e-01,8.929540e+00,7.176257e-01,8.978990e+00,8.729156e-01,1.249614e+01
1.900000e+02,2.609179e+03,9.439159e-01,5.272477e-01,8.775074e+00,7.359391e-01,8.975571e+00,8.672623e-01,1.273559e+01
1.910000e+02,2.641390e+03,8.879639e-01,5.271517e-01,9.573302e+00,7.737856e-01,9.038893e+00,8.917234e-01,1.276736e+01
1.920000e+02,2.585349e+03,9.301742e-01,5.271003e-01,9.573918e+00,7.818708e-01,9.044688e+00,8.897318e-01,1.300888e+01
1.930000e+02,2.610368e+03,9.406018e-01,5.271667e-01,9.557937e+00,7.603317e-01,9.027968e+00,8.916211e-01,1.296277e+01
1.940000e+02,2.575683e+03,9.118180e-01,5.271630e-01,9.179499e+00,7.435271e-01,8.996572e+00,8.799276e-01,1.267636e+01
1.950000e+02,2.560495e+03,8.902619e-01,5.272047e-01,9.364311e+00,7.595648e-01,9.024535e+00,8.843272e-01,1.267077e+01
1.960000e+02,2.607374e+03,9.494379e-01,5.272000e-01,1.056226e+01,6.858869e-01,9.124950e+00,9.214259e-01,1.278375e+01
1.970000e+02,2.637094e+03,8.933002e-01,5.272077e-01,9.777337e+00,7.973149e-01,9.060773e+00,8.952821e-01,1.292949e+01
1.980000e+02,2.609863e+03,9.419810e-01,5.271683e-01,9.505320e+00,7.669437e-01,9.038724e+00,8.893449e-01,1.299135e+01
1.990000e+02,2.618036e+03,9.231147e-01,5.270937e-01,9.834706e+00,7.504480e-01,9.062332e+00,8.984108e-01,1.285987e+01
2.000000e+02,2.586462e+03,9.326979e-01,5.271850e-01,9.713421e+00,7.576545e-01,9.054311e+00,8.972319e-01,1.293792e+01
2.010000e+02,2.600001e+03,9.993752e-01,5.271763e-01,1.127964e+01,6.517619e-01,9.174192e+00,9.191310e-01,1.285134e+01
2.020000e+02,2.598260e+03,9.747816e-01,5.272383e-01,9.406995e+00,7.681465e-01,9.029917e+00,8.865321e-01,1.314730e+01
2.030000e+02,2.596169e+03,9.630325e-01,5.272050e-01,1.086494e+01,6.968255e-01,9.159450e+00,9.208676e-01,1.290363e+01
2.040000e+02,2.572200e+03,9.062872e-01,5.271823e-01,1.122897e+01,6.770809e-01,9.166087e+00,9.189218e-01,1.251145e+01
2.050000e+02,2.626356e+03,9.085273e-01,5.271770e-01,1.110171e+01,6.707619e-01,9.165731e+00,9.208304e-01,1.250060e+01
2.060000e+02,2.607893e+03,9.477808e-01,5.272180e-01,9.934665e+00,7.603182e-01,9.080558e+00,9.005148e-01,1.304307e+01
2.070000e+02,2.615049e+03,9.292991e-01,5.271443e-01,9.415497e+00,7.567435e-01,9.022337e+00,8.902245e-01,1.288134e+01
2.080000e+02,2.632379e+03,8.996082e-01,5.271573e-01,9.528854e+00,7.518336e-01,9.045096e+00,8.968228e-01,1.274132e+01
2.090000e+02,2.635815e+03,8.949606e-01,5.271573e-01,9.046673e+00,7.424194e-01,9.000930e+00,8.766293e-01,1.257005e+01
2.100000e+02,2.570772e+03,9.041379e-01,5.271420e-01,9.960636e+00,7.507857e-01,9.087534e+00,9.030387e-01,1.278981e+01
2.110000e+02,2.610756e+03,9.395673e-01,5.271250e-01,9.545077e+00,7.824888e-01,9.034217e+00,8.905146e-01,1.306285e+01
2.120000e+02,2.589893e+03,9.413122e-01,5.272727e-01,9.386040e+00,7.490642e-01,9.014273e+00,8.823182e-01,1.286347e+01
2.130000e+02,2.555604e+03,8.844290e-01,5.271253e-01,9.167140e+00,7.427271e-01,9.010777e+00,8.847247e-01,1.255940e+01
2.140000e+02,2.635422e+03,8.954792e-01,5.272043e-01,9.877452e+00,7.433082e-01,9.054599e+00,9.010693e-01,1.269928e+01
2.150000e+02,2.596924e+03,9.667476e-01,5.272323e-01,1.039331e+01,7.028353e-01,9.100665e+00,9.187759e-01,1.294179e+01
2.160000e+02,2.586203e+03,9.320997e-01,5.271677e-01,8.904391e+00,7.449913e-01,8.989054e+00,8.660724e-01,1.271582e+01
2.170000e+02,2.587337e+03,9.347645e-01,5.271600e-01,9.777549e+00,7.619586e-01,9.042034e+00,8.963899e-01,1.296556e+01
2.180000e+02,2.592884e+03,9.502855e-01,5.272507e-01,9.548735e+00,7.501000e-01,9.044048e+00,8.985880e-01,1.299487e+01
2.190000e+02,2.609946e+03,9.417524e-01,5.271697e-01,9.432965e+00,7.719871e-01,9.031841e+00,8.889757e-01,1.301358e+01
2.200000e+02,2.536505e+03,-1.000000e+00,5.271493e-01,8.811807e+00,7.141043e-01,8.965901e+00,8.667449e-01,2.904246e+00
2.210000e+02,2.630823e+03,9.018107e-01,5.272293e-01,1.074730e+01,7.153167e-01,9.129949e+00,9.141756e-01,1.265651e+01
2.220000e+02,2.592191e+03,9.480433e-01,5.272273e-01,9.695253e+00,7.382892e-01,9.040667e+00,8.949940e-01,1.290663e+01
2.230000e+02,2.602029e+03,9.728215e-01,5.271407e-01,9.712418e+00,8.028818e-01,9.061493e+00,8.904140e-01,1.333059e+01
2.240000e+02,2.604269e+03,9.610578e-01,5.271683e-01,1.000551e+01,7.188252e-01,9.074554e+00,9.074684e-01,1.293676e+01
2.250000e+02,2.592994e+03,9.506526e-01,5.272437e-01,8.910386e+00,7.131018e-01,8.974697e+00,8.676049e-01,1.265680e+01
2.260000e+02,2.581345e+03,9.219097e-01,5.272233e-01,1.149631e+01,6.408104e-01,9.177107e+00,9.184449e-01,1.240583e+01
2.270000e+02,2.598158e+03,9.740748e-01,5.271713e-01,1.006848e+01,7.285625e-01,9.093342e+00,9.048108e-01,1.303724e+01
2.280000e+02,2.568344e+03,9.006230e-01,5.271453e-01,9.786351e+00,7.758921e-01,9.070252e+00,8.929744e-01,1.284745e+01
2.290000e+02,2.570765e+03,9.041278e-01,5.272530e-01,9.772068e+00,7.596950e-01,9.064512e+00,8.991260e-01,1.281474e+01
2.300000e+02,2.583450e+03,9.261113e-01,5.272600e-01,9.113435e+00,7.349963e-01,9.000458e+00,8.811221e-01,1.271115e+01
2.310000e+02,2.583280e+03,9.257617e-01,5.272547e-01,1.080587e+01,6.705457e-01,9.135133e+00,9.284004e-01,1.262354e+01
2.320000e+02,2.589163e+03,9.393555e-01,5.272027e-01,9.027859e+00,7.248240e-01,8.992865e+00,8.762098e-01,1.270195e+01
2.330000e+02,2.577428e+03,9.147674e-01,5.271923e-01,8.974137e+00,7.240523e-01,8.996703e+00,8.743105e-01,1.256565e+01
2.340000e+02,2.590717e+03,9.436166e-01,5.272923e-01,9.390936e+00,7.513766e-01,9.021114e+00,8.869623e-01,1.290978e+01
2.350000e+02,2.612714e+03,9.346422e-01,5.272047e-01,9.453894e+00,7.548819e-01,9.035029e+00,8.935307e-01,1.291527e+01
2.360000e+02,2.550237e+03,8.784674e-01,5.271397e-01,9.768306e+00,7.411390e-01,9.063165e+00,8.984860e-01,1.259046e+01
2.370000e+02,2.645938e+03,8.826727e-01,5.271527e-01,9.048188e+00,7.207186e-01,8.986981e+00,8.737897e-01,1.238591e+01
2.380000e+02,2.576171e+03,9.126297e-01,5.272243e-01,9.520261e+00,7.752142e-01,9.032459e+00,8.902933e-01,1.289069e+01
2.390000e+02,2.571110e+03,9.046413e-01,5.272643e-01,9.465043e+00,7.815323e-01,9.037704e+00,8.876384e-01,1.286906e+01
2.400000e+02,2.590368e+03,9.426254e-01,5.271947e-01,9.332625e+00,7.638127e-01,9.009372e+00,8.818505e-01,1.294144e+01
2.410000e+02,2.628667e+03,9.049739e-01,5.273043e-01,9.846037e+00,7.581507e-01,9.066946e+00,8.966463e-01,1.279885e+01
2.420000e+02,2.594939e+03,9.577436e-01,5.272593e-01,1.435430e+01,-1.000000e+00,9.336771e+00,-1.000000e+00,-5.211282e+00
2.430000e+02,2.600814e+03,9.826088e-01,5.272490e-01,9.115542e+00,7.335439e-01,8.997670e+00,8.811750e-01,1.298664e+01
2.440000e+02,2.643314e+03,8.856846e-01,5.271250e-01,9.639424e+00,7.536114e-01,9.039513e+00,8.957155e-01,1.267506e+01
2.450000e+02,2.628991e+03,9.044907e-01,5.271897e-01,9.228572e+00,7.721595e-01,9.017741e+00,8.781554e-01,1.277403e+01
2.460000e+02,2.609782e+03,9.422059e-01,5.271970e-01,9.037059e+00,7.306886e-01,8.981162e+00,8.738506e-01,1.273373e+01
2.470000e+02,2.599585e+03,9.875282e-01,5.271800e-01,9.931355e+00,7.278080e-01,9.074076e+00,9.098749e-01,1.312606e+01
2.480000e+02,2.615172e+03,9.290305e-01,5.271953e-01,9.889815e+00,7.338387e-01,9.053721e+00,9.015582e-01,1.282214e+01
2.490000e+02,2.591841e+03,9.469516e-01,5.271957e-01,9.663540e+00,7.819816e-01,9.051033e+00,8.906423e-01,1.309788e+01
2.500000e+02,2.607486e+03,9.490751e-01,5.272060e-01,9.495093e+00,7.551384e-01,9.035951e+00,8.918927e-01,1.298053e+01
2.510000e+02,2.632624e+03,8.992673e-01,5.271483e-01,9.606184e+00,7.709401e-01,9.061615e+00,8.910220e-01,1.280615e+01
2.520000e+02,2.571618e+03,9.054036e-01,5.271880e-01,1.029402e+01,7.230940e-01,9.105924e+00,9.115149e-01,1.270006e+01
2.530000e+02,2.635672e+03,8.951487e-01,5.271833e-01,9.740935e+00,7.794098e-01,9.053187e+00,8.944783e-01,1.284518e+01
2.540000e+02,2.566644e+03,8.982583e-01,5.271787e-01,9.655333e+00,7.293599e-01,9.029516e+00,8.859494e-01,1.256784e+01
2.550000e+02,2.584466e+03,9.282513e-01,5.271560e-01,1.068070e+01,6.857385e-01,9.126342e+00,9.179322e-01,1.265961e+01
2.560000e+02,2.589276e+03,9.396515e-01,5.272010e-01,9.947763e+00,7.206827e-01,9.069796e+00,9.066786e-01,1.283506e+01
