# step_count,fitted_elastic_modulus,elastic_modulus_match_degree,average_bond_length,average_persistence_length,persistence_length_match_degree,average_end_to_end_distance,end_to_end_distance_match_degree,reward_value
1.000000e+00,2.999277e+03,-1.000000e+00,5.271703e-01,1.891243e+01,-1.000000e+00,9.475280e+00,-1.000000e+00,-1.500000e+01
2.000000e+00,2.630762e+03,9.018979e-01,5.272420e-01,1.940716e+01,-1.000000e+00,9.479636e+00,-1.000000e+00,-5.490510e+00
3.000000e+00,2.671916e+03,-1.000000e+00,5.271973e-01,2.058608e+01,-1.000000e+00,9.498225e+00,-1.000000e+00,-1.500000e+01
4.000000e+00,2.607782e+03,9.481279e-01,5.270807e-01,2.010356e+01,-1.000000e+00,9.495493e+00,-1.000000e+00,-5.259361e+00
5.000000e+00,2.665350e+03,-1.000000e+00,5.271550e-01,2.193715e+01,-1.000000e+00,9.536658e+00,-1.000000e+00,-1.500000e+01
6.000000e+00,2.995888e+03,-1.000000e+00,5.272267e-01,1.437021e+01,-1.000000e+00,9.333966e+00,-1.000000e+00,-1.500000e+01
7.000000e+00,3.087057e+03,-1.000000e+00,5.270967e-01,2.413455e+01,-1.000000e+00,9.573497e+00,-1.000000e+00,-1.500000e+01
8.000000e+00,2.681723e+03,-1.000000e+00,5.271590e-01,2.152406e+01,-1.000000e+00,9.519754e+00,-1.000000e+00,-1.500000e+01
9.000000e+00,2.526733e+03,-1.000000e+00,5.271787e-01,1.159864e+01,6.430612e-01,9.190899e+00,9.046790e-01,2.738701e+00
1.000000e+01,3.130575e+03,-1.000000e+00,5.271417e-01,1.328343e+01,-1.000000e+00,9.278689e+00,8.658715e-01,-5.670642e+00
1.100000e+01,2.804846e+03,-1.000000e+00,5.271407e-01,2.324592e+01,-1.000000e+00,9.551185e+00,-1.000000e+00,-1.500000e+01
1.200000e+01,3.112271e+03,-1.000000e+00,5.271973e-01,1.673436e+01,-1.000000e+00,9.417076e+00,-1.000000e+00,-1.500000e+01
1.300000e+01,2.883666e+03,-1.000000e+00,5.272370e-01,1.885145e+01,-1.000000e+00,9.465295e+00,-1.000000e+00,-1.500000e+01
1.400000e+01,3.136573e+03,-1.000000e+00,5.271680e-01,1.160366e+01,6.416034e-01,9.194851e+00,9.051864e-01,2.733949e+00
1.500000e+01,2.926851e+03,-1.000000e+00,5.272290e-01,1.486578e+01,-1.000000e+00,9.350023e+00,-1.000000e+00,-1.500000e+01
1.600000e+01,3.097081e+03,-1.000000e+00,5.271710e-01,1.279598e+01,-1.000000e+00,9.261582e+00,8.707055e-01,-5.646473e+00
1.700000e+01,2.941129e+03,-1.000000e+00,5.271760e-01,1.907073e+01,-1.000000e+00,9.481280e+00,-1.000000e+00,-1.500000e+01
1.800000e+01,2.506920e+03,-1.000000e+00,5.272567e-01,2.044522e+01,-1.000000e+00,9.500959e+00,-1.000000e+00,-1.500000e+01
1.900000e+01,3.206780e+03,-1.000000e+00,5.271403e-01,1.906265e+01,-1.000000e+00,9.485006e+00,-1.000000e+00,-1.500000e+01
2.000000e+01,2.501541e+03,-1.000000e+00,5.272370e-01,2.179310e+01,-1.000000e+00,9.536927e+00,-1.000000e+00,-1.500000e+01
2.100000e+01,3.183362e+03,-1.000000e+00,5.271713e-01,1.747691e+01,-1.000000e+00,9.431485e+00,-1.000000e+00,-1.500000e+01
2.200000e+01,2.619158e+03,9.209457e-01,5.272267e-01,2.481065e+01,-1.000000e+00,9.579270e+00,-1.000000e+00,-5.395272e+00
2.300000e+01,3.085888e+03,-1.000000e+00,5.272207e-01,1.039206e+01,7.082675e-01,9.097147e+00,9.133142e-01,3.107909e+00
2.400000e+01,2.505410e+03,-1.000000e+00,5.272140e-01,2.221919e+01,-1.000000e+00,9.541509e+00,-1.000000e+00,-1.500000e+01
2.500000e+01,2.807468e+03,-1.000000e+00,5.271620e-01,1.486383e+01,-1.000000e+00,9.350901e+00,-1.000000e+00,-1.500000e+01
2.600000e+01,3.180825e+03,-1.000000e+00,5.272060e-01,2.039394e+01,-1.000000e+00,9.503563e+00,-1.000000e+00,-1.500000e+01
2.700000e+01,3.128312e+03,-1.000000e+00,5.271873e-01,1.905377e+01,-1.000000e+00,9.477131e+00,-1.000000e+00,-1.500000e+01
2.800000e+01,3.036278e+03,-1.000000e+00,5.272150e-01,2.078866e+01,-1.000000e+00,9.516800e+00,-1.000000e+00,-1.500000e+01
2.900000e+01,2.968524e+03,-1.000000e+00,5.271083e-01,1.709347e+01,-1.000000e+00,9.422788e+00,-1.000000e+00,-1.500000e+01
3.000000e+01,2.928915e+03,-1.000000e+00,5.272313e-01,9.219907e+00,7.522636e-01,9.011795e+00,8.812261e-01,3.167449e+00
3.100000e+01,2.787828e+03,-1.000000e+00,5.272310e-01,2.238083e+01,-1.000000e+00,9.543311e+00,-1.000000e+00,-1.500000e+01
3.200000e+01,2.634783e+03,8.963270e-01,5.271043e-01,1.300777e+01,-1.000000e+00,9.268241e+00,8.701394e-01,3.832332e+00
3.300000e+01,3.171475e+03,-1.000000e+00,5.272120e-01,2.253464e+01,-1.000000e+00,9.544923e+00,-1.000000e+00,-1.500000e+01
3.400000e+01,3.146028e+03,-1.000000e+00,5.272213e-01,9.683557e+00,7.771502e-01,9.061270e+00,8.947721e-01,3.359612e+00
3.500000e+01,2.637329e+03,8.929988e-01,5.271327e-01,1.376925e+01,-1.000000e+00,9.290434e+00,8.632880e-01,3.781434e+00
3.600000e+01,3.055639e+03,-1.000000e+00,5.271627e-01,2.096914e+01,-1.000000e+00,9.522127e+00,-1.000000e+00,-1.500000e+01
3.700000e+01,2.846239e+03,-1.000000e+00,5.271563e-01,9.942952e+00,7.451673e-01,9.064022e+00,8.977045e-01,3.214359e+00
3.800000e+01,3.119224e+03,-1.000000e+00,5.271827e-01,1.952933e+01,-1.000000e+00,9.490405e+00,-1.000000e+00,-1.500000e+01
3.900000e+01,2.792252e+03,-1.000000e+00,5.271520e-01,1.681153e+01,-1.000000e+00,9.418493e+00,-1.000000e+00,-1.500000e+01
4.000000e+01,3.059885e+03,-1.000000e+00,5.271663e-01,2.155707e+01,-1.000000e+00,9.529314e+00,-1.000000e+00,-1.500000e+01
4.100000e+01,2.559599e+03,8.891616e-01,5.272613e-01,2.159375e+01,-1.000000e+00,9.522439e+00,-1.000000e+00,-5.554192e+00
4.200000e+01,2.873870e+03,-1.000000e+00,5.271537e-01,1.766262e+01,-1.000000e+00,9.434447e+00,-1.000000e+00,-1.500000e+01
4.300000e+01,2.544926e+03,-1.000000e+00,5.272010e-01,1.811392e+01,-1.000000e+00,9.446368e+00,-1.000000e+00,-1.500000e+01
4.400000e+01,2.896411e+03,-1.000000e+00,5.272103e-01,1.992794e+01,-1.000000e+00,9.494284e+00,-1.000000e+00,-1.500000e+01
4.500000e+01,2.979506e+03,-1.000000e+00,5.271853e-01,1.780685e+01,-1.000000e+00,9.443957e+00,-1.000000e+00,-1.500000e+01
4.600000e+01,2.773902e+03,-1.000000e+00,5.271603e-01,9.838057e+00,7.530691e-01,9.064541e+00,8.972083e-01,3.251387e+00
4.700000e+01,2.550084e+03,8.783035e-01,5.271413e-01,1.104720e+01,6.710623e-01,9.149946e+00,9.286425e-01,1.239004e+01
4.800000e+01,2.551267e+03,8.795791e-01,5.271783e-01,1.655790e+01,-1.000000e+00,9.410040e+00,-1.000000e+00,-5.602104e+00
4.900000e+01,2.994532e+03,-1.000000e+00,5.271883e-01,2.076481e+01,-1.000000e+00,9.508570e+00,-1.000000e+00,-1.500000e+01
5.000000e+01,2.866806e+03,-1.000000e+00,5.271707e-01,2.402488e+01,-1.000000e+00,9.571656e+00,-1.000000e+00,-1.500000e+01
5.100000e+01,2.632250e+03,8.997887e-01,5.272160e-01,1.064447e+01,6.917603e-01,9.120832e+00,9.187749e-01,1.255162e+01
5.200000e+01,2.769139e+03,-1.000000e+00,5.271730e-01,1.914481e+01,-1.000000e+00,9.475274e+00,-1.000000e+00,-1.500000e+01
5.300000e+01,3.142685e+03,-1.000000e+00,5.271343e-01,2.176296e+01,-1.000000e+00,9.531220e+00,-1.000000e+00,-1.500000e+01
5.400000e+01,3.224534e+03,-1.000000e+00,5.271300e-01,1.944836e+01,-1.000000e+00,9.489847e+00,-1.000000e+00,-1.500000e+01
5.500000e+01,2.628478e+03,9.052585e-01,5.271747e-01,2.270020e+01,-1.000000e+00,9.545841e+00,-1.000000e+00,-5.473707e+00
5.600000e+01,3.180003e+03,-1.000000e+00,5.271367e-01,1.797071e+01,-1.000000e+00,9.443985e+00,-1.000000e+00,-1.500000e+01
5.700000e+01,2.579475e+03,9.183999e-01,5.272807e-01,2.298693e+01,-1.000000e+00,9.553300e+00,-1.000000e+00,-5.408000e+00
5.800000e+01,2.943706e+03,-1.000000e+00,5.271177e-01,2.119829e+01,-1.000000e+00,9.512864e+00,-1.000000e+00,-1.500000e+01
5.900000e+01,3.229956e+03,-1.000000e+00,5.272063e-01,2.090215e+01,-1.000000e+00,9.513360e+00,-1.000000e+00,-1.500000e+01
6.000000e+01,2.829215e+03,-1.000000e+00,5.271903e-01,1.424066e+01,-1.000000e+00,9.321122e+00,-1.000000e+00,-1.500000e+01
6.100000e+01,2.982943e+03,-1.000000e+00,5.271977e-01,1.779082e+01,-1.000000e+00,9.450397e+00,-1.000000e+00,-1.500000e+01
6.200000e+01,2.549359e+03,-1.000000e+00,5.272177e-01,2.094765e+01,-1.000000e+00,9.517387e+00,-1.000000e+00,-1.500000e+01
6.300000e+01,3.148715e+03,-1.000000e+00,5.272317e-01,2.157900e+01,-1.000000e+00,9.526587e+00,-1.000000e+00,-1.500000e+01
6.400000e+01,3.200806e+03,-1.000000e+00,5.272097e-01,1.994766e+01,-1.000000e+00,9.496059e+00,-1.000000e+00,-1.500000e+01
6.500000e+01,3.020742e+03,-1.000000e+00,5.271190e-01,1.098112e+01,6.865241e-01,9.142874e+00,9.139803e-01,3.002522e+00
6.600000e+01,3.157976e+03,-1.000000e+00,5.271997e-01,1.093052e+01,6.595743e-01,9.130518e+00,9.343356e-01,2.969549e+00
6.700000e+01,3.043727e+03,-1.000000e+00,5.271577e-01,1.637980e+01,-1.000000e+00,9.407804e+00,-1.000000e+00,-1.500000e+01
6.800000e+01,3.125706e+03,-1.000000e+00,5.271850e-01,2.278007e+01,-1.000000e+00,9.553688e+00,-1.000000e+00,-1.500000e+01
6.900000e+01,3.211681e+03,-1.000000e+00,5.271637e-01,2.150845e+01,-1.000000e+00,9.527160e+00,-1.000000e+00,-1.500000e+01
7.000000e+01,2.830858e+03,-1.000000e+00,5.271620e-01,1.002008e+01,7.377350e-01,9.060065e+00,8.994955e-01,3.186152e+00
7.100000e+01,2.696765e+03,-1.000000e+00,5.271033e-01,2.211091e+01,-1.000000e+00,9.537491e+00,-1.000000e+00,-1.500000e+01
7.200000e+01,3.144620e+03,-1.000000e+00,5.272000e-01,9.732865e+00,7.636154e-01,9.057786e+00,8.989326e-01,3.312740e+00
7.300000e+01,2.881456e+03,-1.000000e+00,5.271637e-01,1.756589e+01,-1.000000e+00,9.442580e+00,-1.000000e+00,-1.500000e+01
7.400000e+01,2.574191e+03,9.093949e-01,5.271807e-01,2.104589e+01,-1.000000e+00,9.523770e+00,-1.000000e+00,-5.453025e+00
7.500000e+01,2.587009e+03,9.339810e-01,5.271577e-01,2.238044e+01,-1.000000e+00,9.542402e+00,-1.000000e+00,-5.330095e+00
7.600000e+01,3.194634e+03,-1.000000e+00,5.272530e-01,1.645053e+01,-1.000000e+00,9.408928e+00,-1.000000e+00,-1.500000e+01
7.700000e+01,3.059774e+03,-1.000000e+00,5.271883e-01,1.797424e+01,-1.000000e+00,9.446080e+00,-1.000000e+00,-1.500000e+01
7.800000e+01,2.879090e+03,-1.000000e+00,5.271640e-01,2.076569e+01,-1.000000e+00,9.512915e+00,-1.000000e+00,-1.500000e+01
7.900000e+01,2.509758e+03,-1.000000e+00,5.271800e-01,1.150141e+01,6.548474e-01,9.178402e+00,9.145850e-01,2.847162e+00
8.000000e+01,2.526890e+03,-1.000000e+00,5.273180e-01,1.307657e+01,-1.000000e+00,9.275119e+00,8.661600e-01,-5.669200e+00
8.100000e+01,3.192495e+03,-1.000000e+00,5.271933e-01,2.406863e+01,-1.000000e+00,9.570874e+00,-1.000000e+00,-1.500000e+01
8.200000e+01,3.002209e+03,-1.000000e+00,5.271773e-01,1.089293e+01,6.708666e-01,9.140623e+00,9.296550e-01,3.002608e+00
8.300000e+01,2.887811e+03,-1.000000e+00,5.271047e-01,1.648260e+01,-1.000000e+00,9.402043e+00,-1.000000e+00,-1.500000e+01
8.400000e+01,2.620707e+03,9.180697e-01,5.272283e-01,2.155649e+01,-1.000000e+00,9.523720e+00,-1.000000e+00,-5.409651e+00
8.500000e+01,2.698166e+03,-1.000000e+00,5.272990e-01,2.116181e+01,-1.000000e+00,9.511012e+00,-1.000000e+00,-1.500000e+01
8.600000e+01,2.753133e+03,-1.000000e+00,5.271993e-01,1.057656e+01,6.899631e-01,9.122158e+00,9.228191e-01,3.063911e+00
8.700000e+01,3.213555e+03,-1.000000e+00,5.271530e-01,8.782231e+00,6.950269e-01,8.947216e+00,8.559030e-01,2.754650e+00
8.800000e+01,2.931098e+03,-1.000000e+00,5.271530e-01,2.036063e+01,-1.000000e+00,9.498570e+00,-1.000000e+00,-1.500000e+01
8.900000e+01,2.986603e+03,-1.000000e+00,5.272067e-01,1.205624e+01,6.375369e-01,9.218810e+00,8.896483e-01,2.635926e+00
9.000000e+01,3.005003e+03,-1.000000e+00,5.272007e-01,1.770716e+01,-1.000000e+00,9.444634e+00,-1.000000e+00,-1.500000e+01
9.100000e+01,3.087693e+03,-1.000000e+00,5.270980e-01,1.274440e+01,-1.000000e+00,9.265791e+00,8.685447e-01,-5.657277e+00
9.200000e+01,2.740452e+03,-1.000000e+00,5.271907e-01,2.422145e+01,-1.000000e+00,9.569791e+00,-1.000000e+00,-1.500000e+01
9.300000e+01,3.051472e+03,-1.000000e+00,5.271430e-01,2.421271e+01,-1.000000e+00,9.572592e+00,-1.000000e+00,-1.500000e+01
9.400000e+01,2.897106e+03,-1.000000e+00,5.272650e-01,1.096241e+01,6.789686e-01,9.155290e+00,9.280881e-01,3.035283e+00
9.500000e+01,2.688238e+03,-1.000000e+00,5.271450e-01,2.237278e+01,-1.000000e+00,9.531626e+00,-1.000000e+00,-1.500000e+01
9.600000e+01,2.710640e+03,-1.000000e+00,5.271397e-01,2.118647e+01,-1.000000e+00,9.522550e+00,-1.000000e+00,-1.500000e+01
9.700000e+01,3.146720e+03,-1.000000e+00,5.272047e-01,1.576273e+01,-1.000000e+00,9.388072e+00,-1.000000e+00,-1.500000e+01
9.800000e+01,3.156858e+03,-1.000000e+00,5.271733e-01,1.385075e+01,-1.000000e+00,9.303448e+00,8.563659e-01,-5.718170e+00
9.900000e+01,2.827298e+03,-1.000000e+00,5.271343e-01,2.037686e+01,-1.000000e+00,9.510497e+00,-1.000000e+00,-1.500000e+01
1.000000e+02,2.902362e+03,-1.000000e+00,5.271763e-01,1.643460e+01,-1.000000e+00,9.407540e+00,-1.000000e+00,-1.500000e+01
1.010000e+02,2.558992e+03,8.884251e-01,5.272143e-01,9.178311e+00,7.458912e-01,9.005467e+00,8.833753e-01,1.258846e+01
1.020000e+02,2.588872e+03,9.385943e-01,5.272723e-01,1.079586e+01,6.896744e-01,9.139080e+00,9.259494e-01,1.277109e+01
1.030000e+02,2.589483e+03,9.402036e-01,5.271780e-01,9.081261e+00,7.450840e-01,8.997834e+00,8.784448e-01,1.281866e+01
1.040000e+02,2.598535e+03,9.768118e-01,5.271517e-01,9.400983e+00,7.346270e-01,9.035586e+00,8.882146e-01,1.299827e+01
1.050000e+02,2.597238e+03,9.684378e-01,5.272993e-01,9.383168e+00,7.664381e-01,9.014827e+00,8.829361e-01,1.308906e+01
1.060000e+02,2.599525e+03,9.866609e-01,5.272350e-01,1.007533e+01,7.471024e-01,9.085397e+00,8.995412e-01,1.316652e+01
1.070000e+02,2.607100e+03,9.503375e-01,5.271610e-01,1.021307e+01,7.178225e-01,9.090200e+00,9.123238e-01,1.290242e+01
1.080000e+02,2.624819e+03,9.109935e-01,5.272203e-01,9.509464e+00,7.849555e-01,9.042983e+00,8.906968e-01,1.293323e+01
1.090000e+02,2.572671e+03,9.070094e-01,5.272243e-01,1.030402e+01,7.262698e-01,9.093771e+00,9.049327e-01,1.269106e+01
1.100000e+02,2.570041e+03,9.030613e-01,5.271813e-01,9.069285e+00,7.265832e-01,8.989749e+00,8.745691e-01,1.252107e+01
1.110000e+02,2.573982e+03,9.090629e-01,5.271913e-01,9.902399e+00,7.334571e-01,9.070367e+00,9.034861e-01,1.273003e+01
1.120000e+02,2.613008e+03,9.339412e-01,5.271267e-01,9.250280e+00,7.642676e-01,9.004597e+00,8.784345e-01,1.288322e+01
1.130000e+02,2.603696e+03,9.636677e-01,5.271950e-01,9.849433e+00,7.414513e-01,9.061349e+00,9.012026e-01,1.303161e+01
1.140000e+02,2.628491e+03,9.052392e-01,5.272827e-01,1.289489e+01,-1.000000e+00,9.268657e+00,8.699635e-01,3.876013e+00
1.150000e+02,2.590429e+03,9.427968e-01,5.271837e-01,9.719503e+00,7.658633e-01,9.053723e+00,8.971876e-01,1.302924e+01
1.160000e+02,2.595320e+03,9.592993e-01,5.272187e-01,9.289984e+00,7.412234e-01,9.011831e+00,8.836015e-01,1.292062e+01
1.170000e+02,2.595473e+03,9.599455e-01,5.271983e-01,9.465147e+00,7.877208e-01,9.027666e+00,8.873429e-01,1.317505e+01
1.180000e+02,2.565236e+03,8.963532e-01,5.271670e-01,8.777698e+00,7.109128e-01,8.985653e+00,8.691758e-01,1.238221e+01
1.190000e+02,2.609830e+03,9.420738e-01,5.271270e-01,1.019847e+01,7.327921e-01,9.090029e+00,9.032720e-01,1.289069e+01
1.200000e+02,2.616396e+03,9.264310e-01,5.271417e-01,9.968154e+00,7.514140e-01,9.085307e+00,9.004956e-01,1.289170e+01
1.210000e+02,2.589623e+03,9.405793e-01,5.271537e-01,9.613819e+00,7.863464e-01,9.049907e+00,8.934123e-01,1.310169e+01
1.220000e+02,2.605450e+03,9.562221e-01,5.271930e-01,9.036690e+00,7.469695e-01,8.996584e+00,8.782169e-01,1.290704e+01
1.230000e+02,2.575679e+03,9.118124e-01,5.272140e-01,9.155482e+00,7.558021e-01,9.007470e+00,8.800673e-01,1.273841e+01
1.240000e+02,2.636524e+03,8.940355e-01,5.271837e-01,9.860870e+00,7.584405e-01,9.052159e+00,8.958416e-01,1.274159e+01
1.250000e+02,2.595053e+03,9.582035e-01,5.271510e-01,9.523973e+00,7.812674e-01,9.043946e+00,8.859367e-01,1.312704e+01
1.260000e+02,2.598428e+03,9.760047e-01,5.271870e-01,9.294121e+00,7.453447e-01,9.028585e+00,8.887926e-01,1.305071e+01
1.270000e+02,2.575029e+03,9.107466e-01,5.271877e-01,1.060199e+01,7.003803e-01,9.123097e+00,9.171551e-01,1.264141e+01
1.280000e+02,2.613703e+03,9.323154e-01,5.272327e-01,1.047086e+01,7.365714e-01,9.117485e+00,9.103091e-01,1.289598e+01
1.290000e+02,2.641842e+03,8.874223e-01,5.271790e-01,8.984594e+00,7.358632e-01,8.986027e+00,8.760806e-01,1.249683e+01
1.300000e+02,2.588425e+03,9.374517e-01,5.272107e-01,9.786879e+00,7.335688e-01,9.049875e+00,9.009567e-01,1.285989e+01
1.310000e+02,2.589216e+03,9.394954e-01,5.272093e-01,1.188734e+01,6.259115e-01,9.209318e+00,8.969715e-01,1.231189e+01
1.320000e+02,2.600163e+03,9.921379e-01,5.271960e-01,9.451998e+00,7.467670e-01,9.037570e+00,8.897710e-01,1.314338e+01
1.330000e+02,2.602398e+03,9.705282e-01,5.271487e-01,8.791741e+00,7.287760e-01,8.977509e+00,8.677696e-01,1.283537e+01
1.340000e+02,2.590226e+03,9.422306e-01,5.272323e-01,1.084313e+01,6.729545e-01,9.134113e+00,9.280869e-01,1.271636e+01
1.350000e+02,2.607805e+03,9.480553e-01,5.271580e-01,9.413497e+00,7.884190e-01,9.024793e+00,8.822148e-01,1.309345e+01
1.360000e+02,2.585533e+03,9.305851e-01,5.272837e-01,9.880741e+00,8.044725e-01,9.078778e+00,8.923108e-01,1.313684e+01
1.370000e+02,2.601798e+03,9.743766e-01,5.272377e-01,9.541087e+00,7.904652e-01,9.044329e+00,8.939483e-01,1.329395e+01
1.380000e+02,2.623552e+03,9.130957e-01,5.271357e-01,1.024768e+01,7.154449e-01,9.092881e+00,9.138656e-01,1.271203e+01
1.390000e+02,2.597571e+03,9.703418e-01,5.271027e-01,1.009947e+01,7.425700e-01,9.084599e+00,9.033010e-01,1.308106e+01
1.400000e+02,2.586309e+03,9.323438e-01,5.271270e-01,9.597970e+00,7.878497e-01,9.052205e+00,8.909082e-01,1.305551e+01
1.410000e+02,2.578471e+03,9.165926e-01,5.272093e-01,1.032044e+01,7.241827e-01,9.112225e+00,9.103978e-01,1.275587e+01
1.420000e+02,2.583936e+03,9.271246e-01,5.272890e-01,8.970623e+00,7.527732e-01,8.987733e+00,8.702230e-01,1.275060e+01
1.430000e+02,2.607125e+03,9.502543e-01,5.271507e-01,1.137183e+01,6.551452e-01,9.169452e+00,9.217024e-01,1.263551e+01
1.440000e+02,2.597900e+03,9.723675e-01,5.272463e-01,1.000596e+01,7.220684e-01,9.072420e+00,9.073136e-01,1.300875e+01
1.450000e+02,2.607942e+03,9.476264e-01,5.271700e-01,8.524747e+00,7.024478e-01,8.942456e+00,8.587197e-01,1.254397e+01
1.460000e+02,2.572756e+03,9.071417e-01,5.272733e-01,1.013574e+01,7.237896e-01,9.082946e+00,9.066585e-01,1.268795e+01
1.470000e+02,2.570114e+03,9.031683e-01,5.272290e-01,8.794377e+00,7.266187e-01,8.961719e+00,8.683508e-01,1.249069e+01
1.480000e+02,2.575077e+03,9.108239e-01,5.271787e-01,9.418601e+00,7.732349e-01,9.022642e+00,8.876940e-01,1.285876e+01
1.490000e+02,2.596969e+03,9.669861e-01,5.272020e-01,9.481707e+00,7.757738e-01,9.031300e+00,8.885231e-01,1.315641e+01
1.500000e+02,2.628251e+03,9.056015e-01,5.271910e-01,9.665573e+00,7.723644e-01,9.049718e+00,8.982191e-01,1.288092e+01
1.510000e+02,2.598416e+03,9.759125e-01,5.272423e-01,9.125214e+00,7.404942e-01,9.002040e+00,8.802840e-01,1.298345e+01
1.520000e+02,2.675113e+03,-1.000000e+00,5.272340e-01,1.023373e+01,7.478027e-01,9.103133e+00,9.023735e-01,3.250881e+00
1.530000e+02,2.592863e+03,9.502143e-01,5.272343e-01,9.038633e+00,7.211408e-01,8.991837e+00,8.795192e-01,1.275437e+01
1.540000e+02,2.567467e+03,8.993943e-01,5.271753e-01,9.480898e+00,7.436973e-01,9.048432e+00,8.939505e-01,1.268521e+01
1.550000e+02,2.613209e+03,9.334651e-01,5.271617e-01,1.021494e+01,7.272756e-01,9.090868e+00,9.080400e-01,1.284390e+01
1.560000e+02,2.588039e+03,9.364823e-01,5.272027e-01,8.809470e+00,7.178498e-01,8.961607e+00,8.668587e-01,1.260595e+01
1.570000e+02,2.618498e+03,9.222129e-01,5.272233e-01,9.036897e+00,7.572114e-01,8.990490e+00,8.722271e-01,1.275826e+01
1.580000e+02,2.596945e+03,9.668581e-01,5.271990e-01,9.277852e+00,7.495307e-01,9.018491e+00,8.883461e-01,1.302367e+01
1.590000e+02,2.628717e+03,9.048994e-01,5.271967e-01,1.115564e+01,6.744529e-01,9.165695e+00,9.189603e-01,1.249156e+01
1.600000e+02,2.613544e+03,9.326832e-01,5.271893e-01,9.627138e+00,7.829474e-01,9.048209e+00,8.907048e-01,1.303168e+01
1.610000e+02,2.595433e+03,9.597758e-01,5.271397e-01,1.139569e+01,6.474491e-01,9.176380e+00,9.193048e-01,1.263265e+01
1.620000e+02,2.620244e+03,9.189163e-01,5.271570e-01,1.002943e+01,7.578525e-01,9.089574e+00,8.988320e-01,1.287800e+01
1.630000e+02,2.624323e+03,9.118082e-01,5.272367e-01,9.792116e+00,7.749871e-01,9.064641e+00,8.941654e-01,1.290480e+01
1.640000e+02,2.592549e+03,9.491874e-01,5.271587e-01,8.916202e+00,7.277652e-01,8.977001e+00,8.727773e-01,1.274865e+01
1.650000e+02,2.603054e+03,9.668613e-01,5.272630e-01,9.937650e+00,7.508959e-01,9.073344e+00,9.033274e-01,1.310542e+01
1.660000e+02,2.576425e+03,9.130564e-01,5.271713e-01,9.408720e+00,7.726617e-01,9.025630e+00,8.843148e-01,1.285016e+01
1.670000e+02,2.603313e+03,9.655347e-01,5.271620e-01,9.116293e+00,7.308532e-01,9.007974e+00,8.842137e-01,1.290301e+01
1.680000e+02,2.581249e+03,9.217239e-01,5.271317e-01,9.399988e+00,7.535133e-01,9.023508e+00,8.869570e-01,1.281097e+01
1.690000e+02,2.638708e+03,8.912533e-01,5.271680e-01,9.492518e+00,7.862120e-01,9.042363e+00,8.865482e-01,1.282007e+01
1.700000e+02,2.617279e+03,9.246237e-01,5.271287e-01,9.386950e+00,7.506822e-01,9.033913e+00,8.880506e-01,1.281678e+01
1.710000e+02,2.588035e+03,9.364723e-01,5.271280e-01,1.077017e+01,6.696113e-01,9.145345e+00,9.356700e-01,1.270877e+01
1.720000e+02,2.616475e+03,9.262676e-01,5.272823e-01,9.311075e+00,7.623126e-01,9.023816e+00,8.805691e-01,1.284575e+01
1.730000e+02,2.622748e+03,9.144630e-01,5.271800e-01,1.119472e+01,6.619745e-01,9.154926e+00,9.271168e-01,1.251777e+01
1.740000e+02,2.578437e+03,9.165335e-01,5.271920e-01,1.093568e+01,6.639343e-01,9.159868e+00,9.280380e-01,1.254253e+01
1.750000e+02,2.598552e+03,9.769463e-01,5.272337e-01,8.679815e+00,7.141765e-01,8.959931e+00,8.665605e-01,1.278842e+01
1.760000e+02,2.611598e+03,9.373931e-01,5.272180e-01,9.546863e+00,8.084304e-01,9.041560e+00,8.869223e-01,1.316373e+01
1.770000e+02,2.590610e+03,9.433115e-01,5.272023e-01,9.378744e+00,7.316574e-01,9.036877e+00,8.962200e-01,1.285594e+01
1.780000e+02,2.615833e+03,9.276131e-01,5.272223e-01,9.437797e+00,7.684601e-01,9.024858e+00,8.906906e-01,1.293382e+01
1.790000e+02,2.587221e+03,9.344860e-01,5.271730e-01,9.197040e+00,7.536113e-01,9.009890e+00,8.812951e-01,1.284696e+01
1.800000e+02,2.609538e+03,9.428912e-01,5.271790e-01,9.852786e+00,7.606346e-01,9.054534e+00,8.982968e-01,1.300911e+01
1.810000e+02,2.591186e+03,9.449807e-01,5.271687e-01,1.080822e+01,6.894183e-01,9.124603e+00,9.205110e-01,1.277455e+01
1.820000e+02,2.617672e+03,9.238363e-01,5.271913e-01,8.851224e+00,7.123710e-01,8.965671e+00,8.649832e-01,1.250595e+01
1.830000e+02,2.608432e+03,9.461211e-01,5.271927e-01,9.573261e+00,7.729514e-01,9.039109e+00,8.889798e-01,1.304026e+01
1.840000e+02,2.621168e+03,9.172368e-01,5.271987e-01,9.227172e+00,7.387194e-01,9.000978e+00,8.787910e-01,1.267374e+01
1.850000e+02,2.591767e+03,9.467252e-01,5.271980e-01,9.086098e+00,7.158694e-01,8.996777e+00,8.799951e-01,1.271295e+01
1.860000e+02,2.633274e+03,8.983696e-01,5.271530e-01,9.666696e+00,7.929404e-01,9.055226e+00,8.946452e-01,1.292978e+01
1.870000e+02,2.565327e+03,8.964745e-01,5.271940e-01,8.878448e+00,7.163314e-01,8.965627e+00,8.655647e-01,1.239185e+01
1.880000e+02,2.635252e+03,8.957036e-01,5.271420e-01,1.001315e+01,7.342162e-01,9.069850e+00,9.050249e-01,1.267472e+01
1.890000e+02,2.590956e+03,9.443066e-01,5.271790e-01,9.571932e+00,7.603048e-01,9.049072e+00,8.932862e-01,1.298949e+01
1.900000e+02,2.628357e+03,9.054403e-01,5.272173e-01,9.286625e+00,7.588193e-01,9.017758e+00,8.827167e-01,1.273488e+01
1.910000e+02,2.597636e+03,9.707320e-01,5.271550e-01,9.584620e+00,7.953645e-01,9.050837e+00,8.914390e-01,1.328768e+01
1.920000e+02,2.621815e+03,9.160877e-01,5.272890e-01,1.017967e+01,7.384978e-01,9.090967e+00,9.032928e-01,1.278939e+01
1.930000e+02,2.580053e+03,9.194643e-01,5.271457e-01,9.613369e+00,8.228978e-01,9.043126e+00,8.860945e-01,1.314228e+01
1.940000e+02,2.589418e+03,9.400298e-01,5.272043e-01,9.664973e+00,7.884925e-01,9.048546e+00,8.919249e-01,1.310224e+01
1.950000e+02,2.623952e+03,9.124246e-01,5.271303e-01,9.256457e+00,7.532761e-01,9.023304e+00,8.852468e-01,1.275474e+01
1.960000e+02,2.617310e+03,9.245608e-01,5.271717e-01,1.302170e+01,-1.000000e+00,9.272063e+00,8.686498e-01,3.966053e+00
1.970000e+02,2.612837e+03,9.343471e-01,5.270907e-01,9.468812e+00,7.936416e-01,9.040393e+00,8.845932e-01,1.306291e+01
1.980000e+02,2.637359e+03,8.929606e-01,5.272733e-01,8.877385e+00,7.258765e-01,8.973288e+00,8.694742e-01,1.244156e+01
1.990000e+02,2.603210e+03,9.660531e-01,5.270447e-01,1.190490e+01,6.280329e-01,9.213981e+00,8.946844e-01,1.244385e+01
2.000000e+02,2.605517e+03,9.559640e-01,5.270713e-01,1.035549e+01,7.198227e-01,9.107619e+00,9.122286e-01,1.294008e+01
2.010000e+02,2.588386e+03,9.373510e-01,5.272080e-01,8.785079e+00,7.035930e-01,8.980871e+00,8.762275e-01,1.258586e+01
2.020000e+02,2.597102e+03,9.676917e-01,5.271767e-01,9.106415e+00,7.417277e-01,9.003852e+00,8.793652e-01,1.294392e+01
2.030000e+02,2.608824e+03,9.449512e-01,5.272080e-01,9.664374e+00,7.701904e-01,9.032523e+00,8.906457e-01,1.302894e+01
2.040000e+02,2.590718e+03,9.436195e-01,5.271170e-01,9.431795e+00,7.705199e-01,9.032815e+00,8.915357e-01,1.302838e+01
2.050000e+02,2.573578e+03,9.084228e-01,5.272030e-01,8.974391e+00,7.276406e-01,8.986154e+00,8.750735e-01,1.255568e+01
2.060000e+02,2.597432e+03,9.695307e-01,5.272030e-01,8.920642e+00,7.321571e-01,8.982480e+00,8.736796e-01,1.287684e+01
2.070000e+02,2.600149e+03,9.924777e-01,5.272083e-01,9.442587e+00,7.728269e-01,9.033360e+00,8.906502e-01,1.327977e+01
2.080000e+02,2.585190e+03,9.298235e-01,5.271973e-01,1.031039e+01,7.040301e-01,9.101516e+00,9.172054e-01,1.275529e+01
2.090000e+02,2.600120e+03,9.932390e-01,5.271960e-01,8.739036e+00,7.217637e-01,8.969910e+00,8.634755e-01,1.289239e+01
2.100000e+02,2.618997e+03,9.212526e-01,5.272217e-01,1.042560e+01,7.166817e-01,9.112255e+00,9.106290e-01,1.274282e+01
2.110000e+02,2.587458e+03,9.350555e-01,5.271770e-01,9.808330e+00,7.374770e-01,9.046338e+00,8.994254e-01,1.285979e+01
2.120000e+02,2.587632e+03,9.354800e-01,5.271970e-01,9.251957e+00,7.483983e-01,9.015182e+00,8.827462e-01,1.283312e+01
2.130000e+02,2.599234e+03,9.831206e-01,5.272190e-01,9.619005e+00,7.699598e-01,9.049123e+00,8.883739e-01,1.320727e+01
2.140000e+02,2.592955e+03,9.505226e-01,5.272067e-01,1.000784e+01,7.415964e-01,9.073930e+00,8.989744e-01,1.295547e+01
2.150000e+02,2.608012e+03,9.474083e-01,5.272297e-01,1.228097e+01,6.251360e-01,9.218076e+00,8.906818e-01,1.231613e+01
2.160000e+02,2.607003e+03,9.506610e-01,5.272090e-01,1.022227e+01,7.241119e-01,9.092930e+00,9.080418e-01,1.291407e+01
2.170000e+02,2.614208e+03,9.311649e-01,5.272027e-01,9.793866e+00,7.674510e-01,9.045393e+00,8.946805e-01,1.296648e+01
2.180000e+02,2.593224e+03,9.514292e-01,5.271263e-01,9.136262e+00,7.402169e-01,9.006326e+00,8.816986e-01,1.286672e+01
2.190000e+02,2.591453e+03,9.457747e-01,5.271927e-01,8.780477e+00,7.127646e-01,8.968084e+00,8.695297e-01,1.264035e+01
2.200000e+02,2.625383e+03,9.100789e-01,5.271913e-01,1.028378e+01,7.367411e-01,9.094695e+00,9.100615e-01,1.278441e+01
2.210000e+02,2.596863e+03,9.664317e-01,5.272083e-01,1.075101e+01,6.800499e-01,9.131923e+00,9.265472e-01,1.286514e+01
2.220000e+02,2.629219e+03,9.041517e-01,5.271713e-01,9.722604e+00,7.638478e-01,9.059449e+00,8.994239e-01,1.283712e+01
2.230000e+02,2.612830e+03,9.343630e-01,5.271607e-01,9.545156e+00,7.713915e-01,9.045758e+00,8.971351e-01,1.301445e+01
2.240000e+02,2.599452e+03,9.856866e-01,5.271923e-01,1.275358e+01,6.176779e-01,9.263013e+00,8.676291e-01,1.235497e+01
2.250000e+02,2.589983e+03,9.415586e-01,5.271243e-01,9.507613e+00,7.723718e-01,9.041948e+00,8.915528e-01,1.302742e+01
2.260000e+02,2.593047e+03,9.508301e-01,5.272370e-01,1.023559e+01,7.134550e-01,9.103072e+00,9.158488e-01,1.290067e+01
2.270000e+02,2.574669e+03,9.101618e-01,5.272070e-01,1.129041e+01,6.621578e-01,9.177945e+00,9.117089e-01,1.242014e+01
2.280000e+02,2.573797e+03,9.087690e-01,5.271497e-01,1.086304e+01,6.711571e-01,9.140582e+00,9.325031e-01,1.256215e+01
2.290000e+02,2.579498e+03,9.184423e-01,5.272603e-01,9.423794e+00,7.710430e-01,9.035782e+00,8.897813e-01,1.289633e+01
2.300000e+02,2.598744e+03,9.784934e-01,5.271407e-01,1.024023e+01,7.141400e-01,9.097604e+00,9.112829e-01,1.301958e+01
2.310000e+02,2.571437e+03,9.051311e-01,5.271487e-01,9.328850e+00,7.667349e-01,9.024344e+00,8.818911e-01,1.276879e+01
2.320000e+02,2.605300e+03,9.567997e-01,5.271717e-01,1.044148e+01,7.186658e-01,9.109620e+00,9.121126e-01,1.293789e+01
2.330000e+02,2.581410e+03,9.220348e-01,5.271700e-01,9.777294e+00,7.722472e-01,9.055089e+00,8.965863e-01,1.295434e+01
2.340000e+02,2.565765e+03,8.970633e-01,5.272537e-01,9.782069e+00,7.644412e-01,9.063363e+00,8.961858e-01,1.278845e+01
2.350000e+02,2.590917e+03,9.441930e-01,5.271887e-01,1.108934e+01,6.825115e-01,9.164844e+00,9.185285e-01,1.272616e+01
2.360000e+02,2.641591e+03,8.877234e-01,5.272250e-01,9.898269e+00,7.610503e-01,9.071870e+00,8.993849e-01,1.274079e+01
2.370000e+02,2.586753e+03,9.333763e-01,5.271650e-01,9.581993e+00,7.745891e-01,9.043572e+00,8.904888e-01,1.299227e+01
2.380000e+02,2.599376e+03,9.847483e-01,5.271723e-01,9.680723e+00,7.493876e-01,9.054465e+00,8.965442e-01,1.315340e+01
2.390000e+02,2.597620e+03,9.706304e-01,5.271530e-01,9.634156e+00,7.751962e-01,9.046594e+00,8.897734e-01,1.317800e+01
2.400000e+02,2.618092e+03,9.230056e-01,5.271580e-01,9.617722e+00,7.783294e-01,9.055350e+00,8.988531e-01,1.300094e+01
2.410000e+02,2.626640e+03,9.080817e-01,5.271863e-01,9.895827e+00,7.313278e-01,9.064315e+00,9.077955e-01,1.273602e+01
2.420000e+02,2.560722e+03,8.905426e-01,5.272040e-01,9.876916e+00,7.659695e-01,9.078021e+00,8.944073e-01,1.275460e+01
2.430000e+02,2.568267e+03,9.005147e-01,5.271280e-01,1.035868e+01,7.180647e-01,9.113356e+00,9.109550e-01,1.264767e+01
2.440000e+02,2.601212e+03,9.788623e-01,5.271773e-01,9.915971e+00,7.696559e-01,9.068652e+00,8.960011e-01,1.322260e+01
2.450000e+02,2.626867e+03,9.077264e-01,5.271937e-01,9.177811e+00,7.585803e-01,9.012940e+00,8.778846e-01,1.272096e+01
2.460000e+02,2.611867e+03,9.367152e-01,5.271643e-01,9.475125e+00,7.932872e-01,9.031108e+00,8.831179e-01,1.306560e+01
2.470000e+02,2.622355e+03,9.151426e-01,5.272703e-01,9.463096e+00,7.836378e-01,9.038822e+00,8.875546e-01,1.293167e+01
2.480000e+02,2.570250e+03,9.033686e-01,5.271787e-01,9.039040e+00,7.341694e-01,8.986587e+00,8.768812e-01,1.257210e+01
2.490000e+02,2.600464e+03,9.868112e-01,5.271267e-01,9.216316e+00,7.533506e-01,9.014911e+00,8.794426e-01,1.309802e+01
2.500000e+02,2.592795e+03,9.499924e-01,5.272433e-01,9.419809e+00,7.698769e-01,9.023784e+00,8.887211e-01,1.304295e+01
2.510000e+02,2.586565e+03,9.329378e-01,5.271850e-01,9.857372e+00,7.643263e-01,9.056141e+00,8.976534e-01,1.297459e+01
2.520000e+02,2.602320e+03,9.709938e-01,5.272053e-01,9.784489e+00,7.341761e-01,9.049781e+00,9.019797e-01,1.303575e+01
2.530000e+02,2.578194e+03,9.161033e-01,5.271507e-01,1.018909e+01,7.089544e-01,9.097856e+00,9.141437e-01,1.269601e+01
2.540000e+02,2.643766e+03,8.851570e-01,5.272087e-01,1.066168e+01,7.000308e-01,9.130471e+00,9.153753e-01,1.250282e+01
2.550000e+02,2.632987e+03,8.987643e-01,5.271990e-01,9.593917e+00,7.873079e-01,9.054411e+00,8.907107e-01,1.288391e+01
2.560000e+02,2.640884e+03,8.885741e-01,5.271457e-01,9.391377e+00,7.429283e-01,9.031137e+00,8.910358e-01,1.261269e+01
