# step_count,fitted_elastic_modulus,elastic_modulus_match_degree,average_bond_length,average_persistence_length,persistence_length_match_degree,average_end_to_end_distance,end_to_end_distance_match_degree,reward_value
1.000000e+00,2.935108e+03,-1.000000e+00,5.272497e-01,1.060445e+01,7.004740e-01,9.114376e+00,9.179332e-01,3.092036e+00
2.000000e+00,2.712138e+03,-1.000000e+00,5.272483e-01,1.873567e+01,-1.000000e+00,9.474658e+00,-1.000000e+00,-1.500000e+01
3.000000e+00,3.138827e+03,-1.000000e+00,5.272273e-01,1.497853e+01,-1.000000e+00,9.357582e+00,-1.000000e+00,-1.500000e+01
4.000000e+00,3.207746e+03,-1.000000e+00,5.271303e-01,2.370124e+01,-1.000000e+00,9.556853e+00,-1.000000e+00,-1.500000e+01
5.000000e+00,3.054400e+03,-1.000000e+00,5.271953e-01,1.635825e+01,-1.000000e+00,9.404034e+00,-1.000000e+00,-1.500000e+01
6.000000e+00,2.551494e+03,8.798263e-01,5.271063e-01,1.151636e+01,6.599332e-01,9.179686e+00,9.142840e-01,1.227022e+01
7.000000e+00,2.565026e+03,8.960728e-01,5.271890e-01,1.145993e+01,6.667177e-01,9.191541e+00,9.013530e-01,1.232072e+01
8.000000e+00,3.182782e+03,-1.000000e+00,5.271607e-01,1.478686e+01,-1.000000e+00,9.347677e+00,-1.000000e+00,-1.500000e+01
9.000000e+00,2.767896e+03,-1.000000e+00,5.272247e-01,1.787909e+01,-1.000000e+00,9.442316e+00,-1.000000e+00,-1.500000e+01
1.000000e+01,2.785363e+03,-1.000000e+00,5.272223e-01,1.876485e+01,-1.000000e+00,9.476786e+00,-1.000000e+00,-1.500000e+01
1.100000e+01,2.874193e+03,-1.000000e+00,5.271577e-01,1.730519e+01,-1.000000e+00,9.437792e+00,-1.000000e+00,-1.500000e+01
1.200000e+01,2.624515e+03,9.114922e-01,5.271687e-01,2.218798e+01,-1.000000e+00,9.533681e+00,-1.000000e+00,-5.442539e+00
1.300000e+01,2.786682e+03,-1.000000e+00,5.271157e-01,2.331650e+01,-1.000000e+00,9.551511e+00,-1.000000e+00,-1.500000e+01
1.400000e+01,3.181706e+03,-1.000000e+00,5.272607e-01,9.713476e+00,8.001584e-01,9.059017e+00,8.910292e-01,3.455938e+00
1.500000e+01,2.917558e+03,-1.000000e+00,5.271753e-01,2.443459e+01,-1.000000e+00,9.576441e+00,-1.000000e+00,-1.500000e+01
1.600000e+01,2.578297e+03,9.162857e-01,5.272320e-01,1.405953e+01,-1.000000e+00,9.319456e+00,-1.000000e+00,-5.418571e+00
1.700000e+01,2.647799e+03,8.806010e-01,5.271557e-01,1.787122e+01,-1.000000e+00,9.450270e+00,-1.000000e+00,-5.596995e+00
1.800000e+01,3.189297e+03,-1.000000e+00,5.271590e-01,1.456771e+01,-1.000000e+00,9.333770e+00,-1.000000e+00,-1.500000e+01
1.900000e+01,3.137532e+03,-1.000000e+00,5.271580e-01,2.511103e+01,-1.000000e+00,9.584467e+00,-1.000000e+00,-1.500000e+01
2.000000e+01,2.587311e+03,9.347018e-01,5.271253e-01,2.150735e+01,-1.000000e+00,9.527931e+00,-1.000000e+00,-5.326491e+00
2.100000e+01,3.191101e+03,-1.000000e+00,5.272093e-01,2.116792e+01,-1.000000e+00,9.512663e+00,-1.000000e+00,-1.500000e+01
2.200000e+01,2.880194e+03,-1.000000e+00,5.272210e-01,2.295892e+01,-1.000000e+00,9.551186e+00,-1.000000e+00,-1.500000e+01
2.300000e+01,3.062560e+03,-1.000000e+00,5.270810e-01,1.208420e+01,6.310334e-01,9.214928e+00,8.912797e-01,2.611565e+00
2.400000e+01,2.875262e+03,-1.000000e+00,5.271433e-01,1.005935e+01,7.124860e-01,9.073751e+00,9.097807e-01,3.111334e+00
2.500000e+01,2.615378e+03,9.285860e-01,5.271867e-01,1.835314e+01,-1.000000e+00,9.457364e+00,-1.000000e+00,-5.357070e+00
2.600000e+01,2.817521e+03,-1.000000e+00,5.271727e-01,2.054728e+01,-1.000000e+00,9.509197e+00,-1.000000e+00,-1.500000e+01
2.700000e+01,2.926272e+03,-1.000000e+00,5.271643e-01,1.149704e+01,6.600585e-01,9.185431e+00,9.077086e-01,2.838836e+00
2.800000e+01,2.798093e+03,-1.000000e+00,5.271317e-01,1.542946e+01,-1.000000e+00,9.363739e+00,-1.000000e+00,-1.500000e+01
2.900000e+01,3.110672e+03,-1.000000e+00,5.272070e-01,2.076334e+01,-1.000000e+00,9.514554e+00,-1.000000e+00,-1.500000e+01
3.000000e+01,3.175732e+03,-1.000000e+00,5.271637e-01,2.319267e+01,-1.000000e+00,9.547533e+00,-1.000000e+00,-1.500000e+01
3.100000e+01,2.592183e+03,9.480183e-01,5.272100e-01,2.206647e+01,-1.000000e+00,9.536659e+00,-1.000000e+00,-5.259909e+00
3.200000e+01,2.836340e+03,-1.000000e+00,5.271663e-01,2.050943e+01,-1.000000e+00,9.507604e+00,-1.000000e+00,-1.500000e+01
3.300000e+01,2.606813e+03,9.513043e-01,5.271350e-01,1.036240e+01,6.927798e-01,9.109302e+00,9.219287e-01,1.283006e+01
3.400000e+01,3.168438e+03,-1.000000e+00,5.272073e-01,1.324295e+01,-1.000000e+00,9.279386e+00,8.640057e-01,-5.679971e+00
3.500000e+01,3.020372e+03,-1.000000e+00,5.272003e-01,1.215425e+01,6.302501e-01,9.229627e+00,8.839134e-01,2.570818e+00
3.600000e+01,3.173565e+03,-1.000000e+00,5.271520e-01,2.194364e+01,-1.000000e+00,9.530719e+00,-1.000000e+00,-1.500000e+01
3.700000e+01,2.479924e+03,-1.000000e+00,5.272243e-01,2.456829e+01,-1.000000e+00,9.576606e+00,-1.000000e+00,-1.500000e+01
3.800000e+01,2.582658e+03,9.244961e-01,5.272457e-01,9.383389e+00,7.765116e-01,9.020041e+00,8.874059e-01,1.294207e+01
3.900000e+01,2.721863e+03,-1.000000e+00,5.271773e-01,2.373286e+01,-1.000000e+00,9.562511e+00,-1.000000e+00,-1.500000e+01
4.000000e+01,2.734263e+03,-1.000000e+00,5.271813e-01,1.259151e+01,6.109868e-01,9.243455e+00,8.806449e-01,2.458158e+00
4.100000e+01,2.863386e+03,-1.000000e+00,5.271583e-01,1.518380e+01,-1.000000e+00,9.356913e+00,-1.000000e+00,-1.500000e+01
4.200000e+01,3.064742e+03,-1.000000e+00,5.272663e-01,9.101416e+00,7.398304e-01,8.989851e+00,8.782099e-01,3.090202e+00
4.300000e+01,3.226548e+03,-1.000000e+00,5.270757e-01,2.144988e+01,-1.000000e+00,9.524613e+00,-1.000000e+00,-1.500000e+01
4.400000e+01,3.189452e+03,-1.000000e+00,5.271793e-01,1.814390e+01,-1.000000e+00,9.446201e+00,-1.000000e+00,-1.500000e+01
4.500000e+01,2.821559e+03,-1.000000e+00,5.272270e-01,2.388289e+01,-1.000000e+00,9.570730e+00,-1.000000e+00,-1.500000e+01
4.600000e+01,3.142235e+03,-1.000000e+00,5.272447e-01,1.661424e+01,-1.000000e+00,9.404656e+00,-1.000000e+00,-1.500000e+01
4.700000e+01,3.217449e+03,-1.000000e+00,5.271483e-01,1.073222e+01,7.019597e-01,9.133997e+00,9.205745e-01,3.112671e+00
4.800000e+01,2.471977e+03,-1.000000e+00,5.271650e-01,1.915634e+01,-1.000000e+00,9.482128e+00,-1.000000e+00,-1.500000e+01
4.900000e+01,2.680603e+03,-1.000000e+00,5.272520e-01,1.579183e+01,-1.000000e+00,9.395288e+00,-1.000000e+00,-1.500000e+01
5.000000e+01,2.867261e+03,-1.000000e+00,5.272237e-01,1.780782e+01,-1.000000e+00,9.442232e+00,-1.000000e+00,-1.500000e+01
5.100000e+01,2.950165e+03,-1.000000e+00,5.272013e-01,1.331164e+01,-1.000000e+00,9.296177e+00,8.582278e-01,-5.708861e+00
5.200000e+01,2.579944e+03,9.192633e-01,5.271727e-01,2.095477e+01,-1.000000e+00,9.515257e+00,-1.000000e+00,-5.403683e+00
5.300000e+01,3.027951e+03,-1.000000e+00,5.271663e-01,1.002197e+01,7.393372e-01,9.068322e+00,9.003166e-01,3.198269e+00
5.400000e+01,2.605160e+03,9.573517e-01,5.271567e-01,9.106625e+00,7.238512e-01,8.991015e+00,8.735234e-01,1.277363e+01
5.500000e+01,2.944124e+03,-1.000000e+00,5.271887e-01,2.012435e+01,-1.000000e+00,9.500327e+00,-1.000000e+00,-1.500000e+01
5.600000e+01,3.010543e+03,-1.000000e+00,5.272760e-01,1.101670e+01,6.694615e-01,9.134102e+00,9.261101e-01,2.977858e+00
5.700000e+01,2.667871e+03,-1.000000e+00,5.272267e-01,2.343957e+01,-1.000000e+00,9.563812e+00,-1.000000e+00,-1.500000e+01
5.800000e+01,3.134829e+03,-1.000000e+00,5.271993e-01,2.372153e+01,-1.000000e+00,9.560760e+00,-1.000000e+00,-1.500000e+01
5.900000e+01,3.229787e+03,-1.000000e+00,5.271733e-01,1.535820e+01,-1.000000e+00,9.360539e+00,-1.000000e+00,-1.500000e+01
6.000000e+01,2.515941e+03,-1.000000e+00,5.271770e-01,2.090543e+01,-1.000000e+00,9.514889e+00,-1.000000e+00,-1.500000e+01
6.100000e+01,3.094023e+03,-1.000000e+00,5.272333e-01,1.325476e+01,-1.000000e+00,9.279508e+00,8.687924e-01,-5.656038e+00
6.200000e+01,2.991766e+03,-1.000000e+00,5.271117e-01,1.114546e+01,6.552355e-01,9.161841e+00,9.273226e-01,2.912791e+00
6.300000e+01,2.879688e+03,-1.000000e+00,5.271287e-01,1.458370e+01,-1.000000e+00,9.335939e+00,-1.000000e+00,-1.500000e+01
6.400000e+01,2.835599e+03,-1.000000e+00,5.271957e-01,2.035578e+01,-1.000000e+00,9.499530e+00,-1.000000e+00,-1.500000e+01
6.500000e+01,2.650023e+03,-1.000000e+00,5.272127e-01,2.200992e+01,-1.000000e+00,9.523619e+00,-1.000000e+00,-1.500000e+01
6.600000e+01,3.062761e+03,-1.000000e+00,5.272253e-01,1.780352e+01,-1.000000e+00,9.448286e+00,-1.000000e+00,-1.500000e+01
6.700000e+01,2.944852e+03,-1.000000e+00,5.272330e-01,1.213097e+01,-1.000000e+00,9.219012e+00,8.949287e-01,-5.525356e+00
6.800000e+01,3.202056e+03,-1.000000e+00,5.271973e-01,2.505471e+01,-1.000000e+00,9.582607e+00,-1.000000e+00,-1.500000e+01
6.900000e+01,3.188651e+03,-1.000000e+00,5.272577e-01,1.945101e+01,-1.000000e+00,9.488135e+00,-1.000000e+00,-1.500000e+01
7.000000e+01,3.072942e+03,-1.000000e+00,5.271873e-01,1.419472e+01,-1.000000e+00,9.330803e+00,-1.000000e+00,-1.500000e+01
7.100000e+01,3.136565e+03,-1.000000e+00,5.271347e-01,2.418202e+01,-1.000000e+00,9.564124e+00,-1.000000e+00,-1.500000e+01
7.200000e+01,3.022176e+03,-1.000000e+00,5.271477e-01,1.799390e+01,-1.000000e+00,9.455223e+00,-1.000000e+00,-1.500000e+01
7.300000e+01,2.830089e+03,-1.000000e+00,5.270887e-01,1.185941e+01,6.317036e-01,9.212295e+00,8.922018e-01,2.619527e+00
7.400000e+01,2.531633e+03,-1.000000e+00,5.272163e-01,2.008080e+01,-1.000000e+00,9.502403e+00,-1.000000e+00,-1.500000e+01
7.500000e+01,2.647101e+03,8.813722e-01,5.272193e-01,1.056862e+01,6.723325e-01,9.117192e+00,9.259534e-01,1.239829e+01
7.600000e+01,3.185104e+03,-1.000000e+00,5.272027e-01,2.109600e+01,-1.000000e+00,9.516118e+00,-1.000000e+00,-1.500000e+01
7.700000e+01,2.661169e+03,-1.000000e+00,5.271910e-01,1.882884e+01,-1.000000e+00,9.463151e+00,-1.000000e+00,-1.500000e+01
7.800000e+01,3.041290e+03,-1.000000e+00,5.272303e-01,1.557353e+01,-1.000000e+00,9.380963e+00,-1.000000e+00,-1.500000e+01
7.900000e+01,2.450188e+03,-1.000000e+00,5.272190e-01,1.453740e+01,-1.000000e+00,9.339018e+00,-1.000000e+00,-1.500000e+01
8.000000e+01,3.074704e+03,-1.000000e+00,5.272100e-01,1.628576e+01,-1.000000e+00,9.400658e+00,-1.000000e+00,-1.500000e+01
8.100000e+01,2.453286e+03,-1.000000e+00,5.271513e-01,1.341600e+01,-1.000000e+00,9.279966e+00,8.662725e-01,-5.668637e+00
8.200000e+01,3.206427e+03,-1.000000e+00,5.272123e-01,2.264856e+01,-1.000000e+00,9.537264e+00,-1.000000e+00,-1.500000e+01
8.300000e+01,3.224081e+03,-1.000000e+00,5.272003e-01,1.868786e+01,-1.000000e+00,9.476306e+00,-1.000000e+00,-1.500000e+01
8.400000e+01,2.539376e+03,-1.000000e+00,5.271833e-01,1.358092e+01,-1.000000e+00,9.295629e+00,8.596477e-01,-5.701761e+00
8.500000e+01,2.994294e+03,-1.000000e+00,5.271533e-01,1.967204e+01,-1.000000e+00,9.493537e+00,-1.000000e+00,-1.500000e+01
8.600000e+01,2.964512e+03,-1.000000e+00,5.272387e-01,1.828697e+01,-1.000000e+00,9.464004e+00,-1.000000e+00,-1.500000e+01
8.700000e+01,2.929334e+03,-1.000000e+00,5.271520e-01,1.767272e+01,-1.000000e+00,9.440536e+00,-1.000000e+00,-1.500000e+01
8.800000e+01,3.128256e+03,-1.000000e+00,5.271873e-01,1.705399e+01,-1.000000e+00,9.426674e+00,-1.000000e+00,-1.500000e+01
8.900000e+01,2.489703e+03,-1.000000e+00,5.271967e-01,2.172433e+01,-1.000000e+00,9.532364e+00,-1.000000e+00,-1.500000e+01
9.000000e+01,2.850319e+03,-1.000000e+00,5.271453e-01,2.164851e+01,-1.000000e+00,9.520862e+00,-1.000000e+00,-1.500000e+01
9.100000e+01,2.535006e+03,-1.000000e+00,5.272370e-01,2.196719e+01,-1.000000e+00,9.529048e+00,-1.000000e+00,-1.500000e+01
9.200000e+01,2.662929e+03,-1.000000e+00,5.271947e-01,2.086765e+01,-1.000000e+00,9.509103e+00,-1.000000e+00,-1.500000e+01
9.300000e+01,2.707495e+03,-1.000000e+00,5.271493e-01,2.044361e+01,-1.000000e+00,9.503096e+00,-1.000000e+00,-1.500000e+01
9.400000e+01,2.478732e+03,-1.000000e+00,5.271977e-01,1.617911e+01,-1.000000e+00,9.407093e+00,-1.000000e+00,-1.500000e+01
9.500000e+01,3.169669e+03,-1.000000e+00,5.271913e-01,1.260894e+01,-1.000000e+00,9.249240e+00,8.785861e-01,-5.607070e+00
9.600000e+01,2.688141e+03,-1.000000e+00,5.271580e-01,2.325379e+01,-1.000000e+00,9.552714e+00,-1.000000e+00,-1.500000e+01
9.700000e+01,3.142959e+03,-1.000000e+00,5.272337e-01,1.517500e+01,-1.000000e+00,9.356524e+00,-1.000000e+00,-1.500000e+01
9.800000e+01,2.782680e+03,-1.000000e+00,5.271950e-01,1.835121e+01,-1.000000e+00,9.460754e+00,-1.000000e+00,-1.500000e+01
9.900000e+01,2.873870e+03,-1.000000e+00,5.272207e-01,1.790624e+01,-1.000000e+00,9.449222e+00,-1.000000e+00,-1.500000e+01
1.000000e+02,3.160114e+03,-1.000000e+00,5.271717e-01,2.421489e+01,-1.000000e+00,9.576348e+00,-1.000000e+00,-1.500000e+01
1.010000e+02,2.659146e+03,-1.000000e+00,5.272073e-01,2.337654e+01,-1.000000e+00,9.562248e+00,-1.000000e+00,-1.500000e+01
1.020000e+02,2.924061e+03,-1.000000e+00,5.270953e-01,9.285591e+00,7.414690e-01,9.021788e+00,8.891135e-01,3.152913e+00
1.030000e+02,2.784929e+03,-1.000000e+00,5.271563e-01,2.011111e+01,-1.000000e+00,9.503940e+00,-1.000000e+00,-1.500000e+01
1.040000e+02,3.016398e+03,-1.000000e+00,5.272020e-01,1.415466e+01,-1.000000e+00,9.317086e+00,-1.000000e+00,-1.500000e+01
1.050000e+02,2.816322e+03,-1.000000e+00,5.272050e-01,1.717539e+01,-1.000000e+00,9.430519e+00,-1.000000e+00,-1.500000e+01
1.060000e+02,2.969433e+03,-1.000000e+00,5.272050e-01,9.405400e+00,7.649960e-01,9.027536e+00,8.835391e-01,3.242676e+00
1.070000e+02,2.892758e+03,-1.000000e+00,5.271913e-01,9.868832e+00,7.241471e-01,9.069988e+00,9.087085e-01,3.164278e+00
1.080000e+02,2.519487e+03,-1.000000e+00,5.272353e-01,2.066874e+01,-1.000000e+00,9.506485e+00,-1.000000e+00,-1.500000e+01
1.090000e+02,2.935039e+03,-1.000000e+00,5.272177e-01,2.260768e+01,-1.000000e+00,9.551461e+00,-1.000000e+00,-1.500000e+01
1.100000e+02,2.907087e+03,-1.000000e+00,5.271183e-01,2.015025e+01,-1.000000e+00,9.508123e+00,-1.000000e+00,-1.500000e+01
1.110000e+02,2.758613e+03,-1.000000e+00,5.271173e-01,2.194024e+01,-1.000000e+00,9.531341e+00,-1.000000e+00,-1.500000e+01
1.120000e+02,3.099975e+03,-1.000000e+00,5.272377e-01,9.494975e+00,7.659613e-01,9.039364e+00,8.918061e-01,3.288837e+00
1.130000e+02,2.566030e+03,8.974218e-01,5.271757e-01,2.046218e+01,-1.000000e+00,9.504521e+00,-1.000000e+00,-5.512891e+00
1.140000e+02,2.599464e+03,9.858442e-01,5.271803e-01,1.064389e+01,6.781081e-01,9.116833e+00,9.236111e-01,1.293782e+01
1.150000e+02,2.682642e+03,-1.000000e+00,5.272120e-01,1.025631e+01,7.199175e-01,9.091154e+00,9.053879e-01,3.126527e+00
1.160000e+02,2.511638e+03,-1.000000e+00,5.272017e-01,2.186558e+01,-1.000000e+00,9.534841e+00,-1.000000e+00,-1.500000e+01
1.170000e+02,3.021536e+03,-1.000000e+00,5.272127e-01,1.419541e+01,-1.000000e+00,9.320527e+00,-1.000000e+00,-1.500000e+01
1.180000e+02,2.886472e+03,-1.000000e+00,5.271723e-01,1.182664e+01,6.327808e-01,9.197857e+00,9.032243e-01,2.680026e+00
1.190000e+02,2.541962e+03,-1.000000e+00,5.272253e-01,2.455894e+01,-1.000000e+00,9.580149e+00,-1.000000e+00,-1.500000e+01
1.200000e+02,3.217947e+03,-1.000000e+00,5.272297e-01,1.602427e+01,-1.000000e+00,9.391188e+00,-1.000000e+00,-1.500000e+01
1.210000e+02,2.546557e+03,-1.000000e+00,5.272810e-01,1.871218e+01,-1.000000e+00,9.462915e+00,-1.000000e+00,-1.500000e+01
1.220000e+02,3.026694e+03,-1.000000e+00,5.271373e-01,1.310025e+01,-1.000000e+00,9.281599e+00,8.628843e-01,-5.685578e+00
1.230000e+02,3.015573e+03,-1.000000e+00,5.272097e-01,2.130387e+01,-1.000000e+00,9.519330e+00,-1.000000e+00,-1.500000e+01
1.240000e+02,2.683269e+03,-1.000000e+00,5.271277e-01,1.399116e+01,-1.000000e+00,9.310587e+00,8.563244e-01,-5.718378e+00
1.250000e+02,2.992219e+03,-1.000000e+00,5.272210e-01,1.615881e+01,-1.000000e+00,9.393762e+00,-1.000000e+00,-1.500000e+01
1.260000e+02,3.215307e+03,-1.000000e+00,5.271710e-01,1.899965e+01,-1.000000e+00,9.484747e+00,-1.000000e+00,-1.500000e+01
1.270000e+02,2.730340e+03,-1.000000e+00,5.272280e-01,1.049884e+01,7.087798e-01,9.119770e+00,9.195414e-01,3.141606e+00
1.280000e+02,2.868196e+03,-1.000000e+00,5.271473e-01,1.959484e+01,-1.000000e+00,9.480530e+00,-1.000000e+00,-1.500000e+01
1.290000e+02,3.045315e+03,-1.000000e+00,5.271847e-01,2.510879e+01,-1.000000e+00,9.589588e+00,-1.000000e+00,-1.500000e+01
1.300000e+02,2.681618e+03,-1.000000e+00,5.271420e-01,1.975954e+01,-1.000000e+00,9.495414e+00,-1.000000e+00,-1.500000e+01
1.310000e+02,2.626626e+03,9.081025e-01,5.272427e-01,9.200164e+00,7.544438e-01,9.012038e+00,8.788956e-01,1.270721e+01
1.320000e+02,3.170061e+03,-1.000000e+00,5.270923e-01,1.396107e+01,-1.000000e+00,9.314320e+00,8.537238e-01,-5.731381e+00
1.330000e+02,2.570645e+03,9.039493e-01,5.271970e-01,1.163996e+01,6.623196e-01,9.197421e+00,8.999317e-01,1.233100e+01
1.340000e+02,2.831434e+03,-1.000000e+00,5.271217e-01,1.745565e+01,-1.000000e+00,9.434580e+00,-1.000000e+00,-1.500000e+01
1.350000e+02,2.525028e+03,-1.000000e+00,5.271617e-01,1.990760e+01,-1.000000e+00,9.497944e+00,-1.000000e+00,-1.500000e+01
1.360000e+02,3.092433e+03,-1.000000e+00,5.272273e-01,1.010840e+01,7.316044e-01,9.095926e+00,9.035871e-01,3.175958e+00
1.370000e+02,2.470635e+03,-1.000000e+00,5.272050e-01,1.919378e+01,-1.000000e+00,9.481463e+00,-1.000000e+00,-1.500000e+01
1.380000e+02,3.156688e+03,-1.000000e+00,5.271783e-01,1.778515e+01,-1.000000e+00,9.445657e+00,-1.000000e+00,-1.500000e+01
1.390000e+02,2.459793e+03,-1.000000e+00,5.272123e-01,9.851632e+00,7.645296e-01,9.073946e+00,8.973394e-01,3.309345e+00
1.400000e+02,3.119399e+03,-1.000000e+00,5.271713e-01,1.585144e+01,-1.000000e+00,9.397699e+00,-1.000000e+00,-1.500000e+01
1.410000e+02,2.793063e+03,-1.000000e+00,5.271813e-01,2.041234e+01,-1.000000e+00,9.500311e+00,-1.000000e+00,-1.500000e+01
1.420000e+02,2.974892e+03,-1.000000e+00,5.271643e-01,2.158599e+01,-1.000000e+00,9.524456e+00,-1.000000e+00,-1.500000e+01
1.430000e+02,2.835774e+03,-1.000000e+00,5.271047e-01,1.650468e+01,-1.000000e+00,9.403839e+00,-1.000000e+00,-1.500000e+01
1.440000e+02,2.771725e+03,-1.000000e+00,5.271493e-01,1.048890e+01,7.022374e-01,9.109657e+00,9.147816e-01,3.085095e+00
1.450000e+02,3.038493e+03,-1.000000e+00,5.271927e-01,2.089267e+01,-1.000000e+00,9.517203e+00,-1.000000e+00,-1.500000e+01
1.460000e+02,2.497879e+03,-1.000000e+00,5.271897e-01,8.722956e+00,7.041408e-01,8.955247e+00,8.629063e-01,2.835235e+00
1.470000e+02,2.498709e+03,-1.000000e+00,5.271147e-01,1.125157e+01,6.651827e-01,9.164056e+00,9.230849e-01,2.941338e+00
1.480000e+02,2.616174e+03,9.268949e-01,5.271857e-01,1.408596e+01,-1.000000e+00,9.320532e+00,-1.000000e+00,-5.365526e+00
1.490000e+02,2.577396e+03,9.147122e-01,5.272617e-01,2.384999e+01,-1.000000e+00,9.568039e+00,-1.000000e+00,-5.426439e+00
1.500000e+02,2.580779e+03,9.208270e-01,5.272033e-01,1.318650e+01,-1.000000e+00,9.275042e+00,8.687384e-01,3.947827e+00
1.510000e+02,2.775373e+03,-1.000000e+00,5.271667e-01,1.259579e+01,-1.000000e+00,9.247465e+00,8.773014e-01,-5.613493e+00
1.520000e+02,2.969106e+03,-1.000000e+00,5.272180e-01,1.805215e+01,-1.000000e+00,9.456366e+00,-1.000000e+00,-1.500000e+01
1.530000e+02,3.182045e+03,-1.000000e+00,5.272047e-01,8.858344e+00,7.156500e-01,8.970181e+00,8.686432e-01,2.921466e+00
1.540000e+02,3.111411e+03,-1.000000e+00,5.271457e-01,2.174520e+01,-1.000000e+00,9.524920e+00,-1.000000e+00,-1.500000e+01
1.550000e+02,2.528735e+03,-1.000000e+00,5.272360e-01,1.676762e+01,-1.000000e+00,9.424249e+00,-1.000000e+00,-1.500000e+01
1.560000e+02,2.701705e+03,-1.000000e+00,5.272170e-01,1.251591e+01,6.141258e-01,9.240583e+00,8.822646e-01,2.481952e+00
1.570000e+02,2.980035e+03,-1.000000e+00,5.271683e-01,2.161146e+01,-1.000000e+00,9.531232e+00,-1.000000e+00,-1.500000e+01
1.580000e+02,2.558639e+03,8.879991e-01,5.272303e-01,2.154619e+01,-1.000000e+00,9.527889e+00,-1.000000e+00,-5.560004e+00
1.590000e+02,2.695874e+03,-1.000000e+00,5.272457e-01,1.794658e+01,-1.000000e+00,9.449605e+00,-1.000000e+00,-1.500000e+01
1.600000e+02,2.894371e+03,-1.000000e+00,5.271787e-01,1.260270e+01,-1.000000e+00,9.245531e+00,8.787993e-01,-5.606004e+00
1.610000e+02,2.487286e+03,-1.000000e+00,5.271863e-01,1.585982e+01,-1.000000e+00,9.396186e+00,-1.000000e+00,-1.500000e+01
1.620000e+02,2.773814e+03,-1.000000e+00,5.271767e-01,1.663381e+01,-1.000000e+00,9.405011e+00,-1.000000e+00,-1.500000e+01
1.630000e+02,2.591018e+03,9.444863e-01,5.272683e-01,1.759343e+01,-1.000000e+00,9.443270e+00,-1.000000e+00,-5.277569e+00
1.640000e+02,2.568664e+03,9.010776e-01,5.271267e-01,1.632923e+01,-1.000000e+00,9.406653e+00,-1.000000e+00,-5.494612e+00
1.650000e+02,2.488698e+03,-1.000000e+00,5.272063e-01,2.178535e+01,-1.000000e+00,9.538184e+00,-1.000000e+00,-1.500000e+01
1.660000e+02,2.900574e+03,-1.000000e+00,5.271420e-01,1.534490e+01,-1.000000e+00,9.370233e+00,-1.000000e+00,-1.500000e+01
1.670000e+02,2.578819e+03,9.172137e-01,5.272240e-01,1.127663e+01,6.639072e-01,9.175003e+00,9.158860e-01,1.248503e+01
1.680000e+02,2.918380e+03,-1.000000e+00,5.272000e-01,1.411804e+01,-1.000000e+00,9.318696e+00,8.535902e-01,-5.732049e+00
1.690000e+02,2.919334e+03,-1.000000e+00,5.271643e-01,2.032293e+01,-1.000000e+00,9.501449e+00,-1.000000e+00,-1.500000e+01
1.700000e+02,2.988817e+03,-1.000000e+00,5.271603e-01,1.128514e+01,6.700065e-01,9.173517e+00,9.159103e-01,2.929584e+00
1.710000e+02,2.823530e+03,-1.000000e+00,5.271580e-01,1.542737e+01,-1.000000e+00,9.368193e+00,-1.000000e+00,-1.500000e+01
1.720000e+02,2.646294e+03,8.822728e-01,5.272087e-01,1.053832e+01,6.969303e-01,9.108213e+00,9.158702e-01,1.247537e+01
1.730000e+02,2.717659e+03,-1.000000e+00,5.271167e-01,9.953922e+00,7.340001e-01,9.070838e+00,9.055167e-01,3.197584e+00
1.740000e+02,2.802875e+03,-1.000000e+00,5.271443e-01,2.065750e+01,-1.000000e+00,9.516762e+00,-1.000000e+00,-1.500000e+01
1.750000e+02,2.613050e+03,9.338397e-01,5.272540e-01,1.124757e+01,6.609176e-01,9.176915e+00,9.131660e-01,1.253962e+01
1.760000e+02,2.500099e+03,-1.000000e+00,5.271947e-01,1.167306e+01,6.331289e-01,9.193849e+00,9.084065e-01,2.707677e+00
1.770000e+02,2.783682e+03,-1.000000e+00,5.272250e-01,9.645017e+00,7.824672e-01,9.048362e+00,8.928557e-01,3.376615e+00
1.780000e+02,2.999474e+03,-1.000000e+00,5.271580e-01,9.502216e+00,7.738981e-01,9.038138e+00,8.869520e-01,3.304251e+00
1.790000e+02,2.627684e+03,9.064645e-01,5.271893e-01,1.802444e+01,-1.000000e+00,9.444271e+00,-1.000000e+00,-5.467678e+00
1.800000e+02,2.953240e+03,-1.000000e+00,5.271223e-01,1.149807e+01,6.344032e-01,9.171261e+00,9.252232e-01,2.798132e+00
1.810000e+02,3.183904e+03,-1.000000e+00,5.271660e-01,9.759922e+00,7.975911e-01,9.052224e+00,8.911855e-01,3.443883e+00
1.820000e+02,2.535648e+03,-1.000000e+00,5.272447e-01,1.639122e+01,-1.000000e+00,9.409939e+00,-1.000000e+00,-1.500000e+01
1.830000e+02,2.722657e+03,-1.000000e+00,5.271827e-01,1.163623e+01,6.449972e-01,9.199216e+00,9.005305e-01,2.727638e+00
1.840000e+02,2.474216e+03,-1.000000e+00,5.272003e-01,1.118205e+01,6.531254e-01,9.159168e+00,9.200661e-01,2.865957e+00
1.850000e+02,2.673203e+03,-1.000000e+00,5.272023e-01,9.552530e+00,7.753766e-01,9.057185e+00,8.892037e-01,3.322901e+00
1.860000e+02,2.449427e+03,-1.000000e+00,5.272320e-01,1.016744e+01,7.305973e-01,9.094680e+00,9.073239e-01,3.189606e+00
1.870000e+02,2.688935e+03,-1.000000e+00,5.271317e-01,1.054982e+01,7.054708e-01,9.122340e+00,9.145286e-01,3.099997e+00
1.880000e+02,2.520162e+03,-1.000000e+00,5.271913e-01,9.053597e+00,7.344163e-01,8.995720e+00,8.771997e-01,3.058080e+00
1.890000e+02,2.532956e+03,-1.000000e+00,5.271630e-01,1.067644e+01,6.999808e-01,9.142375e+00,9.212559e-01,3.106184e+00
1.900000e+02,2.455831e+03,-1.000000e+00,5.271860e-01,1.225109e+01,6.175995e-01,9.225965e+00,8.897735e-01,2.536865e+00
1.910000e+02,2.474161e+03,-1.000000e+00,5.272470e-01,1.077578e+01,6.790990e-01,9.136471e+00,9.298840e-01,3.044915e+00
1.920000e+02,2.513338e+03,-1.000000e+00,5.272637e-01,1.136722e+01,6.776755e-01,9.178848e+00,9.084201e-01,2.930478e+00
1.930000e+02,2.714587e+03,-1.000000e+00,5.272173e-01,1.111656e+01,6.761209e-01,9.166449e+00,9.175666e-01,2.968438e+00
1.940000e+02,3.064639e+03,-1.000000e+00,5.271683e-01,1.128617e+01,6.695871e-01,9.171672e+00,9.162341e-01,2.929106e+00
1.950000e+02,2.549703e+03,-1.000000e+00,5.272403e-01,1.356170e+01,-1.000000e+00,9.297512e+00,8.599430e-01,-5.700285e+00
1.960000e+02,2.515876e+03,-1.000000e+00,5.272110e-01,1.224657e+01,6.299775e-01,9.225562e+00,8.880263e-01,2.590019e+00
1.970000e+02,2.740843e+03,-1.000000e+00,5.271387e-01,1.102961e+01,6.776031e-01,9.158565e+00,9.249009e-01,3.012520e+00
1.980000e+02,2.694377e+03,-1.000000e+00,5.271693e-01,9.400319e+00,7.506562e-01,9.016980e+00,8.850126e-01,3.178344e+00
1.990000e+02,2.715731e+03,-1.000000e+00,5.271720e-01,1.007324e+01,7.465695e-01,9.075745e+00,9.003526e-01,3.234610e+00
2.000000e+02,2.649219e+03,8.790527e-01,5.272260e-01,1.174101e+01,6.540714e-01,9.202838e+00,8.967011e-01,1.214913e+01
2.010000e+02,2.956151e+03,-1.000000e+00,5.271103e-01,9.392270e+00,7.533920e-01,9.024948e+00,8.871130e-01,3.202525e+00
2.020000e+02,2.798552e+03,-1.000000e+00,5.272207e-01,1.275824e+01,-1.000000e+00,9.252000e+00,8.767387e-01,-5.616306e+00
2.030000e+02,2.479610e+03,-1.000000e+00,5.271193e-01,1.355338e+01,-1.000000e+00,9.296402e+00,8.598209e-01,-5.700895e+00
2.040000e+02,2.515227e+03,-1.000000e+00,5.271803e-01,1.148985e+01,6.460525e-01,9.181746e+00,9.107783e-01,2.784154e+00
2.050000e+02,2.744089e+03,-1.000000e+00,5.272300e-01,9.657626e+00,7.914813e-01,9.041200e+00,8.895360e-01,3.405086e+00
2.060000e+02,3.060685e+03,-1.000000e+00,5.272643e-01,9.234925e+00,7.701089e-01,9.015172e+00,8.783284e-01,3.242187e+00
2.070000e+02,2.743786e+03,-1.000000e+00,5.272293e-01,1.026125e+01,7.185814e-01,9.098533e+00,9.125385e-01,3.155599e+00
2.080000e+02,2.532559e+03,-1.000000e+00,5.272377e-01,9.741458e+00,7.806596e-01,9.061525e+00,8.967522e-01,3.387059e+00
2.090000e+02,2.767108e+03,-1.000000e+00,5.271787e-01,1.299026e+01,-1.000000e+00,9.273007e+00,8.675360e-01,-5.662320e+00
2.100000e+02,2.547508e+03,-1.000000e+00,5.272120e-01,1.359498e+01,-1.000000e+00,9.300291e+00,8.582866e-01,-5.708567e+00
2.110000e+02,3.027208e+03,-1.000000e+00,5.271830e-01,1.988776e+01,-1.000000e+00,9.500045e+00,-1.000000e+00,-1.500000e+01
2.120000e+02,2.489199e+03,-1.000000e+00,5.271927e-01,1.009415e+01,7.028076e-01,9.075663e+00,9.130084e-01,3.079080e+00
2.130000e+02,2.485101e+03,-1.000000e+00,5.271900e-01,1.399250e+01,-1.000000e+00,9.325135e+00,-1.000000e+00,-1.500000e+01
2.140000e+02,2.550347e+03,8.785852e-01,5.272357e-01,1.730749e+01,-1.000000e+00,9.433241e+00,-1.000000e+00,-5.607074e+00
2.150000e+02,2.507929e+03,-1.000000e+00,5.272413e-01,9.610554e+00,7.649078e-01,9.045461e+00,8.969548e-01,3.309313e+00
2.160000e+02,2.538284e+03,-1.000000e+00,5.271237e-01,1.054409e+01,6.933545e-01,9.118623e+00,9.229183e-01,3.081364e+00
2.170000e+02,2.483730e+03,-1.000000e+00,5.272347e-01,9.286530e+00,7.651793e-01,9.017747e+00,8.865134e-01,3.258464e+00
2.180000e+02,2.645007e+03,8.837288e-01,5.272523e-01,1.003043e+01,7.362875e-01,9.090409e+00,9.024625e-01,1.261239e+01
2.190000e+02,2.478616e+03,-1.000000e+00,5.272523e-01,1.070421e+01,6.862830e-01,9.118789e+00,9.202028e-01,3.032429e+00
2.200000e+02,2.515890e+03,-1.000000e+00,5.271307e-01,9.805058e+00,7.563563e-01,9.051379e+00,8.951182e-01,3.257373e+00
2.210000e+02,2.565504e+03,8.967123e-01,5.271483e-01,1.013333e+01,7.347467e-01,9.090820e+00,9.039943e-01,1.267727e+01
2.220000e+02,2.460899e+03,-1.000000e+00,5.272023e-01,1.007703e+01,7.240068e-01,9.081634e+00,9.055965e-01,3.148017e+00
2.230000e+02,2.626170e+03,9.088220e-01,5.272090e-01,8.897185e+00,7.466825e-01,8.991501e+00,8.696300e-01,1.262567e+01
2.240000e+02,2.736963e+03,-1.000000e+00,5.271290e-01,1.274003e+01,6.124904e-01,9.260040e+00,8.722267e-01,2.423586e+00
2.250000e+02,2.707698e+03,-1.000000e+00,5.271423e-01,8.701541e+00,7.096119e-01,8.955684e+00,8.667967e-01,2.882043e+00
2.260000e+02,2.632640e+03,8.992445e-01,5.271930e-01,1.086009e+01,6.792955e-01,9.130680e+00,9.260436e-01,1.252292e+01
2.270000e+02,2.566597e+03,8.981930e-01,5.271743e-01,9.437902e+00,7.918224e-01,9.024319e+00,8.813876e-01,1.285702e+01
2.280000e+02,2.488630e+03,-1.000000e+00,5.272343e-01,9.787207e+00,7.403324e-01,9.067137e+00,9.006763e-01,3.205043e+00
2.290000e+02,2.818284e+03,-1.000000e+00,5.271763e-01,1.094542e+01,6.757061e-01,9.141690e+00,9.281815e-01,3.019438e+00
2.300000e+02,2.549180e+03,-1.000000e+00,5.272070e-01,1.293077e+01,6.165315e-01,9.265858e+00,8.698409e-01,2.431862e+00
2.310000e+02,2.697182e+03,-1.000000e+00,5.271560e-01,1.036368e+01,7.000288e-01,9.094355e+00,9.160844e-01,3.080566e+00
2.320000e+02,2.612892e+03,9.342161e-01,5.271617e-01,1.051930e+01,7.047882e-01,9.107343e+00,9.128737e-01,1.275939e+01
2.330000e+02,2.597818e+03,9.718472e-01,5.272823e-01,1.012341e+01,7.296617e-01,9.092338e+00,9.042093e-01,1.302859e+01
2.340000e+02,2.587524e+03,9.352177e-01,5.271447e-01,9.419382e+00,7.439288e-01,9.022660e+00,8.895091e-01,1.284328e+01
2.350000e+02,2.752674e+03,-1.000000e+00,5.271953e-01,1.084765e+01,6.659599e-01,9.132902e+00,9.315255e-01,2.987427e+00
2.360000e+02,2.671296e+03,-1.000000e+00,5.271480e-01,8.743895e+00,7.139474e-01,8.970747e+00,8.688017e-01,2.913745e+00
2.370000e+02,2.577106e+03,9.142138e-01,5.271687e-01,9.092481e+00,7.337252e-01,9.000251e+00,8.821847e-01,1.265062e+01
2.380000e+02,3.104217e+03,-1.000000e+00,5.271900e-01,1.042907e+01,7.074461e-01,9.104832e+00,9.151161e-01,3.112811e+00
2.390000e+02,2.674487e+03,-1.000000e+00,5.272450e-01,9.423509e+00,7.732299e-01,9.025628e+00,8.886756e-01,3.309528e+00
2.400000e+02,2.479651e+03,-1.000000e+00,5.272483e-01,9.637698e+00,8.209489e-01,9.050011e+00,8.910421e-01,3.559955e+00
2.410000e+02,2.619272e+03,9.207297e-01,5.271707e-01,1.045811e+01,7.093862e-01,9.108827e+00,9.138954e-01,1.272006e+01
2.420000e+02,2.513709e+03,-1.000000e+00,5.272397e-01,9.277879e+00,7.402134e-01,9.015808e+00,8.830046e-01,3.116090e+00
2.430000e+02,2.565831e+03,8.971519e-01,5.271580e-01,9.381094e+00,7.522490e-01,9.029554e+00,8.901480e-01,1.269774e+01
2.440000e+02,2.604192e+03,9.613970e-01,5.271800e-01,9.507128e+00,7.556347e-01,9.028845e+00,8.909650e-01,1.303998e+01
2.450000e+02,2.537282e+03,-1.000000e+00,5.271197e-01,9.387173e+00,7.353057e-01,9.037163e+00,8.916531e-01,3.134794e+00
2.460000e+02,2.801498e+03,-1.000000e+00,5.271173e-01,8.964600e+00,7.375604e-01,8.990447e+00,8.756961e-01,3.066282e+00
2.470000e+02,2.469372e+03,-1.000000e+00,5.271653e-01,1.011630e+01,7.377987e-01,9.084007e+00,9.044523e-01,3.211255e+00
2.480000e+02,2.517195e+03,-1.000000e+00,5.272933e-01,9.449866e+00,7.638911e-01,9.038778e+00,8.864364e-01,3.251637e+00
2.490000e+02,2.696947e+03,-1.000000e+00,5.271993e-01,1.198483e+01,6.359790e-01,9.210597e+00,8.957370e-01,2.658580e+00
2.500000e+02,2.534079e+03,-1.000000e+00,5.272017e-01,9.620378e+00,7.864360e-01,9.055234e+00,8.842429e-01,3.353395e+00
2.510000e+02,2.480073e+03,-1.000000e+00,5.271547e-01,8.769348e+00,7.064915e-01,8.974511e+00,8.734948e-01,2.899931e+00
2.520000e+02,2.539413e+03,-1.000000e+00,5.272677e-01,1.339598e+01,-1.000000e+00,9.290769e+00,8.600836e-01,-5.699582e+00
2.530000e+02,2.448503e+03,-1.000000e+00,5.271797e-01,1.020646e+01,7.420927e-01,9.093919e+00,9.011614e-01,3.216271e+00
2.540000e+02,2.625187e+03,9.103950e-01,5.272367e-01,9.640354e+00,7.859329e-01,9.038787e+00,8.883860e-01,1.292357e+01
2.550000e+02,2.847506e+03,-1.000000e+00,5.271323e-01,1.033889e+01,7.078996e-01,9.102977e+00,9.130681e-01,3.104838e+00
2.560000e+02,2.681271e+03,-1.000000e+00,5.272093e-01,1.001313e+01,7.237282e-01,9.075362e+00,9.050653e-01,3.143967e+00
