# step_count,bc_1,bc_2,bc_3,ac_1,ac_2,ac_3,ac_4,ac_5,ac_6,ic_1,ic_2,ic_3
1.000000e+00,7.281000e+01,9.368000e+01,1.276000e+02,2.555000e+01,3.200000e+01,2.518000e+01,2.251000e+01,2.143000e+01,1.850000e+01,7.757000e-01,7.089000e-01,7.741000e-01
2.000000e+00,6.589000e+01,8.477000e+01,1.155000e+02,3.170000e+01,3.970000e+01,3.124000e+01,2.792000e+01,2.658000e+01,2.295000e+01,1.713000e-01,1.566000e-01,1.709000e-01
3.000000e+00,7.823000e+01,1.007000e+02,1.371000e+02,2.597000e+01,3.252000e+01,2.559000e+01,2.288000e+01,2.178000e+01,1.880000e+01,5.721000e-01,5.228000e-01,5.709000e-01
4.000000e+00,6.605000e+01,8.498000e+01,1.158000e+02,3.314000e+01,4.150000e+01,3.266000e+01,2.919000e+01,2.779000e+01,2.399000e+01,3.773000e-01,3.448000e-01,3.765000e-01
5.000000e+00,7.724000e+01,9.938000e+01,1.354000e+02,3.134000e+01,3.925000e+01,3.088000e+01,2.761000e+01,2.628000e+01,2.269000e+01,3.567000e-01,3.260000e-01,3.560000e-01
6.000000e+00,6.273000e+01,8.071000e+01,1.100000e+02,2.789000e+01,3.493000e+01,2.748000e+01,2.457000e+01,2.339000e+01,2.019000e+01,8.287000e-01,7.573000e-01,8.270000e-01
7.000000e+00,7.818000e+01,1.006000e+02,1.371000e+02,3.150000e+01,3.945000e+01,3.104000e+01,2.775000e+01,2.642000e+01,2.281000e+01,6.425000e-01,5.872000e-01,6.412000e-01
8.000000e+00,6.711000e+01,8.634000e+01,1.177000e+02,2.878000e+01,3.604000e+01,2.836000e+01,2.535000e+01,2.413000e+01,2.084000e+01,7.446000e-01,6.805000e-01,7.430000e-01
9.000000e+00,6.598000e+01,8.489000e+01,1.157000e+02,2.655000e+01,3.325000e+01,2.616000e+01,2.339000e+01,2.226000e+01,1.922000e+01,3.212000e-01,2.935000e-01,3.205000e-01
1.000000e+01,7.530000e+01,9.688000e+01,1.320000e+02,2.716000e+01,3.402000e+01,2.676000e+01,2.393000e+01,2.278000e+01,1.966000e+01,7.503000e-01,6.857000e-01,7.487000e-01
1.100000e+01,6.621000e+01,8.519000e+01,1.161000e+02,3.408000e+01,4.268000e+01,3.358000e+01,3.002000e+01,2.858000e+01,2.467000e+01,7.627000e-01,6.970000e-01,7.611000e-01
1.200000e+01,7.834000e+01,1.008000e+02,1.373000e+02,2.670000e+01,3.344000e+01,2.631000e+01,2.352000e+01,2.239000e+01,1.933000e+01,7.883000e-01,7.204000e-01,7.866000e-01
1.300000e+01,6.553000e+01,8.431000e+01,1.149000e+02,2.865000e+01,3.588000e+01,2.823000e+01,2.524000e+01,2.403000e+01,2.074000e+01,8.265000e-01,7.553000e-01,8.248000e-01
1.400000e+01,6.279000e+01,8.079000e+01,1.101000e+02,3.003000e+01,3.761000e+01,2.959000e+01,2.645000e+01,2.518000e+01,2.174000e+01,4.535000e-01,4.145000e-01,4.525000e-01
1.500000e+01,7.922000e+01,1.019000e+02,1.389000e+02,3.068000e+01,3.842000e+01,3.023000e+01,2.703000e+01,2.573000e+01,2.221000e+01,6.835000e-01,6.247000e-01,6.821000e-01
1.600000e+01,6.149000e+01,7.911000e+01,1.078000e+02,3.148000e+01,3.943000e+01,3.102000e+01,2.773000e+01,2.640000e+01,2.279000e+01,7.895000e-01,7.215000e-01,7.878000e-01
1.700000e+01,7.996000e+01,1.029000e+02,1.402000e+02,3.365000e+01,4.214000e+01,3.316000e+01,2.964000e+01,2.822000e+01,2.436000e+01,3.319000e-01,3.033000e-01,3.312000e-01
1.800000e+01,7.601000e+01,9.779000e+01,1.333000e+02,2.539000e+01,3.180000e+01,2.502000e+01,2.237000e+01,2.129000e+01,1.838000e+01,4.215000e-01,3.852000e-01,4.206000e-01
1.900000e+01,7.624000e+01,9.809000e+01,1.337000e+02,2.736000e+01,3.427000e+01,2.696000e+01,2.410000e+01,2.294000e+01,1.981000e+01,2.857000e-01,2.611000e-01,2.851000e-01
2.000000e+01,7.557000e+01,9.723000e+01,1.325000e+02,2.503000e+01,3.135000e+01,2.466000e+01,2.205000e+01,2.099000e+01,1.812000e+01,2.926000e-01,2.674000e-01,2.920000e-01
2.100000e+01,7.949000e+01,1.023000e+02,1.394000e+02,2.940000e+01,3.682000e+01,2.897000e+01,2.590000e+01,2.465000e+01,2.129000e+01,5.552000e-01,5.074000e-01,5.540000e-01
2.200000e+01,7.889000e+01,1.015000e+02,1.383000e+02,2.679000e+01,3.355000e+01,2.640000e+01,2.360000e+01,2.247000e+01,1.940000e+01,4.790000e-01,4.378000e-01,4.780000e-01
2.300000e+01,6.780000e+01,8.723000e+01,1.189000e+02,3.144000e+01,3.938000e+01,3.098000e+01,2.770000e+01,2.637000e+01,2.276000e+01,2.827000e-01,2.584000e-01,2.821000e-01
2.400000e+01,6.578000e+01,8.463000e+01,1.153000e+02,3.362000e+01,4.211000e+01,3.313000e+01,2.962000e+01,2.819000e+01,2.434000e+01,4.590000e-01,4.195000e-01,4.580000e-01
2.500000e+01,6.654000e+01,8.561000e+01,1.167000e+02,3.009000e+01,3.768000e+01,2.965000e+01,2.651000e+01,2.523000e+01,2.179000e+01,5.941000e-01,5.429000e-01,5.929000e-01
2.600000e+01,6.981000e+01,8.982000e+01,1.224000e+02,3.149000e+01,3.944000e+01,3.103000e+01,2.774000e+01,2.641000e+01,2.280000e+01,5.951000e-01,5.439000e-01,5.939000e-01
2.700000e+01,6.017000e+01,7.741000e+01,1.055000e+02,3.277000e+01,4.104000e+01,3.229000e+01,2.887000e+01,2.748000e+01,2.373000e+01,8.238000e-01,7.529000e-01,8.221000e-01
2.800000e+01,6.682000e+01,8.597000e+01,1.171000e+02,2.820000e+01,3.532000e+01,2.779000e+01,2.484000e+01,2.365000e+01,2.042000e+01,1.594000e-01,1.457000e-01,1.591000e-01
2.900000e+01,6.226000e+01,8.010000e+01,1.091000e+02,2.701000e+01,3.383000e+01,2.662000e+01,2.379000e+01,2.265000e+01,1.956000e+01,7.112000e-01,6.500000e-01,7.097000e-01
3.000000e+01,6.513000e+01,8.380000e+01,1.142000e+02,3.394000e+01,4.251000e+01,3.344000e+01,2.990000e+01,2.846000e+01,2.457000e+01,3.230000e-01,2.952000e-01,3.223000e-01
3.100000e+01,7.759000e+01,9.983000e+01,1.360000e+02,2.562000e+01,3.209000e+01,2.525000e+01,2.257000e+01,2.148000e+01,1.855000e+01,5.869000e-01,5.364000e-01,5.857000e-01
3.200000e+01,6.972000e+01,8.970000e+01,1.222000e+02,3.258000e+01,4.080000e+01,3.210000e+01,2.870000e+01,2.732000e+01,2.359000e+01,1.927000e-01,1.761000e-01,1.923000e-01
3.300000e+01,6.969000e+01,8.966000e+01,1.222000e+02,3.204000e+01,4.013000e+01,3.157000e+01,2.822000e+01,2.687000e+01,2.320000e+01,2.290000e-01,2.093000e-01,2.285000e-01
3.400000e+01,7.861000e+01,1.011000e+02,1.378000e+02,3.282000e+01,4.110000e+01,3.234000e+01,2.891000e+01,2.752000e+01,2.376000e+01,3.178000e-01,2.904000e-01,3.171000e-01
3.500000e+01,6.950000e+01,8.942000e+01,1.218000e+02,3.130000e+01,3.920000e+01,3.084000e+01,2.757000e+01,2.625000e+01,2.266000e+01,3.986000e-01,3.643000e-01,3.978000e-01
3.600000e+01,6.688000e+01,8.605000e+01,1.172000e+02,3.402000e+01,4.261000e+01,3.352000e+01,2.997000e+01,2.853000e+01,2.463000e+01,6.678000e-01,6.103000e-01,6.664000e-01
3.700000e+01,6.989000e+01,8.992000e+01,1.225000e+02,3.197000e+01,4.004000e+01,3.150000e+01,2.816000e+01,2.681000e+01,2.315000e+01,8.327000e-01,7.610000e-01,8.310000e-01
3.800000e+01,7.241000e+01,9.316000e+01,1.269000e+02,2.651000e+01,3.320000e+01,2.612000e+01,2.335000e+01,2.223000e+01,1.919000e+01,2.614000e-01,2.389000e-01,2.609000e-01
3.900000e+01,7.581000e+01,9.754000e+01,1.329000e+02,3.203000e+01,4.011000e+01,3.156000e+01,2.822000e+01,2.686000e+01,2.319000e+01,6.305000e-01,5.762000e-01,6.292000e-01
4.000000e+01,6.289000e+01,8.091000e+01,1.103000e+02,3.338000e+01,4.181000e+01,3.289000e+01,2.940000e+01,2.799000e+01,2.417000e+01,4.227000e-01,3.863000e-01,4.218000e-01
4.100000e+01,6.559000e+01,8.439000e+01,1.150000e+02,3.483000e+01,4.362000e+01,3.432000e+01,3.068000e+01,2.921000e+01,2.522000e+01,7.081000e-01,6.471000e-01,7.066000e-01
4.200000e+01,6.323000e+01,8.135000e+01,1.108000e+02,2.739000e+01,3.430000e+01,2.699000e+01,2.413000e+01,2.297000e+01,1.983000e+01,6.883000e-01,6.290000e-01,6.869000e-01
4.300000e+01,6.148000e+01,7.910000e+01,1.078000e+02,3.406000e+01,4.266000e+01,3.356000e+01,3.000000e+01,2.856000e+01,2.466000e+01,1.722000e-01,1.574000e-01,1.718000e-01
4.400000e+01,7.675000e+01,9.875000e+01,1.346000e+02,2.786000e+01,3.489000e+01,2.745000e+01,2.454000e+01,2.336000e+01,2.017000e+01,4.856000e-01,4.438000e-01,4.846000e-01
4.500000e+01,7.824000e+01,1.007000e+02,1.372000e+02,2.517000e+01,3.152000e+01,2.480000e+01,2.217000e+01,2.111000e+01,1.822000e+01,8.340000e-01,7.622000e-01,8.322000e-01
4.600000e+01,7.083000e+01,9.113000e+01,1.242000e+02,3.439000e+01,4.307000e+01,3.389000e+01,3.029000e+01,2.884000e+01,2.490000e+01,5.094000e-01,4.655000e-01,5.083000e-01
4.700000e+01,6.229000e+01,8.014000e+01,1.092000e+02,3.170000e+01,3.970000e+01,3.124000e+01,2.792000e+01,2.658000e+01,2.295000e+01,1.909000e-01,1.745000e-01,1.905000e-01
4.800000e+01,6.249000e+01,8.040000e+01,1.096000e+02,2.823000e+01,3.536000e+01,2.782000e+01,2.487000e+01,2.367000e+01,2.044000e+01,3.244000e-01,2.965000e-01,3.237000e-01
4.900000e+01,6.696000e+01,8.615000e+01,1.174000e+02,3.468000e+01,4.343000e+01,3.417000e+01,3.055000e+01,2.908000e+01,2.511000e+01,6.535000e-01,5.972000e-01,6.521000e-01
5.000000e+01,6.751000e+01,8.686000e+01,1.184000e+02,2.796000e+01,3.502000e+01,2.755000e+01,2.463000e+01,2.345000e+01,2.024000e+01,8.237000e-01,7.528000e-01,8.220000e-01
5.100000e+01,6.146000e+01,7.907000e+01,1.077000e+02,3.441000e+01,4.310000e+01,3.391000e+01,3.031000e+01,2.886000e+01,2.491000e+01,2.017000e-01,1.843000e-01,2.013000e-01
5.200000e+01,6.585000e+01,8.472000e+01,1.154000e+02,2.894000e+01,3.624000e+01,2.852000e+01,2.549000e+01,2.427000e+01,2.095000e+01,3.470000e-01,3.171000e-01,3.463000e-01
5.300000e+01,7.773000e+01,1.000000e+02,1.363000e+02,2.946000e+01,3.690000e+01,2.903000e+01,2.595000e+01,2.471000e+01,2.133000e+01,4.136000e-01,3.780000e-01,4.127000e-01
5.400000e+01,6.848000e+01,8.811000e+01,1.201000e+02,2.511000e+01,3.145000e+01,2.474000e+01,2.212000e+01,2.106000e+01,1.818000e+01,3.196000e-01,2.921000e-01,3.189000e-01
5.500000e+01,6.772000e+01,8.713000e+01,1.187000e+02,3.384000e+01,4.238000e+01,3.335000e+01,2.981000e+01,2.838000e+01,2.450000e+01,2.595000e-01,2.372000e-01,2.590000e-01
5.600000e+01,6.971000e+01,8.969000e+01,1.222000e+02,2.590000e+01,3.244000e+01,2.552000e+01,2.282000e+01,2.172000e+01,1.875000e+01,6.657000e-01,6.084000e-01,6.643000e-01
5.700000e+01,7.467000e+01,9.607000e+01,1.309000e+02,3.009000e+01,3.768000e+01,2.965000e+01,2.651000e+01,2.523000e+01,2.179000e+01,7.506000e-01,6.860000e-01,7.490000e-01
5.800000e+01,7.731000e+01,9.947000e+01,1.355000e+02,3.344000e+01,4.188000e+01,3.295000e+01,2.946000e+01,2.804000e+01,2.421000e+01,5.674000e-01,5.185000e-01,5.662000e-01
5.900000e+01,6.829000e+01,8.786000e+01,1.197000e+02,2.916000e+01,3.652000e+01,2.873000e+01,2.569000e+01,2.445000e+01,2.111000e+01,6.502000e-01,5.942000e-01,6.488000e-01
6.000000e+01,6.411000e+01,8.248000e+01,1.124000e+02,2.995000e+01,3.751000e+01,2.951000e+01,2.638000e+01,2.512000e+01,2.168000e+01,7.366000e-01,6.732000e-01,7.351000e-01
6.100000e+01,6.461000e+01,8.313000e+01,1.133000e+02,3.407000e+01,4.267000e+01,3.357000e+01,3.001000e+01,2.857000e+01,2.467000e+01,2.817000e-01,2.574000e-01,2.811000e-01
6.200000e+01,7.734000e+01,9.951000e+01,1.356000e+02,2.737000e+01,3.428000e+01,2.697000e+01,2.411000e+01,2.295000e+01,1.982000e+01,5.739000e-01,5.245000e-01,5.727000e-01
6.300000e+01,7.073000e+01,9.100000e+01,1.240000e+02,2.860000e+01,3.582000e+01,2.818000e+01,2.519000e+01,2.398000e+01,2.071000e+01,2.661000e-01,2.432000e-01,2.655000e-01
6.400000e+01,6.856000e+01,8.821000e+01,1.202000e+02,2.569000e+01,3.217000e+01,2.531000e+01,2.263000e+01,2.154000e+01,1.860000e+01,1.618000e-01,1.479000e-01,1.615000e-01
6.500000e+01,7.636000e+01,9.824000e+01,1.339000e+02,3.159000e+01,3.956000e+01,3.113000e+01,2.783000e+01,2.649000e+01,2.287000e+01,2.779000e-01,2.540000e-01,2.773000e-01
6.600000e+01,6.240000e+01,8.028000e+01,1.094000e+02,3.397000e+01,4.254000e+01,3.347000e+01,2.992000e+01,2.849000e+01,2.459000e+01,1.874000e-01,1.713000e-01,1.870000e-01
6.700000e+01,6.079000e+01,7.821000e+01,1.066000e+02,2.914000e+01,3.649000e+01,2.871000e+01,2.567000e+01,2.444000e+01,2.110000e+01,5.505000e-01,5.031000e-01,5.493000e-01
6.800000e+01,6.248000e+01,8.039000e+01,1.095000e+02,2.852000e+01,3.572000e+01,2.810000e+01,2.512000e+01,2.392000e+01,2.065000e+01,5.111000e-01,4.671000e-01,5.100000e-01
6.900000e+01,7.425000e+01,9.553000e+01,1.302000e+02,2.713000e+01,3.398000e+01,2.673000e+01,2.390000e+01,2.275000e+01,1.964000e+01,7.711000e-01,7.047000e-01,7.695000e-01
7.000000e+01,7.290000e+01,9.379000e+01,1.278000e+02,2.763000e+01,3.460000e+01,2.723000e+01,2.434000e+01,2.317000e+01,2.000000e+01,6.190000e-01,5.657000e-01,6.177000e-01
7.100000e+01,7.339000e+01,9.442000e+01,1.287000e+02,2.988000e+01,3.742000e+01,2.944000e+01,2.632000e+01,2.506000e+01,2.163000e+01,7.043000e-01,6.437000e-01,7.028000e-01
7.200000e+01,6.311000e+01,8.120000e+01,1.106000e+02,3.298000e+01,4.130000e+01,3.250000e+01,2.905000e+01,2.766000e+01,2.388000e+01,2.563000e-01,2.342000e-01,2.558000e-01
7.300000e+01,6.366000e+01,8.190000e+01,1.116000e+02,3.462000e+01,4.336000e+01,3.411000e+01,3.050000e+01,2.903000e+01,2.506000e+01,6.717000e-01,6.139000e-01,6.703000e-01
7.400000e+01,7.026000e+01,9.040000e+01,1.232000e+02,2.639000e+01,3.305000e+01,2.600000e+01,2.325000e+01,2.213000e+01,1.911000e+01,8.372000e-01,7.651000e-01,8.354000e-01
7.500000e+01,7.634000e+01,9.822000e+01,1.338000e+02,3.386000e+01,4.241000e+01,3.337000e+01,2.983000e+01,2.839000e+01,2.451000e+01,8.073000e-01,7.378000e-01,8.056000e-01
7.600000e+01,6.757000e+01,8.694000e+01,1.185000e+02,2.942000e+01,3.685000e+01,2.899000e+01,2.592000e+01,2.467000e+01,2.130000e+01,3.631000e-01,3.318000e-01,3.623000e-01
7.700000e+01,6.482000e+01,8.340000e+01,1.136000e+02,2.689000e+01,3.368000e+01,2.650000e+01,2.369000e+01,2.255000e+01,1.947000e+01,7.547000e-01,6.897000e-01,7.531000e-01
7.800000e+01,7.457000e+01,9.594000e+01,1.307000e+02,3.013000e+01,3.773000e+01,2.969000e+01,2.654000e+01,2.527000e+01,2.181000e+01,8.109000e-01,7.411000e-01,8.092000e-01
7.900000e+01,7.344000e+01,9.449000e+01,1.287000e+02,3.375000e+01,4.227000e+01,3.326000e+01,2.973000e+01,2.830000e+01,2.443000e+01,3.663000e-01,3.348000e-01,3.655000e-01
8.000000e+01,6.231000e+01,8.017000e+01,1.092000e+02,2.724000e+01,3.412000e+01,2.684000e+01,2.400000e+01,2.284000e+01,1.972000e+01,7.048000e-01,6.441000e-01,7.033000e-01
8.100000e+01,6.172000e+01,7.941000e+01,1.082000e+02,2.846000e+01,3.564000e+01,2.804000e+01,2.507000e+01,2.387000e+01,2.061000e+01,3.129000e-01,2.860000e-01,3.122000e-01
8.200000e+01,7.821000e+01,1.006000e+02,1.371000e+02,3.413000e+01,4.274000e+01,3.363000e+01,3.007000e+01,2.862000e+01,2.471000e+01,1.614000e-01,1.475000e-01,1.611000e-01
8.300000e+01,7.652000e+01,9.845000e+01,1.341000e+02,3.019000e+01,3.781000e+01,2.975000e+01,2.659000e+01,2.532000e+01,2.186000e+01,4.323000e-01,3.951000e-01,4.314000e-01
8.400000e+01,6.464000e+01,8.317000e+01,1.133000e+02,2.619000e+01,3.280000e+01,2.581000e+01,2.307000e+01,2.196000e+01,1.896000e+01,6.907000e-01,6.312000e-01,6.892000e-01
8.500000e+01,6.097000e+01,7.844000e+01,1.069000e+02,2.904000e+01,3.637000e+01,2.862000e+01,2.558000e+01,2.435000e+01,2.102000e+01,3.572000e-01,3.264000e-01,3.564000e-01
8.600000e+01,6.570000e+01,8.453000e+01,1.152000e+02,3.309000e+01,4.144000e+01,3.261000e+01,2.915000e+01,2.775000e+01,2.396000e+01,5.220000e-01,4.771000e-01,5.209000e-01
8.700000e+01,7.954000e+01,1.023000e+02,1.394000e+02,2.805000e+01,3.513000e+01,2.764000e+01,2.471000e+01,2.352000e+01,2.031000e+01,5.485000e-01,5.013000e-01,5.473000e-01
8.800000e+01,7.357000e+01,9.466000e+01,1.290000e+02,2.868000e+01,3.592000e+01,2.826000e+01,2.526000e+01,2.405000e+01,2.076000e+01,8.032000e-01,7.340000e-01,8.015000e-01
8.900000e+01,6.173000e+01,7.942000e+01,1.082000e+02,3.276000e+01,4.103000e+01,3.228000e+01,2.886000e+01,2.747000e+01,2.372000e+01,1.793000e-01,1.639000e-01,1.789000e-01
9.000000e+01,6.318000e+01,8.129000e+01,1.108000e+02,2.655000e+01,3.325000e+01,2.616000e+01,2.339000e+01,2.226000e+01,1.922000e+01,5.005000e-01,4.574000e-01,4.994000e-01
9.100000e+01,7.225000e+01,9.296000e+01,1.267000e+02,2.501000e+01,3.132000e+01,2.464000e+01,2.203000e+01,2.097000e+01,1.811000e+01,8.211000e-01,7.504000e-01,8.194000e-01
9.200000e+01,6.018000e+01,7.743000e+01,1.055000e+02,2.756000e+01,3.452000e+01,2.716000e+01,2.428000e+01,2.311000e+01,1.995000e+01,1.724000e-01,1.576000e-01,1.720000e-01
9.300000e+01,7.134000e+01,9.179000e+01,1.251000e+02,2.980000e+01,3.732000e+01,2.936000e+01,2.625000e+01,2.499000e+01,2.158000e+01,3.996000e-01,3.652000e-01,3.988000e-01
9.400000e+01,7.986000e+01,1.027000e+02,1.400000e+02,3.032000e+01,3.797000e+01,2.988000e+01,2.671000e+01,2.543000e+01,2.195000e+01,5.950000e-01,5.438000e-01,5.938000e-01
9.500000e+01,7.570000e+01,9.740000e+01,1.327000e+02,3.496000e+01,4.378000e+01,3.445000e+01,3.080000e+01,2.932000e+01,2.531000e+01,2.879000e-01,2.631000e-01,2.873000e-01
9.600000e+01,7.185000e+01,9.244000e+01,1.260000e+02,3.295000e+01,4.127000e+01,3.247000e+01,2.903000e+01,2.763000e+01,2.386000e+01,5.334000e-01,4.875000e-01,5.323000e-01
9.700000e+01,7.479000e+01,9.622000e+01,1.311000e+02,2.684000e+01,3.361000e+01,2.645000e+01,2.364000e+01,2.251000e+01,1.943000e+01,3.671000e-01,3.355000e-01,3.663000e-01
9.800000e+01,7.686000e+01,9.889000e+01,1.347000e+02,3.210000e+01,4.020000e+01,3.163000e+01,2.828000e+01,2.692000e+01,2.324000e+01,6.006000e-01,5.489000e-01,5.993000e-01
9.900000e+01,6.505000e+01,8.369000e+01,1.140000e+02,2.514000e+01,3.149000e+01,2.477000e+01,2.215000e+01,2.108000e+01,1.820000e+01,2.336000e-01,2.135000e-01,2.331000e-01
1.000000e+02,7.151000e+01,9.200000e+01,1.254000e+02,3.265000e+01,4.089000e+01,3.217000e+01,2.876000e+01,2.738000e+01,2.364000e+01,7.690000e-01,7.028000e-01,7.674000e-01
1.010000e+02,6.360000e+01,8.183000e+01,1.115000e+02,2.985000e+01,3.738000e+01,2.941000e+01,2.629000e+01,2.503000e+01,2.161000e+01,1.781000e-01,1.628000e-01,1.777000e-01
1.020000e+02,6.290000e+01,8.093000e+01,1.103000e+02,2.890000e+01,3.619000e+01,2.848000e+01,2.546000e+01,2.424000e+01,2.092000e+01,1.625000e-01,1.485000e-01,1.622000e-01
1.030000e+02,6.542000e+01,8.417000e+01,1.147000e+02,3.101000e+01,3.884000e+01,3.056000e+01,2.732000e+01,2.600000e+01,2.245000e+01,1.542000e-01,1.409000e-01,1.539000e-01
1.040000e+02,6.474000e+01,8.329000e+01,1.135000e+02,3.392000e+01,4.248000e+01,3.342000e+01,2.988000e+01,2.845000e+01,2.456000e+01,1.539000e-01,1.406000e-01,1.536000e-01
1.050000e+02,6.410000e+01,8.247000e+01,1.124000e+02,3.139000e+01,3.931000e+01,3.093000e+01,2.765000e+01,2.632000e+01,2.273000e+01,1.675000e-01,1.531000e-01,1.671000e-01
1.060000e+02,6.453000e+01,8.302000e+01,1.131000e+02,3.275000e+01,4.102000e+01,3.227000e+01,2.885000e+01,2.746000e+01,2.371000e+01,1.725000e-01,1.576000e-01,1.721000e-01
1.070000e+02,6.329000e+01,8.143000e+01,1.110000e+02,3.029000e+01,3.794000e+01,2.985000e+01,2.668000e+01,2.540000e+01,2.193000e+01,1.545000e-01,1.412000e-01,1.542000e-01
1.080000e+02,6.284000e+01,8.085000e+01,1.102000e+02,3.486000e+01,4.366000e+01,3.435000e+01,3.071000e+01,2.923000e+01,2.524000e+01,1.546000e-01,1.413000e-01,1.543000e-01
1.090000e+02,6.290000e+01,8.093000e+01,1.103000e+02,3.451000e+01,4.322000e+01,3.401000e+01,3.040000e+01,2.894000e+01,2.499000e+01,1.747000e-01,1.597000e-01,1.743000e-01
1.100000e+02,6.370000e+01,8.196000e+01,1.117000e+02,3.242000e+01,4.060000e+01,3.195000e+01,2.856000e+01,2.719000e+01,2.347000e+01,1.538000e-01,1.406000e-01,1.535000e-01
1.110000e+02,6.448000e+01,8.296000e+01,1.130000e+02,3.196000e+01,4.003000e+01,3.149000e+01,2.815000e+01,2.680000e+01,2.314000e+01,1.571000e-01,1.436000e-01,1.568000e-01
1.120000e+02,6.350000e+01,8.170000e+01,1.113000e+02,3.440000e+01,4.308000e+01,3.390000e+01,3.030000e+01,2.885000e+01,2.491000e+01,1.637000e-01,1.496000e-01,1.634000e-01
1.130000e+02,6.339000e+01,8.156000e+01,1.111000e+02,3.485000e+01,4.365000e+01,3.434000e+01,3.070000e+01,2.923000e+01,2.523000e+01,1.714000e-01,1.566000e-01,1.710000e-01
1.140000e+02,6.436000e+01,8.281000e+01,1.128000e+02,3.467000e+01,4.342000e+01,3.416000e+01,3.054000e+01,2.907000e+01,2.510000e+01,1.527000e-01,1.396000e-01,1.524000e-01
1.150000e+02,6.445000e+01,8.292000e+01,1.130000e+02,2.663000e+01,3.335000e+01,2.624000e+01,2.346000e+01,2.233000e+01,1.928000e+01,1.555000e-01,1.421000e-01,1.552000e-01
1.160000e+02,6.434000e+01,8.278000e+01,1.128000e+02,3.268000e+01,4.093000e+01,3.220000e+01,2.879000e+01,2.741000e+01,2.366000e+01,1.517000e-01,1.386000e-01,1.514000e-01
1.170000e+02,6.421000e+01,8.261000e+01,1.126000e+02,2.832000e+01,3.547000e+01,2.791000e+01,2.495000e+01,2.375000e+01,2.050000e+01,1.531000e-01,1.399000e-01,1.528000e-01
1.180000e+02,6.496000e+01,8.358000e+01,1.139000e+02,3.251000e+01,4.072000e+01,3.204000e+01,2.864000e+01,2.726000e+01,2.354000e+01,1.524000e-01,1.393000e-01,1.521000e-01
1.190000e+02,6.416000e+01,8.255000e+01,1.125000e+02,3.329000e+01,4.169000e+01,3.280000e+01,2.933000e+01,2.792000e+01,2.410000e+01,1.529000e-01,1.397000e-01,1.526000e-01
1.200000e+02,6.399000e+01,8.233000e+01,1.122000e+02,3.196000e+01,4.003000e+01,3.149000e+01,2.815000e+01,2.680000e+01,2.314000e+01,1.567000e-01,1.432000e-01,1.564000e-01
1.210000e+02,6.521000e+01,8.390000e+01,1.143000e+02,2.963000e+01,3.711000e+01,2.920000e+01,2.610000e+01,2.485000e+01,2.145000e+01,1.551000e-01,1.417000e-01,1.548000e-01
1.220000e+02,6.322000e+01,8.134000e+01,1.108000e+02,2.550000e+01,3.194000e+01,2.513000e+01,2.246000e+01,2.138000e+01,1.846000e+01,1.544000e-01,1.411000e-01,1.541000e-01
1.230000e+02,6.439000e+01,8.284000e+01,1.129000e+02,2.610000e+01,3.269000e+01,2.572000e+01,2.299000e+01,2.189000e+01,1.890000e+01,1.526000e-01,1.395000e-01,1.523000e-01
1.240000e+02,6.522000e+01,8.391000e+01,1.143000e+02,2.840000e+01,3.557000e+01,2.799000e+01,2.502000e+01,2.382000e+01,2.056000e+01,1.549000e-01,1.416000e-01,1.546000e-01
1.250000e+02,6.404000e+01,8.239000e+01,1.123000e+02,2.827000e+01,3.541000e+01,2.786000e+01,2.490000e+01,2.371000e+01,2.047000e+01,1.538000e-01,1.406000e-01,1.535000e-01
1.260000e+02,6.373000e+01,8.200000e+01,1.117000e+02,3.303000e+01,4.137000e+01,3.255000e+01,2.910000e+01,2.770000e+01,2.391000e+01,1.553000e-01,1.419000e-01,1.550000e-01
1.270000e+02,6.374000e+01,8.201000e+01,1.117000e+02,2.831000e+01,3.546000e+01,2.790000e+01,2.494000e+01,2.374000e+01,2.050000e+01,1.887000e-01,1.725000e-01,1.883000e-01
1.280000e+02,6.411000e+01,8.248000e+01,1.124000e+02,3.434000e+01,4.301000e+01,3.384000e+01,3.025000e+01,2.880000e+01,2.486000e+01,1.527000e-01,1.396000e-01,1.524000e-01
1.290000e+02,6.385000e+01,8.215000e+01,1.119000e+02,2.689000e+01,3.368000e+01,2.650000e+01,2.369000e+01,2.255000e+01,1.947000e+01,1.595000e-01,1.458000e-01,1.592000e-01
1.300000e+02,6.421000e+01,8.261000e+01,1.126000e+02,3.290000e+01,4.120000e+01,3.242000e+01,2.898000e+01,2.759000e+01,2.382000e+01,1.585000e-01,1.449000e-01,1.582000e-01
1.310000e+02,6.373000e+01,8.200000e+01,1.117000e+02,2.821000e+01,3.533000e+01,2.780000e+01,2.485000e+01,2.366000e+01,2.042000e+01,1.564000e-01,1.429000e-01,1.561000e-01
1.320000e+02,6.321000e+01,8.133000e+01,1.108000e+02,2.988000e+01,3.742000e+01,2.944000e+01,2.632000e+01,2.506000e+01,2.163000e+01,1.621000e-01,1.481000e-01,1.618000e-01
1.330000e+02,6.347000e+01,8.166000e+01,1.113000e+02,2.724000e+01,3.412000e+01,2.684000e+01,2.400000e+01,2.284000e+01,1.972000e+01,1.597000e-01,1.459000e-01,1.594000e-01
1.340000e+02,6.405000e+01,8.241000e+01,1.123000e+02,2.554000e+01,3.199000e+01,2.517000e+01,2.250000e+01,2.142000e+01,1.849000e+01,1.886000e-01,1.724000e-01,1.882000e-01
1.350000e+02,6.442000e+01,8.288000e+01,1.129000e+02,3.031000e+01,3.796000e+01,2.987000e+01,2.670000e+01,2.542000e+01,2.194000e+01,1.541000e-01,1.408000e-01,1.538000e-01
1.360000e+02,6.407000e+01,8.243000e+01,1.123000e+02,2.622000e+01,3.284000e+01,2.584000e+01,2.310000e+01,2.199000e+01,1.898000e+01,1.563000e-01,1.428000e-01,1.560000e-01
1.370000e+02,6.447000e+01,8.295000e+01,1.130000e+02,2.563000e+01,3.210000e+01,2.526000e+01,2.258000e+01,2.149000e+01,1.856000e+01,1.531000e-01,1.399000e-01,1.528000e-01
1.380000e+02,6.512000e+01,8.378000e+01,1.142000e+02,2.528000e+01,3.166000e+01,2.491000e+01,2.227000e+01,2.120000e+01,1.830000e+01,1.596000e-01,1.459000e-01,1.593000e-01
1.390000e+02,6.685000e+01,8.601000e+01,1.172000e+02,2.534000e+01,3.174000e+01,2.497000e+01,2.232000e+01,2.125000e+01,1.835000e+01,1.653000e-01,1.511000e-01,1.650000e-01
1.400000e+02,6.499000e+01,8.362000e+01,1.139000e+02,2.555000e+01,3.200000e+01,2.518000e+01,2.251000e+01,2.143000e+01,1.850000e+01,1.660000e-01,1.517000e-01,1.657000e-01
1.410000e+02,6.500000e+01,8.363000e+01,1.140000e+02,2.850000e+01,3.569000e+01,2.808000e+01,2.511000e+01,2.390000e+01,2.063000e+01,1.564000e-01,1.429000e-01,1.561000e-01
1.420000e+02,6.419000e+01,8.259000e+01,1.125000e+02,3.045000e+01,3.814000e+01,3.001000e+01,2.682000e+01,2.554000e+01,2.205000e+01,1.946000e-01,1.778000e-01,1.942000e-01
1.430000e+02,6.464000e+01,8.317000e+01,1.133000e+02,3.016000e+01,3.777000e+01,2.972000e+01,2.657000e+01,2.529000e+01,2.184000e+01,1.523000e-01,1.392000e-01,1.520000e-01
1.440000e+02,6.458000e+01,8.309000e+01,1.132000e+02,2.729000e+01,3.418000e+01,2.689000e+01,2.404000e+01,2.289000e+01,1.976000e+01,1.842000e-01,1.683000e-01,1.838000e-01
1.450000e+02,6.424000e+01,8.265000e+01,1.126000e+02,3.074000e+01,3.850000e+01,3.029000e+01,2.708000e+01,2.578000e+01,2.226000e+01,1.539000e-01,1.406000e-01,1.536000e-01
1.460000e+02,6.462000e+01,8.314000e+01,1.133000e+02,2.580000e+01,3.231000e+01,2.542000e+01,2.273000e+01,2.164000e+01,1.868000e+01,1.768000e-01,1.616000e-01,1.764000e-01
1.470000e+02,6.469000e+01,8.323000e+01,1.134000e+02,3.070000e+01,3.845000e+01,3.025000e+01,2.704000e+01,2.575000e+01,2.223000e+01,1.578000e-01,1.442000e-01,1.575000e-01
1.480000e+02,6.436000e+01,8.281000e+01,1.128000e+02,2.991000e+01,3.746000e+01,2.947000e+01,2.635000e+01,2.508000e+01,2.165000e+01,2.125000e-01,1.942000e-01,2.121000e-01
1.490000e+02,6.533000e+01,8.405000e+01,1.145000e+02,3.210000e+01,4.020000e+01,3.163000e+01,2.828000e+01,2.692000e+01,2.324000e+01,1.703000e-01,1.556000e-01,1.699000e-01
1.500000e+02,6.432000e+01,8.275000e+01,1.128000e+02,2.586000e+01,3.239000e+01,2.548000e+01,2.278000e+01,2.169000e+01,1.872000e+01,1.654000e-01,1.512000e-01,1.651000e-01
1.510000e+02,6.523000e+01,8.392000e+01,1.144000e+02,2.839000e+01,3.556000e+01,2.798000e+01,2.501000e+01,2.381000e+01,2.055000e+01,1.591000e-01,1.454000e-01,1.588000e-01
1.520000e+02,6.512000e+01,8.378000e+01,1.142000e+02,2.769000e+01,3.468000e+01,2.729000e+01,2.439000e+01,2.322000e+01,2.005000e+01,1.549000e-01,1.416000e-01,1.546000e-01
1.530000e+02,6.321000e+01,8.133000e+01,1.108000e+02,2.759000e+01,3.455000e+01,2.719000e+01,2.430000e+01,2.314000e+01,1.998000e+01,1.870000e-01,1.709000e-01,1.866000e-01
1.540000e+02,6.361000e+01,8.184000e+01,1.115000e+02,2.576000e+01,3.226000e+01,2.538000e+01,2.269000e+01,2.160000e+01,1.865000e+01,1.525000e-01,1.394000e-01,1.522000e-01
1.550000e+02,6.471000e+01,8.326000e+01,1.134000e+02,2.800000e+01,3.507000e+01,2.759000e+01,2.467000e+01,2.348000e+01,2.027000e+01,1.516000e-01,1.385000e-01,1.513000e-01
1.560000e+02,6.454000e+01,8.304000e+01,1.131000e+02,2.751000e+01,3.445000e+01,2.711000e+01,2.423000e+01,2.307000e+01,1.992000e+01,1.920000e-01,1.755000e-01,1.916000e-01
1.570000e+02,6.342000e+01,8.160000e+01,1.112000e+02,2.547000e+01,3.190000e+01,2.510000e+01,2.244000e+01,2.136000e+01,1.844000e+01,1.526000e-01,1.395000e-01,1.523000e-01
1.580000e+02,6.446000e+01,8.293000e+01,1.130000e+02,3.326000e+01,4.165000e+01,3.277000e+01,2.930000e+01,2.789000e+01,2.408000e+01,1.584000e-01,1.448000e-01,1.581000e-01
1.590000e+02,6.487000e+01,8.346000e+01,1.137000e+02,2.778000e+01,3.479000e+01,2.737000e+01,2.447000e+01,2.330000e+01,2.011000e+01,1.629000e-01,1.489000e-01,1.626000e-01
1.600000e+02,6.401000e+01,8.236000e+01,1.122000e+02,3.298000e+01,4.130000e+01,3.250000e+01,2.905000e+01,2.766000e+01,2.388000e+01,1.753000e-01,1.602000e-01,1.749000e-01
1.610000e+02,6.292000e+01,8.095000e+01,1.103000e+02,2.524000e+01,3.161000e+01,2.487000e+01,2.223000e+01,2.117000e+01,1.827000e+01,1.582000e-01,1.446000e-01,1.579000e-01
1.620000e+02,6.411000e+01,8.248000e+01,1.124000e+02,3.281000e+01,4.109000e+01,3.233000e+01,2.890000e+01,2.751000e+01,2.375000e+01,1.568000e-01,1.433000e-01,1.565000e-01
1.630000e+02,6.335000e+01,8.151000e+01,1.111000e+02,2.747000e+01,3.440000e+01,2.707000e+01,2.420000e+01,2.304000e+01,1.989000e+01,1.507000e-01,1.377000e-01,1.504000e-01
1.640000e+02,6.450000e+01,8.299000e+01,1.131000e+02,2.682000e+01,3.359000e+01,2.643000e+01,2.363000e+01,2.249000e+01,1.942000e+01,1.526000e-01,1.395000e-01,1.523000e-01
1.650000e+02,6.260000e+01,8.054000e+01,1.097000e+02,3.236000e+01,4.053000e+01,3.189000e+01,2.851000e+01,2.714000e+01,2.343000e+01,1.806000e-01,1.651000e-01,1.802000e-01
1.660000e+02,6.389000e+01,8.220000e+01,1.120000e+02,3.166000e+01,3.965000e+01,3.120000e+01,2.789000e+01,2.655000e+01,2.292000e+01,1.512000e-01,1.382000e-01,1.509000e-01
1.670000e+02,6.400000e+01,8.234000e+01,1.122000e+02,2.926000e+01,3.665000e+01,2.883000e+01,2.578000e+01,2.454000e+01,2.118000e+01,1.683000e-01,1.538000e-01,1.679000e-01
1.680000e+02,6.335000e+01,8.151000e+01,1.111000e+02,3.274000e+01,4.100000e+01,3.226000e+01,2.884000e+01,2.746000e+01,2.370000e+01,1.553000e-01,1.419000e-01,1.550000e-01
1.690000e+02,6.577000e+01,8.462000e+01,1.153000e+02,2.738000e+01,3.429000e+01,2.698000e+01,2.412000e+01,2.296000e+01,1.982000e+01,1.559000e-01,1.425000e-01,1.556000e-01
1.700000e+02,6.418000e+01,8.257000e+01,1.125000e+02,2.511000e+01,3.145000e+01,2.474000e+01,2.212000e+01,2.106000e+01,1.818000e+01,1.557000e-01,1.423000e-01,1.554000e-01
1.710000e+02,6.448000e+01,8.296000e+01,1.130000e+02,2.566000e+01,3.214000e+01,2.529000e+01,2.260000e+01,2.152000e+01,1.858000e+01,1.626000e-01,1.486000e-01,1.623000e-01
1.720000e+02,6.388000e+01,8.219000e+01,1.120000e+02,3.282000e+01,4.110000e+01,3.234000e+01,2.891000e+01,2.752000e+01,2.376000e+01,1.579000e-01,1.443000e-01,1.576000e-01
1.730000e+02,6.748000e+01,8.682000e+01,1.183000e+02,2.538000e+01,3.179000e+01,2.501000e+01,2.236000e+01,2.128000e+01,1.838000e+01,1.758000e-01,1.607000e-01,1.754000e-01
1.740000e+02,6.372000e+01,8.198000e+01,1.117000e+02,2.755000e+01,3.450000e+01,2.715000e+01,2.427000e+01,2.310000e+01,1.995000e+01,1.556000e-01,1.422000e-01,1.553000e-01
1.750000e+02,6.358000e+01,8.180000e+01,1.115000e+02,2.792000e+01,3.497000e+01,2.751000e+01,2.459000e+01,2.341000e+01,2.021000e+01,1.653000e-01,1.511000e-01,1.650000e-01
1.760000e+02,6.599000e+01,8.490000e+01,1.157000e+02,2.593000e+01,3.247000e+01,2.555000e+01,2.284000e+01,2.174000e+01,1.877000e+01,1.544000e-01,1.411000e-01,1.541000e-01
1.770000e+02,6.422000e+01,8.263000e+01,1.126000e+02,2.585000e+01,3.237000e+01,2.547000e+01,2.277000e+01,2.168000e+01,1.872000e+01,1.524000e-01,1.393000e-01,1.521000e-01
1.780000e+02,6.455000e+01,8.305000e+01,1.132000e+02,3.143000e+01,3.936000e+01,3.097000e+01,2.769000e+01,2.636000e+01,2.276000e+01,1.558000e-01,1.424000e-01,1.555000e-01
1.790000e+02,6.512000e+01,8.378000e+01,1.142000e+02,3.099000e+01,3.881000e+01,3.054000e+01,2.730000e+01,2.599000e+01,2.244000e+01,1.508000e-01,1.378000e-01,1.505000e-01
1.800000e+02,6.504000e+01,8.368000e+01,1.140000e+02,3.208000e+01,4.018000e+01,3.161000e+01,2.826000e+01,2.690000e+01,2.323000e+01,1.684000e-01,1.539000e-01,1.680000e-01
1.810000e+02,6.452000e+01,8.301000e+01,1.131000e+02,2.890000e+01,3.619000e+01,2.848000e+01,2.546000e+01,2.424000e+01,2.092000e+01,1.566000e-01,1.431000e-01,1.563000e-01
1.820000e+02,6.459000e+01,8.310000e+01,1.132000e+02,2.921000e+01,3.658000e+01,2.878000e+01,2.573000e+01,2.450000e+01,2.115000e+01,1.510000e-01,1.380000e-01,1.507000e-01
1.830000e+02,6.507000e+01,8.372000e+01,1.141000e+02,2.699000e+01,3.380000e+01,2.660000e+01,2.378000e+01,2.263000e+01,1.954000e+01,1.569000e-01,1.434000e-01,1.566000e-01
1.840000e+02,6.413000e+01,8.251000e+01,1.124000e+02,3.055000e+01,3.826000e+01,3.010000e+01,2.691000e+01,2.562000e+01,2.212000e+01,1.605000e-01,1.467000e-01,1.602000e-01
1.850000e+02,6.398000e+01,8.232000e+01,1.122000e+02,2.914000e+01,3.649000e+01,2.871000e+01,2.567000e+01,2.444000e+01,2.110000e+01,1.624000e-01,1.484000e-01,1.621000e-01
1.860000e+02,6.391000e+01,8.223000e+01,1.120000e+02,2.655000e+01,3.325000e+01,2.616000e+01,2.339000e+01,2.226000e+01,1.922000e+01,1.593000e-01,1.456000e-01,1.590000e-01
1.870000e+02,6.431000e+01,8.274000e+01,1.127000e+02,3.044000e+01,3.812000e+01,3.000000e+01,2.681000e+01,2.553000e+01,2.204000e+01,1.590000e-01,1.453000e-01,1.587000e-01
1.880000e+02,6.460000e+01,8.311000e+01,1.133000e+02,3.078000e+01,3.855000e+01,3.033000e+01,2.711000e+01,2.581000e+01,2.228000e+01,1.582000e-01,1.446000e-01,1.579000e-01
1.890000e+02,6.436000e+01,8.281000e+01,1.128000e+02,2.639000e+01,3.305000e+01,2.600000e+01,2.325000e+01,2.213000e+01,1.911000e+01,1.595000e-01,1.458000e-01,1.592000e-01
1.900000e+02,6.410000e+01,8.247000e+01,1.124000e+02,2.513000e+01,3.147000e+01,2.476000e+01,2.214000e+01,2.107000e+01,1.819000e+01,1.515000e-01,1.385000e-01,1.512000e-01
1.910000e+02,6.368000e+01,8.193000e+01,1.116000e+02,2.856000e+01,3.577000e+01,2.814000e+01,2.516000e+01,2.395000e+01,2.068000e+01,1.790000e-01,1.636000e-01,1.786000e-01
1.920000e+02,6.422000e+01,8.263000e+01,1.126000e+02,2.572000e+01,3.221000e+01,2.534000e+01,2.266000e+01,2.157000e+01,1.862000e+01,1.699000e-01,1.553000e-01,1.695000e-01
1.930000e+02,6.494000e+01,8.355000e+01,1.138000e+02,2.656000e+01,3.326000e+01,2.617000e+01,2.340000e+01,2.227000e+01,1.923000e+01,1.815000e-01,1.659000e-01,1.811000e-01
1.940000e+02,6.427000e+01,8.269000e+01,1.127000e+02,2.679000e+01,3.355000e+01,2.640000e+01,2.360000e+01,2.247000e+01,1.940000e+01,1.590000e-01,1.453000e-01,1.587000e-01
1.950000e+02,6.350000e+01,8.170000e+01,1.113000e+02,3.173000e+01,3.974000e+01,3.127000e+01,2.795000e+01,2.661000e+01,2.297000e+01,1.523000e-01,1.392000e-01,1.520000e-01
1.960000e+02,6.335000e+01,8.151000e+01,1.111000e+02,3.058000e+01,3.830000e+01,3.013000e+01,2.694000e+01,2.564000e+01,2.214000e+01,2.280000e-01,2.084000e-01,2.275000e-01
1.970000e+02,6.561000e+01,8.441000e+01,1.150000e+02,2.601000e+01,3.257000e+01,2.563000e+01,2.291000e+01,2.181000e+01,1.883000e+01,1.554000e-01,1.420000e-01,1.551000e-01
1.980000e+02,6.385000e+01,8.215000e+01,1.119000e+02,2.575000e+01,3.225000e+01,2.537000e+01,2.268000e+01,2.159000e+01,1.864000e+01,1.801000e-01,1.646000e-01,1.797000e-01
1.990000e+02,6.466000e+01,8.319000e+01,1.134000e+02,2.856000e+01,3.577000e+01,2.814000e+01,2.516000e+01,2.395000e+01,2.068000e+01,1.605000e-01,1.467000e-01,1.602000e-01
2.000000e+02,6.348000e+01,8.167000e+01,1.113000e+02,2.660000e+01,3.331000e+01,2.621000e+01,2.343000e+01,2.231000e+01,1.926000e+01,1.609000e-01,1.470000e-01,1.606000e-01
2.010000e+02,6.356000e+01,8.178000e+01,1.114000e+02,3.253000e+01,4.074000e+01,3.206000e+01,2.866000e+01,2.728000e+01,2.355000e+01,1.520000e-01,1.389000e-01,1.517000e-01
2.020000e+02,6.410000e+01,8.247000e+01,1.124000e+02,3.293000e+01,4.124000e+01,3.245000e+01,2.901000e+01,2.762000e+01,2.384000e+01,1.553000e-01,1.419000e-01,1.550000e-01
2.030000e+02,6.512000e+01,8.378000e+01,1.142000e+02,2.946000e+01,3.690000e+01,2.903000e+01,2.595000e+01,2.471000e+01,2.133000e+01,1.766000e-01,1.614000e-01,1.762000e-01
2.040000e+02,6.353000e+01,8.174000e+01,1.114000e+02,3.063000e+01,3.836000e+01,3.018000e+01,2.698000e+01,2.569000e+01,2.218000e+01,1.724000e-01,1.576000e-01,1.720000e-01
2.050000e+02,6.331000e+01,8.145000e+01,1.110000e+02,2.523000e+01,3.160000e+01,2.486000e+01,2.223000e+01,2.116000e+01,1.827000e+01,1.541000e-01,1.408000e-01,1.538000e-01
2.060000e+02,6.396000e+01,8.229000e+01,1.121000e+02,3.019000e+01,3.781000e+01,2.975000e+01,2.659000e+01,2.532000e+01,2.186000e+01,1.646000e-01,1.504000e-01,1.643000e-01
2.070000e+02,6.303000e+01,8.109000e+01,1.105000e+02,3.443000e+01,4.312000e+01,3.393000e+01,3.033000e+01,2.887000e+01,2.493000e+01,1.523000e-01,1.392000e-01,1.520000e-01
2.080000e+02,6.384000e+01,8.214000e+01,1.119000e+02,2.570000e+01,3.219000e+01,2.532000e+01,2.264000e+01,2.155000e+01,1.861000e+01,1.530000e-01,1.398000e-01,1.527000e-01
2.090000e+02,6.473000e+01,8.328000e+01,1.135000e+02,3.065000e+01,3.839000e+01,3.020000e+01,2.700000e+01,2.570000e+01,2.219000e+01,1.530000e-01,1.398000e-01,1.527000e-01
2.100000e+02,6.592000e+01,8.481000e+01,1.156000e+02,2.583000e+01,3.235000e+01,2.545000e+01,2.275000e+01,2.166000e+01,1.870000e+01,1.518000e-01,1.387000e-01,1.515000e-01
2.110000e+02,6.440000e+01,8.286000e+01,1.129000e+02,3.320000e+01,4.158000e+01,3.272000e+01,2.925000e+01,2.784000e+01,2.404000e+01,1.700000e-01,1.554000e-01,1.696000e-01
2.120000e+02,6.462000e+01,8.314000e+01,1.133000e+02,2.731000e+01,3.420000e+01,2.691000e+01,2.406000e+01,2.290000e+01,1.977000e+01,1.508000e-01,1.378000e-01,1.505000e-01
2.130000e+02,6.379000e+01,8.207000e+01,1.118000e+02,2.652000e+01,3.321000e+01,2.613000e+01,2.336000e+01,2.224000e+01,1.920000e+01,1.595000e-01,1.458000e-01,1.592000e-01
2.140000e+02,6.395000e+01,8.228000e+01,1.121000e+02,3.192000e+01,3.998000e+01,3.145000e+01,2.812000e+01,2.677000e+01,2.311000e+01,1.530000e-01,1.398000e-01,1.527000e-01
2.150000e+02,6.417000e+01,8.256000e+01,1.125000e+02,2.864000e+01,3.587000e+01,2.822000e+01,2.523000e+01,2.402000e+01,2.074000e+01,1.512000e-01,1.382000e-01,1.509000e-01
2.160000e+02,6.422000e+01,8.263000e+01,1.126000e+02,3.137000e+01,3.929000e+01,3.091000e+01,2.763000e+01,2.631000e+01,2.271000e+01,1.770000e-01,1.618000e-01,1.766000e-01
2.170000e+02,6.288000e+01,8.090000e+01,1.102000e+02,3.374000e+01,4.226000e+01,3.325000e+01,2.972000e+01,2.829000e+01,2.443000e+01,1.534000e-01,1.402000e-01,1.531000e-01
2.180000e+02,6.374000e+01,8.201000e+01,1.117000e+02,3.152000e+01,3.948000e+01,3.106000e+01,2.777000e+01,2.643000e+01,2.282000e+01,1.645000e-01,1.503000e-01,1.642000e-01
2.190000e+02,6.357000e+01,8.179000e+01,1.114000e+02,3.070000e+01,3.845000e+01,3.025000e+01,2.704000e+01,2.575000e+01,2.223000e+01,1.565000e-01,1.430000e-01,1.562000e-01
2.200000e+02,6.398000e+01,8.232000e+01,1.122000e+02,2.809000e+01,3.518000e+01,2.768000e+01,2.474000e+01,2.356000e+01,2.034000e+01,1.575000e-01,1.439000e-01,1.572000e-01
2.210000e+02,6.518000e+01,8.386000e+01,1.143000e+02,3.079000e+01,3.856000e+01,3.034000e+01,2.712000e+01,2.582000e+01,2.229000e+01,1.525000e-01,1.394000e-01,1.522000e-01
2.220000e+02,6.564000e+01,8.445000e+01,1.151000e+02,2.738000e+01,3.429000e+01,2.698000e+01,2.412000e+01,2.296000e+01,1.982000e+01,1.563000e-01,1.428000e-01,1.560000e-01
2.230000e+02,6.453000e+01,8.302000e+01,1.131000e+02,3.182000e+01,3.985000e+01,3.136000e+01,2.803000e+01,2.668000e+01,2.304000e+01,1.575000e-01,1.439000e-01,1.572000e-01
2.240000e+02,6.370000e+01,8.196000e+01,1.117000e+02,2.581000e+01,3.232000e+01,2.543000e+01,2.274000e+01,2.164000e+01,1.869000e+01,1.965000e-01,1.796000e-01,1.961000e-01
2.250000e+02,6.380000e+01,8.209000e+01,1.118000e+02,2.716000e+01,3.402000e+01,2.676000e+01,2.393000e+01,2.278000e+01,1.966000e+01,1.890000e-01,1.727000e-01,1.886000e-01
2.260000e+02,6.413000e+01,8.251000e+01,1.124000e+02,2.981000e+01,3.733000e+01,2.937000e+01,2.626000e+01,2.500000e+01,2.158000e+01,1.522000e-01,1.391000e-01,1.519000e-01
2.270000e+02,6.422000e+01,8.263000e+01,1.126000e+02,2.761000e+01,3.458000e+01,2.721000e+01,2.432000e+01,2.315000e+01,1.999000e+01,1.596000e-01,1.459000e-01,1.593000e-01
2.280000e+02,6.518000e+01,8.386000e+01,1.143000e+02,3.308000e+01,4.143000e+01,3.260000e+01,2.914000e+01,2.774000e+01,2.395000e+01,1.544000e-01,1.411000e-01,1.541000e-01
2.290000e+02,6.345000e+01,8.163000e+01,1.112000e+02,2.528000e+01,3.166000e+01,2.491000e+01,2.227000e+01,2.120000e+01,1.830000e+01,1.513000e-01,1.383000e-01,1.510000e-01
2.300000e+02,6.357000e+01,8.179000e+01,1.114000e+02,2.728000e+01,3.417000e+01,2.688000e+01,2.403000e+01,2.288000e+01,1.975000e+01,1.583000e-01,1.447000e-01,1.580000e-01
2.310000e+02,6.472000e+01,8.327000e+01,1.135000e+02,2.529000e+01,3.167000e+01,2.492000e+01,2.228000e+01,2.121000e+01,1.831000e+01,1.641000e-01,1.500000e-01,1.638000e-01
2.320000e+02,6.449000e+01,8.297000e+01,1.131000e+02,3.169000e+01,3.969000e+01,3.123000e+01,2.792000e+01,2.658000e+01,2.294000e+01,1.561000e-01,1.427000e-01,1.558000e-01
2.330000e+02,6.412000e+01,8.250000e+01,1.124000e+02,2.532000e+01,3.171000e+01,2.495000e+01,2.230000e+01,2.123000e+01,1.833000e+01,1.568000e-01,1.433000e-01,1.565000e-01
2.340000e+02,6.333000e+01,8.148000e+01,1.110000e+02,3.269000e+01,4.094000e+01,3.221000e+01,2.880000e+01,2.741000e+01,2.367000e+01,1.693000e-01,1.547000e-01,1.689000e-01
2.350000e+02,6.389000e+01,8.220000e+01,1.120000e+02,3.229000e+01,4.044000e+01,3.182000e+01,2.844000e+01,2.708000e+01,2.338000e+01,1.527000e-01,1.396000e-01,1.524000e-01
2.360000e+02,6.426000e+01,8.268000e+01,1.127000e+02,2.626000e+01,3.289000e+01,2.588000e+01,2.313000e+01,2.202000e+01,1.901000e+01,1.589000e-01,1.452000e-01,1.586000e-01
2.370000e+02,6.252000e+01,8.044000e+01,1.096000e+02,2.689000e+01,3.368000e+01,2.650000e+01,2.369000e+01,2.255000e+01,1.947000e+01,1.531000e-01,1.399000e-01,1.528000e-01
2.380000e+02,6.310000e+01,8.118000e+01,1.106000e+02,3.337000e+01,4.179000e+01,3.288000e+01,2.940000e+01,2.798000e+01,2.416000e+01,1.669000e-01,1.525000e-01,1.665000e-01
2.390000e+02,6.360000e+01,8.183000e+01,1.115000e+02,2.534000e+01,3.174000e+01,2.497000e+01,2.232000e+01,2.125000e+01,1.835000e+01,1.551000e-01,1.417000e-01,1.548000e-01
2.400000e+02,6.417000e+01,8.256000e+01,1.125000e+02,2.944000e+01,3.687000e+01,2.901000e+01,2.593000e+01,2.469000e+01,2.131000e+01,1.582000e-01,1.446000e-01,1.579000e-01
2.410000e+02,6.384000e+01,8.214000e+01,1.119000e+02,3.136000e+01,3.928000e+01,3.090000e+01,2.763000e+01,2.630000e+01,2.270000e+01,1.564000e-01,1.429000e-01,1.561000e-01
2.420000e+02,6.330000e+01,8.144000e+01,1.110000e+02,3.403000e+01,4.262000e+01,3.353000e+01,2.998000e+01,2.854000e+01,2.464000e+01,1.521000e-01,1.390000e-01,1.518000e-01
2.430000e+02,6.351000e+01,8.171000e+01,1.113000e+02,2.639000e+01,3.305000e+01,2.600000e+01,2.325000e+01,2.213000e+01,1.911000e+01,1.558000e-01,1.424000e-01,1.555000e-01
2.440000e+02,6.602000e+01,8.494000e+01,1.157000e+02,3.427000e+01,4.292000e+01,3.377000e+01,3.019000e+01,2.874000e+01,2.481000e+01,1.577000e-01,1.441000e-01,1.574000e-01
2.450000e+02,6.482000e+01,8.340000e+01,1.136000e+02,2.831000e+01,3.546000e+01,2.790000e+01,2.494000e+01,2.374000e+01,2.050000e+01,1.544000e-01,1.411000e-01,1.541000e-01
2.460000e+02,6.348000e+01,8.167000e+01,1.113000e+02,3.318000e+01,4.155000e+01,3.270000e+01,2.923000e+01,2.782000e+01,2.402000e+01,1.554000e-01,1.420000e-01,1.551000e-01
2.470000e+02,6.427000e+01,8.269000e+01,1.127000e+02,2.665000e+01,3.338000e+01,2.626000e+01,2.348000e+01,2.235000e+01,1.929000e+01,1.525000e-01,1.394000e-01,1.522000e-01
2.480000e+02,6.300000e+01,8.106000e+01,1.104000e+02,3.198000e+01,4.005000e+01,3.151000e+01,2.817000e+01,2.682000e+01,2.315000e+01,1.636000e-01,1.495000e-01,1.633000e-01
2.490000e+02,6.367000e+01,8.192000e+01,1.116000e+02,2.817000e+01,3.528000e+01,2.776000e+01,2.481000e+01,2.362000e+01,2.040000e+01,1.731000e-01,1.582000e-01,1.727000e-01
2.500000e+02,6.341000e+01,8.158000e+01,1.112000e+02,2.517000e+01,3.152000e+01,2.480000e+01,2.217000e+01,2.111000e+01,1.822000e+01,1.539000e-01,1.406000e-01,1.536000e-01
2.510000e+02,6.411000e+01,8.248000e+01,1.124000e+02,3.401000e+01,4.259000e+01,3.351000e+01,2.996000e+01,2.852000e+01,2.462000e+01,1.543000e-01,1.410000e-01,1.540000e-01
2.520000e+02,6.397000e+01,8.230000e+01,1.121000e+02,3.361000e+01,4.209000e+01,3.312000e+01,2.961000e+01,2.819000e+01,2.433000e+01,1.551000e-01,1.417000e-01,1.548000e-01
2.530000e+02,6.302000e+01,8.108000e+01,1.105000e+02,2.671000e+01,3.345000e+01,2.632000e+01,2.353000e+01,2.240000e+01,1.934000e+01,1.618000e-01,1.479000e-01,1.615000e-01
2.540000e+02,6.314000e+01,8.124000e+01,1.107000e+02,2.572000e+01,3.221000e+01,2.534000e+01,2.266000e+01,2.157000e+01,1.862000e+01,1.534000e-01,1.402000e-01,1.531000e-01
2.550000e+02,6.363000e+01,8.187000e+01,1.115000e+02,3.261000e+01,4.084000e+01,3.213000e+01,2.873000e+01,2.735000e+01,2.361000e+01,1.608000e-01,1.470000e-01,1.605000e-01
2.560000e+02,6.382000e+01,8.211000e+01,1.119000e+02,3.470000e+01,4.346000e+01,3.419000e+01,3.057000e+01,2.910000e+01,2.512000e+01,1.599000e-01,1.461000e-01,1.596000e-01
