# step_count,bc_1,bc_2,bc_3,ac_1,ac_2,ac_3,ac_4,ac_5,ac_6,ic_1,ic_2,ic_3
1.000000e+00,7.505000e+01,9.656000e+01,1.316000e+02,2.507000e+01,3.140000e+01,2.470000e+01,2.208000e+01,2.102000e+01,1.815000e+01,8.229000e-01,7.520000e-01,8.212000e-01
2.000000e+00,7.355000e+01,9.463000e+01,1.289000e+02,3.279000e+01,4.107000e+01,3.231000e+01,2.888000e+01,2.750000e+01,2.374000e+01,7.253000e-01,6.629000e-01,7.238000e-01
3.000000e+00,6.225000e+01,8.009000e+01,1.091000e+02,3.472000e+01,4.348000e+01,3.421000e+01,3.058000e+01,2.912000e+01,2.514000e+01,6.657000e-01,6.084000e-01,6.643000e-01
4.000000e+00,6.690000e+01,8.607000e+01,1.173000e+02,2.738000e+01,3.429000e+01,2.698000e+01,2.412000e+01,2.296000e+01,1.982000e+01,4.990000e-01,4.560000e-01,4.980000e-01
5.000000e+00,6.994000e+01,8.998000e+01,1.226000e+02,3.296000e+01,4.128000e+01,3.248000e+01,2.903000e+01,2.764000e+01,2.386000e+01,1.665000e-01,1.522000e-01,1.662000e-01
6.000000e+00,6.294000e+01,8.098000e+01,1.103000e+02,3.026000e+01,3.790000e+01,2.982000e+01,2.666000e+01,2.538000e+01,2.191000e+01,2.587000e-01,2.364000e-01,2.582000e-01
7.000000e+00,7.410000e+01,9.534000e+01,1.299000e+02,3.496000e+01,4.378000e+01,3.445000e+01,3.080000e+01,2.932000e+01,2.531000e+01,4.774000e-01,4.363000e-01,4.764000e-01
8.000000e+00,7.330000e+01,9.431000e+01,1.285000e+02,2.937000e+01,3.678000e+01,2.894000e+01,2.587000e+01,2.463000e+01,2.126000e+01,5.686000e-01,5.196000e-01,5.674000e-01
9.000000e+00,7.900000e+01,1.016000e+02,1.385000e+02,2.613000e+01,3.273000e+01,2.575000e+01,2.302000e+01,2.191000e+01,1.892000e+01,4.818000e-01,4.403000e-01,4.808000e-01
1.000000e+01,7.633000e+01,9.821000e+01,1.338000e+02,2.516000e+01,3.151000e+01,2.479000e+01,2.216000e+01,2.110000e+01,1.822000e+01,7.856000e-01,7.180000e-01,7.840000e-01
1.100000e+01,6.439000e+01,8.284000e+01,1.129000e+02,3.484000e+01,4.363000e+01,3.433000e+01,3.069000e+01,2.922000e+01,2.522000e+01,7.702000e-01,7.039000e-01,7.686000e-01
1.200000e+01,7.320000e+01,9.418000e+01,1.283000e+02,3.132000e+01,3.923000e+01,3.086000e+01,2.759000e+01,2.626000e+01,2.268000e+01,2.936000e-01,2.683000e-01,2.930000e-01
1.300000e+01,7.055000e+01,9.077000e+01,1.237000e+02,2.906000e+01,3.639000e+01,2.864000e+01,2.560000e+01,2.437000e+01,2.104000e+01,1.599000e-01,1.461000e-01,1.596000e-01
1.400000e+01,7.373000e+01,9.486000e+01,1.293000e+02,3.107000e+01,3.891000e+01,3.062000e+01,2.737000e+01,2.606000e+01,2.249000e+01,2.622000e-01,2.396000e-01,2.616000e-01
1.500000e+01,6.847000e+01,8.809000e+01,1.200000e+02,2.649000e+01,3.318000e+01,2.610000e+01,2.334000e+01,2.221000e+01,1.918000e+01,8.004000e-01,7.315000e-01,7.987000e-01
1.600000e+01,7.750000e+01,9.971000e+01,1.359000e+02,3.172000e+01,3.973000e+01,3.126000e+01,2.794000e+01,2.660000e+01,2.297000e+01,2.032000e-01,1.857000e-01,2.028000e-01
1.700000e+01,6.443000e+01,8.290000e+01,1.130000e+02,2.636000e+01,3.301000e+01,2.598000e+01,2.322000e+01,2.211000e+01,1.908000e+01,7.695000e-01,7.032000e-01,7.679000e-01
1.800000e+01,6.089000e+01,7.834000e+01,1.067000e+02,2.512000e+01,3.146000e+01,2.475000e+01,2.213000e+01,2.107000e+01,1.819000e+01,6.909000e-01,6.314000e-01,6.894000e-01
1.900000e+01,6.775000e+01,8.717000e+01,1.188000e+02,2.687000e+01,3.365000e+01,2.648000e+01,2.367000e+01,2.253000e+01,1.945000e+01,7.587000e-01,6.934000e-01,7.571000e-01
2.000000e+01,7.775000e+01,1.000000e+02,1.363000e+02,3.323000e+01,4.162000e+01,3.274000e+01,2.927000e+01,2.787000e+01,2.406000e+01,8.025000e-01,7.334000e-01,8.008000e-01
2.100000e+01,7.566000e+01,9.734000e+01,1.326000e+02,3.321000e+01,4.159000e+01,3.273000e+01,2.925000e+01,2.785000e+01,2.404000e+01,2.782000e-01,2.542000e-01,2.776000e-01
2.200000e+01,7.227000e+01,9.298000e+01,1.267000e+02,3.164000e+01,3.963000e+01,3.118000e+01,2.787000e+01,2.653000e+01,2.291000e+01,5.530000e-01,5.054000e-01,5.518000e-01
2.300000e+01,6.177000e+01,7.947000e+01,1.083000e+02,3.378000e+01,4.231000e+01,3.329000e+01,2.976000e+01,2.833000e+01,2.446000e+01,5.854000e-01,5.350000e-01,5.842000e-01
2.400000e+01,7.301000e+01,9.393000e+01,1.280000e+02,2.687000e+01,3.365000e+01,2.648000e+01,2.367000e+01,2.253000e+01,1.945000e+01,7.543000e-01,6.894000e-01,7.527000e-01
2.500000e+01,7.443000e+01,9.576000e+01,1.305000e+02,2.732000e+01,3.422000e+01,2.692000e+01,2.407000e+01,2.291000e+01,1.978000e+01,5.343000e-01,4.883000e-01,5.332000e-01
2.600000e+01,6.676000e+01,8.589000e+01,1.170000e+02,2.883000e+01,3.611000e+01,2.841000e+01,2.540000e+01,2.418000e+01,2.087000e+01,4.656000e-01,4.255000e-01,4.646000e-01
2.700000e+01,7.545000e+01,9.707000e+01,1.323000e+02,3.324000e+01,4.163000e+01,3.275000e+01,2.928000e+01,2.788000e+01,2.407000e+01,5.964000e-01,5.450000e-01,5.951000e-01
2.800000e+01,7.493000e+01,9.640000e+01,1.314000e+02,2.664000e+01,3.336000e+01,2.625000e+01,2.347000e+01,2.234000e+01,1.929000e+01,5.859000e-01,5.355000e-01,5.847000e-01
2.900000e+01,7.714000e+01,9.925000e+01,1.352000e+02,2.783000e+01,3.485000e+01,2.742000e+01,2.452000e+01,2.334000e+01,2.015000e+01,2.449000e-01,2.238000e-01,2.444000e-01
3.000000e+01,7.837000e+01,1.008000e+02,1.374000e+02,2.962000e+01,3.710000e+01,2.919000e+01,2.609000e+01,2.484000e+01,2.144000e+01,1.715000e-01,1.567000e-01,1.711000e-01
3.100000e+01,6.484000e+01,8.342000e+01,1.137000e+02,3.459000e+01,4.332000e+01,3.408000e+01,3.047000e+01,2.901000e+01,2.504000e+01,5.081000e-01,4.644000e-01,5.070000e-01
3.200000e+01,7.011000e+01,9.020000e+01,1.229000e+02,2.894000e+01,3.624000e+01,2.852000e+01,2.549000e+01,2.427000e+01,2.095000e+01,7.337000e-01,6.705000e-01,7.322000e-01
3.300000e+01,6.638000e+01,8.540000e+01,1.164000e+02,3.177000e+01,3.979000e+01,3.131000e+01,2.799000e+01,2.664000e+01,2.300000e+01,7.095000e-01,6.484000e-01,7.080000e-01
3.400000e+01,7.269000e+01,9.352000e+01,1.274000e+02,2.585000e+01,3.237000e+01,2.547000e+01,2.277000e+01,2.168000e+01,1.872000e+01,4.100000e-01,3.747000e-01,4.091000e-01
3.500000e+01,6.295000e+01,8.099000e+01,1.104000e+02,2.994000e+01,3.750000e+01,2.950000e+01,2.637000e+01,2.511000e+01,2.168000e+01,6.501000e-01,5.941000e-01,6.487000e-01
3.600000e+01,7.795000e+01,1.003000e+02,1.367000e+02,2.935000e+01,3.676000e+01,2.892000e+01,2.585000e+01,2.461000e+01,2.125000e+01,2.992000e-01,2.734000e-01,2.986000e-01
3.700000e+01,7.537000e+01,9.697000e+01,1.321000e+02,2.778000e+01,3.479000e+01,2.737000e+01,2.447000e+01,2.330000e+01,2.011000e+01,3.025000e-01,2.765000e-01,3.019000e-01
3.800000e+01,7.010000e+01,9.019000e+01,1.229000e+02,3.095000e+01,3.876000e+01,3.050000e+01,2.726000e+01,2.595000e+01,2.241000e+01,6.435000e-01,5.881000e-01,6.421000e-01
3.900000e+01,6.813000e+01,8.766000e+01,1.194000e+02,3.143000e+01,3.936000e+01,3.097000e+01,2.769000e+01,2.636000e+01,2.276000e+01,6.847000e-01,6.257000e-01,6.833000e-01
4.000000e+01,7.201000e+01,9.265000e+01,1.262000e+02,2.525000e+01,3.162000e+01,2.488000e+01,2.224000e+01,2.117000e+01,1.828000e+01,5.747000e-01,5.252000e-01,5.735000e-01
4.100000e+01,6.341000e+01,8.158000e+01,1.112000e+02,3.418000e+01,4.281000e+01,3.368000e+01,3.011000e+01,2.866000e+01,2.475000e+01,3.461000e-01,3.163000e-01,3.454000e-01
4.200000e+01,7.115000e+01,9.154000e+01,1.247000e+02,3.355000e+01,4.202000e+01,3.306000e+01,2.955000e+01,2.814000e+01,2.429000e+01,5.871000e-01,5.366000e-01,5.859000e-01
4.300000e+01,6.015000e+01,7.739000e+01,1.054000e+02,2.806000e+01,3.514000e+01,2.765000e+01,2.472000e+01,2.353000e+01,2.032000e+01,4.743000e-01,4.335000e-01,4.733000e-01
4.400000e+01,6.365000e+01,8.189000e+01,1.116000e+02,3.329000e+01,4.169000e+01,3.280000e+01,2.933000e+01,2.792000e+01,2.410000e+01,1.981000e-01,1.810000e-01,1.977000e-01
4.500000e+01,6.245000e+01,8.035000e+01,1.095000e+02,3.315000e+01,4.152000e+01,3.267000e+01,2.920000e+01,2.780000e+01,2.400000e+01,2.057000e-01,1.880000e-01,2.053000e-01
4.600000e+01,6.667000e+01,8.578000e+01,1.169000e+02,2.956000e+01,3.702000e+01,2.913000e+01,2.604000e+01,2.479000e+01,2.140000e+01,6.122000e-01,5.595000e-01,6.109000e-01
4.700000e+01,7.012000e+01,9.022000e+01,1.229000e+02,3.458000e+01,4.331000e+01,3.408000e+01,3.046000e+01,2.900000e+01,2.504000e+01,4.180000e-01,3.820000e-01,4.171000e-01
4.800000e+01,7.035000e+01,9.051000e+01,1.233000e+02,2.661000e+01,3.333000e+01,2.622000e+01,2.344000e+01,2.232000e+01,1.927000e+01,1.806000e-01,1.651000e-01,1.802000e-01
4.900000e+01,7.219000e+01,9.288000e+01,1.266000e+02,2.806000e+01,3.514000e+01,2.765000e+01,2.472000e+01,2.353000e+01,2.032000e+01,4.254000e-01,3.888000e-01,4.245000e-01
5.000000e+01,6.660000e+01,8.569000e+01,1.168000e+02,2.585000e+01,3.237000e+01,2.547000e+01,2.277000e+01,2.168000e+01,1.872000e+01,7.913000e-01,7.232000e-01,7.896000e-01
5.100000e+01,7.269000e+01,9.352000e+01,1.274000e+02,2.956000e+01,3.702000e+01,2.913000e+01,2.604000e+01,2.479000e+01,2.140000e+01,6.820000e-01,6.233000e-01,6.806000e-01
5.200000e+01,7.904000e+01,1.017000e+02,1.386000e+02,3.354000e+01,4.201000e+01,3.305000e+01,2.955000e+01,2.813000e+01,2.428000e+01,7.937000e-01,7.254000e-01,7.920000e-01
5.300000e+01,6.871000e+01,8.840000e+01,1.205000e+02,2.946000e+01,3.690000e+01,2.903000e+01,2.595000e+01,2.471000e+01,2.133000e+01,5.750000e-01,5.255000e-01,5.738000e-01
5.400000e+01,7.173000e+01,9.229000e+01,1.257000e+02,3.164000e+01,3.963000e+01,3.118000e+01,2.787000e+01,2.653000e+01,2.291000e+01,5.883000e-01,5.376000e-01,5.871000e-01
5.500000e+01,6.920000e+01,8.903000e+01,1.213000e+02,2.904000e+01,3.637000e+01,2.862000e+01,2.558000e+01,2.435000e+01,2.102000e+01,7.754000e-01,7.086000e-01,7.738000e-01
5.600000e+01,7.263000e+01,9.345000e+01,1.273000e+02,3.494000e+01,4.376000e+01,3.443000e+01,3.078000e+01,2.930000e+01,2.530000e+01,4.445000e-01,4.062000e-01,4.436000e-01
5.700000e+01,6.961000e+01,8.956000e+01,1.220000e+02,3.461000e+01,4.335000e+01,3.410000e+01,3.049000e+01,2.902000e+01,2.506000e+01,1.718000e-01,1.570000e-01,1.714000e-01
5.800000e+01,6.282000e+01,8.082000e+01,1.101000e+02,3.111000e+01,3.896000e+01,3.066000e+01,2.740000e+01,2.609000e+01,2.252000e+01,7.935000e-01,7.252000e-01,7.918000e-01
5.900000e+01,6.300000e+01,8.106000e+01,1.104000e+02,3.369000e+01,4.219000e+01,3.320000e+01,2.968000e+01,2.825000e+01,2.439000e+01,5.183000e-01,4.737000e-01,5.172000e-01
6.000000e+01,6.255000e+01,8.048000e+01,1.097000e+02,3.133000e+01,3.924000e+01,3.087000e+01,2.760000e+01,2.627000e+01,2.268000e+01,4.512000e-01,4.124000e-01,4.503000e-01
6.100000e+01,6.165000e+01,7.932000e+01,1.081000e+02,2.642000e+01,3.309000e+01,2.603000e+01,2.327000e+01,2.216000e+01,1.913000e+01,2.122000e-01,1.939000e-01,2.118000e-01
6.200000e+01,6.049000e+01,7.783000e+01,1.060000e+02,2.861000e+01,3.583000e+01,2.819000e+01,2.520000e+01,2.399000e+01,2.071000e+01,7.712000e-01,7.048000e-01,7.696000e-01
6.300000e+01,6.657000e+01,8.565000e+01,1.167000e+02,3.243000e+01,4.062000e+01,3.196000e+01,2.857000e+01,2.720000e+01,2.348000e+01,2.255000e-01,2.061000e-01,2.250000e-01
6.400000e+01,7.876000e+01,1.013000e+02,1.381000e+02,2.938000e+01,3.680000e+01,2.895000e+01,2.588000e+01,2.464000e+01,2.127000e+01,8.479000e-01,7.749000e-01,8.461000e-01
6.500000e+01,6.029000e+01,7.757000e+01,1.057000e+02,2.664000e+01,3.336000e+01,2.625000e+01,2.347000e+01,2.234000e+01,1.929000e+01,4.877000e-01,4.457000e-01,4.867000e-01
6.600000e+01,7.793000e+01,1.003000e+02,1.366000e+02,3.291000e+01,4.122000e+01,3.243000e+01,2.899000e+01,2.760000e+01,2.383000e+01,2.961000e-01,2.706000e-01,2.955000e-01
6.700000e+01,7.733000e+01,9.949000e+01,1.356000e+02,3.274000e+01,4.100000e+01,3.226000e+01,2.884000e+01,2.746000e+01,2.370000e+01,4.310000e-01,3.939000e-01,4.301000e-01
6.800000e+01,7.723000e+01,9.936000e+01,1.354000e+02,3.062000e+01,3.835000e+01,3.017000e+01,2.697000e+01,2.568000e+01,2.217000e+01,4.660000e-01,4.259000e-01,4.650000e-01
6.900000e+01,7.081000e+01,9.110000e+01,1.241000e+02,2.621000e+01,3.283000e+01,2.583000e+01,2.309000e+01,2.198000e+01,1.898000e+01,2.322000e-01,2.122000e-01,2.317000e-01
7.000000e+01,6.282000e+01,8.082000e+01,1.101000e+02,3.336000e+01,4.178000e+01,3.287000e+01,2.939000e+01,2.798000e+01,2.415000e+01,8.456000e-01,7.728000e-01,8.438000e-01
7.100000e+01,7.158000e+01,9.209000e+01,1.255000e+02,2.723000e+01,3.410000e+01,2.683000e+01,2.399000e+01,2.284000e+01,1.971000e+01,5.229000e-01,4.779000e-01,5.218000e-01
7.200000e+01,7.034000e+01,9.050000e+01,1.233000e+02,2.788000e+01,3.492000e+01,2.747000e+01,2.456000e+01,2.338000e+01,2.019000e+01,1.688000e-01,1.543000e-01,1.684000e-01
7.300000e+01,7.638000e+01,9.827000e+01,1.339000e+02,3.103000e+01,3.886000e+01,3.058000e+01,2.733000e+01,2.602000e+01,2.247000e+01,1.676000e-01,1.532000e-01,1.672000e-01
7.400000e+01,7.677000e+01,9.877000e+01,1.346000e+02,3.149000e+01,3.944000e+01,3.103000e+01,2.774000e+01,2.641000e+01,2.280000e+01,3.177000e-01,2.903000e-01,3.170000e-01
7.500000e+01,6.495000e+01,8.356000e+01,1.139000e+02,2.985000e+01,3.738000e+01,2.941000e+01,2.629000e+01,2.503000e+01,2.161000e+01,5.349000e-01,4.888000e-01,5.338000e-01
7.600000e+01,7.456000e+01,9.593000e+01,1.307000e+02,3.032000e+01,3.797000e+01,2.988000e+01,2.671000e+01,2.543000e+01,2.195000e+01,2.759000e-01,2.521000e-01,2.753000e-01
7.700000e+01,7.085000e+01,9.116000e+01,1.242000e+02,3.303000e+01,4.137000e+01,3.255000e+01,2.910000e+01,2.770000e+01,2.391000e+01,7.797000e-01,7.126000e-01,7.781000e-01
7.800000e+01,7.858000e+01,1.011000e+02,1.378000e+02,3.418000e+01,4.281000e+01,3.368000e+01,3.011000e+01,2.866000e+01,2.475000e+01,4.952000e-01,4.526000e-01,4.942000e-01
7.900000e+01,7.042000e+01,9.060000e+01,1.235000e+02,3.342000e+01,4.186000e+01,3.293000e+01,2.944000e+01,2.803000e+01,2.420000e+01,3.857000e-01,3.525000e-01,3.849000e-01
8.000000e+01,7.153000e+01,9.203000e+01,1.254000e+02,2.960000e+01,3.707000e+01,2.917000e+01,2.607000e+01,2.482000e+01,2.143000e+01,4.338000e-01,3.964000e-01,4.329000e-01
8.100000e+01,7.772000e+01,9.999000e+01,1.363000e+02,3.494000e+01,4.376000e+01,3.443000e+01,3.078000e+01,2.930000e+01,2.530000e+01,6.340000e-01,5.794000e-01,6.327000e-01
8.200000e+01,7.748000e+01,9.969000e+01,1.358000e+02,2.731000e+01,3.420000e+01,2.691000e+01,2.406000e+01,2.290000e+01,1.977000e+01,4.275000e-01,3.907000e-01,4.266000e-01
8.300000e+01,7.033000e+01,9.049000e+01,1.233000e+02,2.984000e+01,3.737000e+01,2.940000e+01,2.629000e+01,2.502000e+01,2.160000e+01,4.985000e-01,4.556000e-01,4.975000e-01
8.400000e+01,7.253000e+01,9.332000e+01,1.272000e+02,2.785000e+01,3.488000e+01,2.744000e+01,2.453000e+01,2.336000e+01,2.016000e+01,6.620000e-01,6.050000e-01,6.606000e-01
8.500000e+01,6.296000e+01,8.100000e+01,1.104000e+02,2.585000e+01,3.237000e+01,2.547000e+01,2.277000e+01,2.168000e+01,1.872000e+01,4.253000e-01,3.887000e-01,4.244000e-01
8.600000e+01,6.113000e+01,7.865000e+01,1.072000e+02,3.421000e+01,4.284000e+01,3.371000e+01,3.014000e+01,2.869000e+01,2.477000e+01,5.602000e-01,5.120000e-01,5.590000e-01
8.700000e+01,7.741000e+01,9.960000e+01,1.357000e+02,2.527000e+01,3.165000e+01,2.490000e+01,2.226000e+01,2.119000e+01,1.830000e+01,4.008000e-01,3.663000e-01,4.000000e-01
8.800000e+01,6.823000e+01,8.778000e+01,1.196000e+02,3.454000e+01,4.326000e+01,3.404000e+01,3.043000e+01,2.897000e+01,2.501000e+01,2.287000e-01,2.090000e-01,2.282000e-01
8.900000e+01,7.450000e+01,9.585000e+01,1.306000e+02,3.466000e+01,4.341000e+01,3.415000e+01,3.053000e+01,2.907000e+01,2.509000e+01,3.472000e-01,3.173000e-01,3.465000e-01
9.000000e+01,7.742000e+01,9.961000e+01,1.357000e+02,2.735000e+01,3.425000e+01,2.695000e+01,2.409000e+01,2.294000e+01,1.980000e+01,8.378000e-01,7.657000e-01,8.360000e-01
9.100000e+01,6.402000e+01,8.237000e+01,1.122000e+02,3.127000e+01,3.916000e+01,3.081000e+01,2.755000e+01,2.622000e+01,2.264000e+01,2.538000e-01,2.319000e-01,2.533000e-01
9.200000e+01,7.988000e+01,1.028000e+02,1.400000e+02,2.531000e+01,3.170000e+01,2.494000e+01,2.230000e+01,2.122000e+01,1.832000e+01,6.146000e-01,5.617000e-01,6.133000e-01
9.300000e+01,7.743000e+01,9.962000e+01,1.357000e+02,2.699000e+01,3.380000e+01,2.660000e+01,2.378000e+01,2.263000e+01,1.954000e+01,5.720000e-01,5.228000e-01,5.708000e-01
9.400000e+01,6.668000e+01,8.579000e+01,1.169000e+02,3.341000e+01,4.184000e+01,3.292000e+01,2.943000e+01,2.802000e+01,2.419000e+01,8.310000e-01,7.595000e-01,8.293000e-01
9.500000e+01,6.938000e+01,8.926000e+01,1.216000e+02,2.836000e+01,3.552000e+01,2.795000e+01,2.498000e+01,2.378000e+01,2.053000e+01,2.897000e-01,2.648000e-01,2.891000e-01
9.600000e+01,6.527000e+01,8.398000e+01,1.144000e+02,2.722000e+01,3.409000e+01,2.682000e+01,2.398000e+01,2.283000e+01,1.971000e+01,7.072000e-01,6.463000e-01,7.057000e-01
9.700000e+01,7.195000e+01,9.257000e+01,1.261000e+02,3.374000e+01,4.226000e+01,3.325000e+01,2.972000e+01,2.829000e+01,2.443000e+01,7.583000e-01,6.930000e-01,7.567000e-01
9.800000e+01,7.906000e+01,1.017000e+02,1.386000e+02,3.231000e+01,4.047000e+01,3.184000e+01,2.846000e+01,2.710000e+01,2.339000e+01,2.741000e-01,2.505000e-01,2.735000e-01
9.900000e+01,7.933000e+01,1.021000e+02,1.391000e+02,3.048000e+01,3.817000e+01,3.003000e+01,2.685000e+01,2.556000e+01,2.207000e+01,4.711000e-01,4.305000e-01,4.701000e-01
1.000000e+02,7.043000e+01,9.062000e+01,1.235000e+02,3.091000e+01,3.871000e+01,3.046000e+01,2.723000e+01,2.592000e+01,2.238000e+01,2.196000e-01,2.007000e-01,2.191000e-01
1.010000e+02,6.404000e+01,8.239000e+01,1.123000e+02,2.680000e+01,3.356000e+01,2.641000e+01,2.361000e+01,2.247000e+01,1.940000e+01,1.685000e-01,1.540000e-01,1.681000e-01
1.020000e+02,6.493000e+01,8.354000e+01,1.138000e+02,3.209000e+01,4.019000e+01,3.162000e+01,2.827000e+01,2.691000e+01,2.323000e+01,1.602000e-01,1.464000e-01,1.599000e-01
1.030000e+02,6.423000e+01,8.264000e+01,1.126000e+02,3.198000e+01,4.005000e+01,3.151000e+01,2.817000e+01,2.682000e+01,2.315000e+01,1.652000e-01,1.510000e-01,1.649000e-01
1.040000e+02,6.319000e+01,8.130000e+01,1.108000e+02,2.949000e+01,3.693000e+01,2.906000e+01,2.598000e+01,2.473000e+01,2.135000e+01,1.514000e-01,1.384000e-01,1.511000e-01
1.050000e+02,6.373000e+01,8.200000e+01,1.117000e+02,3.356000e+01,4.203000e+01,3.307000e+01,2.956000e+01,2.814000e+01,2.430000e+01,1.594000e-01,1.457000e-01,1.591000e-01
1.060000e+02,6.395000e+01,8.228000e+01,1.121000e+02,3.312000e+01,4.148000e+01,3.264000e+01,2.918000e+01,2.777000e+01,2.398000e+01,1.518000e-01,1.387000e-01,1.515000e-01
1.070000e+02,6.447000e+01,8.295000e+01,1.130000e+02,3.196000e+01,4.003000e+01,3.149000e+01,2.815000e+01,2.680000e+01,2.314000e+01,1.628000e-01,1.488000e-01,1.625000e-01
1.080000e+02,6.403000e+01,8.238000e+01,1.123000e+02,3.130000e+01,3.920000e+01,3.084000e+01,2.757000e+01,2.625000e+01,2.266000e+01,1.546000e-01,1.413000e-01,1.543000e-01
1.090000e+02,6.464000e+01,8.317000e+01,1.133000e+02,3.411000e+01,4.272000e+01,3.361000e+01,3.005000e+01,2.860000e+01,2.470000e+01,1.636000e-01,1.495000e-01,1.633000e-01
1.100000e+02,6.361000e+01,8.184000e+01,1.115000e+02,2.783000e+01,3.485000e+01,2.742000e+01,2.452000e+01,2.334000e+01,2.015000e+01,1.593000e-01,1.456000e-01,1.590000e-01
1.110000e+02,6.469000e+01,8.323000e+01,1.134000e+02,3.026000e+01,3.790000e+01,2.982000e+01,2.666000e+01,2.538000e+01,2.191000e+01,1.520000e-01,1.389000e-01,1.517000e-01
1.120000e+02,6.402000e+01,8.237000e+01,1.122000e+02,3.268000e+01,4.093000e+01,3.220000e+01,2.879000e+01,2.741000e+01,2.366000e+01,1.586000e-01,1.449000e-01,1.583000e-01
1.130000e+02,6.505000e+01,8.369000e+01,1.140000e+02,2.811000e+01,3.520000e+01,2.770000e+01,2.476000e+01,2.357000e+01,2.035000e+01,1.519000e-01,1.388000e-01,1.516000e-01
1.140000e+02,6.351000e+01,8.171000e+01,1.113000e+02,3.379000e+01,4.232000e+01,3.330000e+01,2.977000e+01,2.834000e+01,2.446000e+01,1.528000e-01,1.396000e-01,1.525000e-01
1.150000e+02,6.447000e+01,8.295000e+01,1.130000e+02,3.214000e+01,4.025000e+01,3.167000e+01,2.831000e+01,2.695000e+01,2.327000e+01,1.655000e-01,1.513000e-01,1.652000e-01
1.160000e+02,6.387000e+01,8.218000e+01,1.120000e+02,3.376000e+01,4.228000e+01,3.327000e+01,2.974000e+01,2.831000e+01,2.444000e+01,1.521000e-01,1.390000e-01,1.518000e-01
1.170000e+02,6.468000e+01,8.322000e+01,1.134000e+02,3.420000e+01,4.283000e+01,3.370000e+01,3.013000e+01,2.868000e+01,2.476000e+01,1.576000e-01,1.440000e-01,1.573000e-01
1.180000e+02,6.384000e+01,8.214000e+01,1.119000e+02,3.043000e+01,3.811000e+01,2.999000e+01,2.681000e+01,2.552000e+01,2.203000e+01,1.531000e-01,1.399000e-01,1.528000e-01
1.190000e+02,6.526000e+01,8.396000e+01,1.144000e+02,2.889000e+01,3.618000e+01,2.847000e+01,2.545000e+01,2.423000e+01,2.092000e+01,1.749000e-01,1.598000e-01,1.745000e-01
1.200000e+02,6.397000e+01,8.230000e+01,1.121000e+02,3.495000e+01,4.377000e+01,3.444000e+01,3.079000e+01,2.931000e+01,2.530000e+01,1.540000e-01,1.407000e-01,1.537000e-01
1.210000e+02,6.410000e+01,8.247000e+01,1.124000e+02,3.151000e+01,3.946000e+01,3.105000e+01,2.776000e+01,2.642000e+01,2.281000e+01,1.563000e-01,1.428000e-01,1.560000e-01
1.220000e+02,6.386000e+01,8.216000e+01,1.120000e+02,2.588000e+01,3.241000e+01,2.550000e+01,2.280000e+01,2.170000e+01,1.874000e+01,1.526000e-01,1.395000e-01,1.523000e-01
1.230000e+02,6.378000e+01,8.206000e+01,1.118000e+02,3.310000e+01,4.145000e+01,3.262000e+01,2.916000e+01,2.776000e+01,2.396000e+01,1.688000e-01,1.543000e-01,1.684000e-01
1.240000e+02,6.480000e+01,8.337000e+01,1.136000e+02,3.061000e+01,3.834000e+01,3.016000e+01,2.696000e+01,2.567000e+01,2.216000e+01,1.581000e-01,1.445000e-01,1.578000e-01
1.250000e+02,6.308000e+01,8.116000e+01,1.106000e+02,3.474000e+01,4.351000e+01,3.423000e+01,3.060000e+01,2.913000e+01,2.515000e+01,4.580000e-01,4.186000e-01,4.570000e-01
1.260000e+02,6.470000e+01,8.324000e+01,1.134000e+02,3.403000e+01,4.262000e+01,3.353000e+01,2.998000e+01,2.854000e+01,2.464000e+01,1.590000e-01,1.453000e-01,1.587000e-01
1.270000e+02,6.400000e+01,8.234000e+01,1.122000e+02,3.234000e+01,4.050000e+01,3.187000e+01,2.849000e+01,2.712000e+01,2.341000e+01,1.680000e-01,1.535000e-01,1.676000e-01
1.280000e+02,6.341000e+01,8.158000e+01,1.112000e+02,2.628000e+01,3.291000e+01,2.590000e+01,2.315000e+01,2.204000e+01,1.903000e+01,1.521000e-01,1.390000e-01,1.518000e-01
1.290000e+02,6.434000e+01,8.278000e+01,1.128000e+02,3.328000e+01,4.168000e+01,3.279000e+01,2.932000e+01,2.791000e+01,2.409000e+01,1.618000e-01,1.479000e-01,1.615000e-01
1.300000e+02,6.649000e+01,8.555000e+01,1.166000e+02,3.128000e+01,3.918000e+01,3.082000e+01,2.755000e+01,2.623000e+01,2.265000e+01,1.656000e-01,1.513000e-01,1.653000e-01
1.310000e+02,6.375000e+01,8.202000e+01,1.118000e+02,2.841000e+01,3.558000e+01,2.800000e+01,2.503000e+01,2.382000e+01,2.057000e+01,1.567000e-01,1.432000e-01,1.564000e-01
1.320000e+02,6.387000e+01,8.218000e+01,1.120000e+02,3.055000e+01,3.826000e+01,3.010000e+01,2.691000e+01,2.562000e+01,2.212000e+01,1.569000e-01,1.434000e-01,1.566000e-01
1.330000e+02,6.298000e+01,8.103000e+01,1.104000e+02,3.299000e+01,4.132000e+01,3.251000e+01,2.906000e+01,2.767000e+01,2.388000e+01,1.516000e-01,1.385000e-01,1.513000e-01
1.340000e+02,6.414000e+01,8.252000e+01,1.124000e+02,3.113000e+01,3.899000e+01,3.068000e+01,2.742000e+01,2.611000e+01,2.254000e+01,1.517000e-01,1.386000e-01,1.514000e-01
1.350000e+02,6.422000e+01,8.263000e+01,1.126000e+02,3.455000e+01,4.327000e+01,3.405000e+01,3.044000e+01,2.897000e+01,2.501000e+01,1.566000e-01,1.431000e-01,1.563000e-01
1.360000e+02,6.442000e+01,8.288000e+01,1.129000e+02,2.775000e+01,3.475000e+01,2.734000e+01,2.444000e+01,2.327000e+01,2.009000e+01,1.594000e-01,1.457000e-01,1.591000e-01
1.370000e+02,6.305000e+01,8.112000e+01,1.105000e+02,3.392000e+01,4.248000e+01,3.342000e+01,2.988000e+01,2.845000e+01,2.456000e+01,1.559000e-01,1.425000e-01,1.556000e-01
1.380000e+02,6.494000e+01,8.355000e+01,1.138000e+02,2.543000e+01,3.185000e+01,2.506000e+01,2.240000e+01,2.133000e+01,1.841000e+01,1.520000e-01,1.389000e-01,1.517000e-01
1.390000e+02,6.380000e+01,8.209000e+01,1.118000e+02,3.162000e+01,3.960000e+01,3.116000e+01,2.785000e+01,2.652000e+01,2.289000e+01,1.518000e-01,1.387000e-01,1.515000e-01
1.400000e+02,6.368000e+01,8.193000e+01,1.116000e+02,3.448000e+01,4.318000e+01,3.398000e+01,3.037000e+01,2.891000e+01,2.496000e+01,1.615000e-01,1.476000e-01,1.612000e-01
1.410000e+02,6.450000e+01,8.299000e+01,1.131000e+02,3.260000e+01,4.083000e+01,3.212000e+01,2.872000e+01,2.734000e+01,2.360000e+01,1.621000e-01,1.481000e-01,1.618000e-01
1.420000e+02,6.379000e+01,8.207000e+01,1.118000e+02,3.395000e+01,4.252000e+01,3.345000e+01,2.991000e+01,2.847000e+01,2.458000e+01,1.556000e-01,1.422000e-01,1.553000e-01
1.430000e+02,6.291000e+01,8.094000e+01,1.103000e+02,2.913000e+01,3.648000e+01,2.870000e+01,2.566000e+01,2.443000e+01,2.109000e+01,1.622000e-01,1.482000e-01,1.619000e-01
1.440000e+02,6.485000e+01,8.344000e+01,1.137000e+02,3.290000e+01,4.120000e+01,3.242000e+01,2.898000e+01,2.759000e+01,2.382000e+01,1.518000e-01,1.387000e-01,1.515000e-01
1.450000e+02,6.446000e+01,8.293000e+01,1.130000e+02,2.973000e+01,3.723000e+01,2.930000e+01,2.619000e+01,2.493000e+01,2.152000e+01,1.822000e-01,1.665000e-01,1.818000e-01
1.460000e+02,6.369000e+01,8.194000e+01,1.117000e+02,2.871000e+01,3.596000e+01,2.829000e+01,2.529000e+01,2.408000e+01,2.079000e+01,1.575000e-01,1.439000e-01,1.572000e-01
1.470000e+02,6.335000e+01,8.151000e+01,1.111000e+02,3.302000e+01,4.135000e+01,3.254000e+01,2.909000e+01,2.769000e+01,2.391000e+01,1.577000e-01,1.441000e-01,1.574000e-01
1.480000e+02,6.330000e+01,8.144000e+01,1.110000e+02,3.186000e+01,3.990000e+01,3.139000e+01,2.807000e+01,2.672000e+01,2.307000e+01,1.543000e-01,1.410000e-01,1.540000e-01
1.490000e+02,6.447000e+01,8.295000e+01,1.130000e+02,3.430000e+01,4.296000e+01,3.380000e+01,3.021000e+01,2.876000e+01,2.483000e+01,1.608000e-01,1.470000e-01,1.605000e-01
1.500000e+02,6.403000e+01,8.238000e+01,1.123000e+02,2.863000e+01,3.586000e+01,2.821000e+01,2.522000e+01,2.401000e+01,2.073000e+01,1.609000e-01,1.470000e-01,1.606000e-01
1.510000e+02,6.289000e+01,8.091000e+01,1.103000e+02,2.923000e+01,3.661000e+01,2.880000e+01,2.575000e+01,2.451000e+01,2.116000e+01,1.545000e-01,1.412000e-01,1.542000e-01
1.520000e+02,6.331000e+01,8.145000e+01,1.110000e+02,3.227000e+01,4.041000e+01,3.180000e+01,2.843000e+01,2.706000e+01,2.336000e+01,1.536000e-01,1.404000e-01,1.533000e-01
1.530000e+02,6.388000e+01,8.219000e+01,1.120000e+02,2.695000e+01,3.375000e+01,2.656000e+01,2.374000e+01,2.260000e+01,1.951000e+01,1.697000e-01,1.551000e-01,1.693000e-01
1.540000e+02,6.310000e+01,8.118000e+01,1.106000e+02,3.490000e+01,4.371000e+01,3.439000e+01,3.074000e+01,2.927000e+01,2.527000e+01,1.525000e-01,1.394000e-01,1.522000e-01
1.550000e+02,6.434000e+01,8.278000e+01,1.128000e+02,2.919000e+01,3.656000e+01,2.876000e+01,2.571000e+01,2.448000e+01,2.113000e+01,1.604000e-01,1.466000e-01,1.601000e-01
1.560000e+02,6.438000e+01,8.283000e+01,1.129000e+02,3.086000e+01,3.865000e+01,3.041000e+01,2.718000e+01,2.588000e+01,2.234000e+01,1.843000e-01,1.684000e-01,1.839000e-01
1.570000e+02,6.396000e+01,8.229000e+01,1.121000e+02,2.829000e+01,3.543000e+01,2.788000e+01,2.492000e+01,2.372000e+01,2.048000e+01,1.574000e-01,1.438000e-01,1.571000e-01
1.580000e+02,6.376000e+01,8.203000e+01,1.118000e+02,3.243000e+01,4.062000e+01,3.196000e+01,2.857000e+01,2.720000e+01,2.348000e+01,1.522000e-01,1.391000e-01,1.519000e-01
1.590000e+02,6.376000e+01,8.203000e+01,1.118000e+02,3.389000e+01,4.244000e+01,3.340000e+01,2.985000e+01,2.842000e+01,2.454000e+01,1.540000e-01,1.407000e-01,1.537000e-01
1.600000e+02,6.443000e+01,8.290000e+01,1.130000e+02,3.289000e+01,4.119000e+01,3.241000e+01,2.897000e+01,2.758000e+01,2.381000e+01,2.196000e-01,2.007000e-01,2.191000e-01
1.610000e+02,6.421000e+01,8.261000e+01,1.126000e+02,3.197000e+01,4.004000e+01,3.150000e+01,2.816000e+01,2.681000e+01,2.315000e+01,1.629000e-01,1.489000e-01,1.626000e-01
1.620000e+02,6.353000e+01,8.174000e+01,1.114000e+02,3.462000e+01,4.336000e+01,3.411000e+01,3.050000e+01,2.903000e+01,2.506000e+01,1.644000e-01,1.502000e-01,1.641000e-01
1.630000e+02,6.429000e+01,8.272000e+01,1.127000e+02,3.017000e+01,3.778000e+01,2.973000e+01,2.658000e+01,2.530000e+01,2.184000e+01,1.536000e-01,1.404000e-01,1.533000e-01
1.640000e+02,6.251000e+01,8.043000e+01,1.096000e+02,3.450000e+01,4.321000e+01,3.400000e+01,3.039000e+01,2.893000e+01,2.498000e+01,1.714000e-01,1.566000e-01,1.710000e-01
1.650000e+02,6.395000e+01,8.228000e+01,1.121000e+02,3.072000e+01,3.847000e+01,3.027000e+01,2.706000e+01,2.576000e+01,2.224000e+01,1.655000e-01,1.513000e-01,1.652000e-01
1.660000e+02,6.455000e+01,8.305000e+01,1.132000e+02,3.409000e+01,4.269000e+01,3.359000e+01,3.003000e+01,2.859000e+01,2.468000e+01,1.544000e-01,1.411000e-01,1.541000e-01
1.670000e+02,6.475000e+01,8.331000e+01,1.135000e+02,2.669000e+01,3.343000e+01,2.630000e+01,2.351000e+01,2.238000e+01,1.932000e+01,1.572000e-01,1.437000e-01,1.569000e-01
1.680000e+02,6.456000e+01,8.306000e+01,1.132000e+02,3.481000e+01,4.360000e+01,3.430000e+01,3.066000e+01,2.919000e+01,2.520000e+01,1.556000e-01,1.422000e-01,1.553000e-01
1.690000e+02,6.290000e+01,8.093000e+01,1.103000e+02,3.344000e+01,4.188000e+01,3.295000e+01,2.946000e+01,2.804000e+01,2.421000e+01,1.559000e-01,1.425000e-01,1.556000e-01
1.700000e+02,6.425000e+01,8.266000e+01,1.126000e+02,3.427000e+01,4.292000e+01,3.377000e+01,3.019000e+01,2.874000e+01,2.481000e+01,1.511000e-01,1.381000e-01,1.508000e-01
1.710000e+02,6.353000e+01,8.174000e+01,1.114000e+02,3.330000e+01,4.170000e+01,3.281000e+01,2.933000e+01,2.793000e+01,2.411000e+01,1.598000e-01,1.460000e-01,1.595000e-01
1.720000e+02,6.278000e+01,8.077000e+01,1.101000e+02,3.120000e+01,3.907000e+01,3.074000e+01,2.748000e+01,2.616000e+01,2.259000e+01,1.578000e-01,1.442000e-01,1.575000e-01
1.730000e+02,6.468000e+01,8.322000e+01,1.134000e+02,3.463000e+01,4.337000e+01,3.412000e+01,3.051000e+01,2.904000e+01,2.507000e+01,1.959000e-01,1.790000e-01,1.955000e-01
1.740000e+02,6.474000e+01,8.329000e+01,1.135000e+02,3.429000e+01,4.294000e+01,3.379000e+01,3.021000e+01,2.876000e+01,2.483000e+01,1.525000e-01,1.394000e-01,1.522000e-01
1.750000e+02,6.468000e+01,8.322000e+01,1.134000e+02,3.269000e+01,4.094000e+01,3.221000e+01,2.880000e+01,2.741000e+01,2.367000e+01,1.521000e-01,1.390000e-01,1.518000e-01
1.760000e+02,6.390000e+01,8.221000e+01,1.120000e+02,3.333000e+01,4.174000e+01,3.284000e+01,2.936000e+01,2.795000e+01,2.413000e+01,1.544000e-01,1.411000e-01,1.541000e-01
1.770000e+02,6.470000e+01,8.324000e+01,1.134000e+02,3.309000e+01,4.144000e+01,3.261000e+01,2.915000e+01,2.775000e+01,2.396000e+01,1.605000e-01,1.467000e-01,1.602000e-01
1.780000e+02,6.399000e+01,8.233000e+01,1.122000e+02,2.712000e+01,3.397000e+01,2.672000e+01,2.389000e+01,2.274000e+01,1.963000e+01,2.107000e-01,1.926000e-01,2.103000e-01
1.790000e+02,6.306000e+01,8.113000e+01,1.106000e+02,3.413000e+01,4.274000e+01,3.363000e+01,3.007000e+01,2.862000e+01,2.471000e+01,1.580000e-01,1.444000e-01,1.577000e-01
1.800000e+02,6.478000e+01,8.335000e+01,1.136000e+02,3.227000e+01,4.041000e+01,3.180000e+01,2.843000e+01,2.706000e+01,2.336000e+01,1.517000e-01,1.386000e-01,1.514000e-01
1.810000e+02,6.410000e+01,8.247000e+01,1.124000e+02,2.593000e+01,3.247000e+01,2.555000e+01,2.284000e+01,2.174000e+01,1.877000e+01,1.531000e-01,1.399000e-01,1.528000e-01
1.820000e+02,6.375000e+01,8.202000e+01,1.118000e+02,3.078000e+01,3.855000e+01,3.033000e+01,2.711000e+01,2.581000e+01,2.228000e+01,1.540000e-01,1.407000e-01,1.537000e-01
1.830000e+02,6.419000e+01,8.259000e+01,1.125000e+02,2.749000e+01,3.443000e+01,2.709000e+01,2.422000e+01,2.305000e+01,1.990000e+01,1.613000e-01,1.474000e-01,1.610000e-01
1.840000e+02,6.445000e+01,8.292000e+01,1.130000e+02,3.470000e+01,4.346000e+01,3.419000e+01,3.057000e+01,2.910000e+01,2.512000e+01,1.581000e-01,1.445000e-01,1.578000e-01
1.850000e+02,6.373000e+01,8.200000e+01,1.117000e+02,3.463000e+01,4.337000e+01,3.412000e+01,3.051000e+01,2.904000e+01,2.507000e+01,1.517000e-01,1.386000e-01,1.514000e-01
1.860000e+02,6.420000e+01,8.260000e+01,1.125000e+02,2.592000e+01,3.246000e+01,2.554000e+01,2.283000e+01,2.174000e+01,1.877000e+01,1.554000e-01,1.420000e-01,1.551000e-01
1.870000e+02,6.453000e+01,8.302000e+01,1.131000e+02,3.380000e+01,4.233000e+01,3.331000e+01,2.977000e+01,2.834000e+01,2.447000e+01,1.619000e-01,1.480000e-01,1.616000e-01
1.880000e+02,6.463000e+01,8.315000e+01,1.133000e+02,3.039000e+01,3.806000e+01,2.995000e+01,2.677000e+01,2.549000e+01,2.200000e+01,1.876000e-01,1.714000e-01,1.872000e-01
1.890000e+02,6.378000e+01,8.206000e+01,1.118000e+02,3.374000e+01,4.226000e+01,3.325000e+01,2.972000e+01,2.829000e+01,2.443000e+01,1.539000e-01,1.406000e-01,1.536000e-01
1.900000e+02,6.361000e+01,8.184000e+01,1.115000e+02,2.893000e+01,3.623000e+01,2.851000e+01,2.548000e+01,2.426000e+01,2.095000e+01,1.822000e-01,1.665000e-01,1.818000e-01
1.910000e+02,6.357000e+01,8.179000e+01,1.114000e+02,2.542000e+01,3.184000e+01,2.505000e+01,2.239000e+01,2.132000e+01,1.840000e+01,1.628000e-01,1.488000e-01,1.625000e-01
1.920000e+02,6.344000e+01,8.162000e+01,1.112000e+02,3.359000e+01,4.207000e+01,3.310000e+01,2.959000e+01,2.817000e+01,2.432000e+01,1.516000e-01,1.385000e-01,1.513000e-01
1.930000e+02,6.458000e+01,8.309000e+01,1.132000e+02,3.282000e+01,4.110000e+01,3.234000e+01,2.891000e+01,2.752000e+01,2.376000e+01,1.563000e-01,1.428000e-01,1.560000e-01
1.940000e+02,6.484000e+01,8.342000e+01,1.137000e+02,2.798000e+01,3.504000e+01,2.757000e+01,2.465000e+01,2.346000e+01,2.026000e+01,1.587000e-01,1.450000e-01,1.584000e-01
1.950000e+02,6.388000e+01,8.219000e+01,1.120000e+02,2.971000e+01,3.721000e+01,2.928000e+01,2.617000e+01,2.491000e+01,2.151000e+01,1.621000e-01,1.481000e-01,1.618000e-01
1.960000e+02,6.485000e+01,8.344000e+01,1.137000e+02,3.219000e+01,4.031000e+01,3.172000e+01,2.836000e+01,2.699000e+01,2.331000e+01,1.538000e-01,1.406000e-01,1.535000e-01
1.970000e+02,6.450000e+01,8.299000e+01,1.131000e+02,3.393000e+01,4.249000e+01,3.343000e+01,2.989000e+01,2.845000e+01,2.457000e+01,1.562000e-01,1.428000e-01,1.559000e-01
1.980000e+02,6.456000e+01,8.306000e+01,1.132000e+02,3.285000e+01,4.114000e+01,3.237000e+01,2.894000e+01,2.755000e+01,2.378000e+01,1.544000e-01,1.411000e-01,1.541000e-01
1.990000e+02,6.502000e+01,8.365000e+01,1.140000e+02,2.744000e+01,3.437000e+01,2.704000e+01,2.417000e+01,2.301000e+01,1.987000e+01,1.925000e-01,1.759000e-01,1.921000e-01
2.000000e+02,6.412000e+01,8.250000e+01,1.124000e+02,2.789000e+01,3.493000e+01,2.748000e+01,2.457000e+01,2.339000e+01,2.019000e+01,1.608000e-01,1.470000e-01,1.605000e-01
2.010000e+02,6.448000e+01,8.296000e+01,1.130000e+02,3.216000e+01,4.028000e+01,3.169000e+01,2.833000e+01,2.697000e+01,2.328000e+01,1.562000e-01,1.428000e-01,1.559000e-01
2.020000e+02,6.465000e+01,8.318000e+01,1.133000e+02,2.530000e+01,3.169000e+01,2.493000e+01,2.229000e+01,2.122000e+01,1.832000e+01,1.726000e-01,1.577000e-01,1.722000e-01
2.030000e+02,6.534000e+01,8.407000e+01,1.145000e+02,3.077000e+01,3.854000e+01,3.032000e+01,2.711000e+01,2.580000e+01,2.228000e+01,1.569000e-01,1.434000e-01,1.566000e-01
2.040000e+02,6.478000e+01,8.335000e+01,1.136000e+02,2.548000e+01,3.191000e+01,2.511000e+01,2.245000e+01,2.137000e+01,1.845000e+01,1.521000e-01,1.390000e-01,1.518000e-01
2.050000e+02,6.301000e+01,8.107000e+01,1.105000e+02,2.896000e+01,3.627000e+01,2.854000e+01,2.551000e+01,2.429000e+01,2.097000e+01,1.570000e-01,1.435000e-01,1.567000e-01
2.060000e+02,6.442000e+01,8.288000e+01,1.129000e+02,3.441000e+01,4.310000e+01,3.391000e+01,3.031000e+01,2.886000e+01,2.491000e+01,1.641000e-01,1.500000e-01,1.638000e-01
2.070000e+02,6.463000e+01,8.315000e+01,1.133000e+02,2.677000e+01,3.353000e+01,2.638000e+01,2.358000e+01,2.245000e+01,1.938000e+01,1.602000e-01,1.464000e-01,1.599000e-01
2.080000e+02,6.429000e+01,8.272000e+01,1.127000e+02,2.921000e+01,3.658000e+01,2.878000e+01,2.573000e+01,2.450000e+01,2.115000e+01,1.636000e-01,1.495000e-01,1.633000e-01
2.090000e+02,6.416000e+01,8.255000e+01,1.125000e+02,3.480000e+01,4.358000e+01,3.429000e+01,3.066000e+01,2.918000e+01,2.520000e+01,1.634000e-01,1.493000e-01,1.631000e-01
2.100000e+02,6.319000e+01,8.130000e+01,1.108000e+02,3.028000e+01,3.792000e+01,2.984000e+01,2.667000e+01,2.539000e+01,2.192000e+01,1.664000e-01,1.521000e-01,1.661000e-01
2.110000e+02,6.443000e+01,8.290000e+01,1.130000e+02,3.076000e+01,3.852000e+01,3.031000e+01,2.710000e+01,2.580000e+01,2.227000e+01,1.635000e-01,1.494000e-01,1.632000e-01
2.120000e+02,6.469000e+01,8.323000e+01,1.134000e+02,2.719000e+01,3.405000e+01,2.679000e+01,2.395000e+01,2.280000e+01,1.969000e+01,1.580000e-01,1.444000e-01,1.577000e-01
2.130000e+02,6.360000e+01,8.183000e+01,1.115000e+02,2.682000e+01,3.359000e+01,2.643000e+01,2.363000e+01,2.249000e+01,1.942000e+01,1.577000e-01,1.441000e-01,1.574000e-01
2.140000e+02,6.468000e+01,8.322000e+01,1.134000e+02,2.640000e+01,3.306000e+01,2.601000e+01,2.326000e+01,2.214000e+01,1.911000e+01,1.664000e-01,1.521000e-01,1.661000e-01
2.150000e+02,6.429000e+01,8.272000e+01,1.127000e+02,2.648000e+01,3.316000e+01,2.609000e+01,2.333000e+01,2.221000e+01,1.917000e+01,2.486000e-01,2.272000e-01,2.481000e-01
2.160000e+02,6.476000e+01,8.332000e+01,1.135000e+02,3.043000e+01,3.811000e+01,2.999000e+01,2.681000e+01,2.552000e+01,2.203000e+01,1.559000e-01,1.425000e-01,1.556000e-01
2.170000e+02,6.495000e+01,8.356000e+01,1.139000e+02,3.258000e+01,4.080000e+01,3.210000e+01,2.870000e+01,2.732000e+01,2.359000e+01,1.622000e-01,1.482000e-01,1.619000e-01
2.180000e+02,6.393000e+01,8.225000e+01,1.121000e+02,3.071000e+01,3.846000e+01,3.026000e+01,2.705000e+01,2.575000e+01,2.223000e+01,1.717000e-01,1.569000e-01,1.713000e-01
2.190000e+02,6.372000e+01,8.198000e+01,1.117000e+02,2.727000e+01,3.415000e+01,2.687000e+01,2.402000e+01,2.287000e+01,1.974000e+01,2.184000e-01,1.996000e-01,2.179000e-01
2.200000e+02,6.311000e+01,8.120000e+01,1.106000e+02,3.252000e+01,4.073000e+01,3.205000e+01,2.865000e+01,2.727000e+01,2.354000e+01,1.706000e-01,1.559000e-01,1.702000e-01
2.210000e+02,6.389000e+01,8.220000e+01,1.120000e+02,3.113000e+01,3.899000e+01,3.068000e+01,2.742000e+01,2.611000e+01,2.254000e+01,1.664000e-01,1.521000e-01,1.661000e-01
2.220000e+02,6.395000e+01,8.228000e+01,1.121000e+02,2.559000e+01,3.205000e+01,2.522000e+01,2.254000e+01,2.146000e+01,1.853000e+01,1.659000e-01,1.516000e-01,1.656000e-01
2.230000e+02,6.342000e+01,8.160000e+01,1.112000e+02,2.780000e+01,3.482000e+01,2.739000e+01,2.449000e+01,2.331000e+01,2.013000e+01,1.690000e-01,1.544000e-01,1.686000e-01
2.240000e+02,6.429000e+01,8.272000e+01,1.127000e+02,3.469000e+01,4.345000e+01,3.418000e+01,3.056000e+01,2.909000e+01,2.512000e+01,1.509000e-01,1.379000e-01,1.506000e-01
2.250000e+02,6.385000e+01,8.215000e+01,1.119000e+02,3.352000e+01,4.198000e+01,3.303000e+01,2.953000e+01,2.811000e+01,2.427000e+01,1.694000e-01,1.548000e-01,1.690000e-01
2.260000e+02,6.427000e+01,8.269000e+01,1.127000e+02,3.420000e+01,4.283000e+01,3.370000e+01,3.013000e+01,2.868000e+01,2.476000e+01,1.630000e-01,1.490000e-01,1.627000e-01
2.270000e+02,6.345000e+01,8.163000e+01,1.112000e+02,3.160000e+01,3.958000e+01,3.114000e+01,2.784000e+01,2.650000e+01,2.288000e+01,1.892000e-01,1.729000e-01,1.888000e-01
2.280000e+02,6.313000e+01,8.122000e+01,1.107000e+02,2.666000e+01,3.339000e+01,2.627000e+01,2.348000e+01,2.236000e+01,1.930000e+01,1.585000e-01,1.449000e-01,1.582000e-01
2.290000e+02,6.493000e+01,8.354000e+01,1.138000e+02,3.218000e+01,4.030000e+01,3.171000e+01,2.835000e+01,2.699000e+01,2.330000e+01,1.766000e-01,1.614000e-01,1.762000e-01
2.300000e+02,6.342000e+01,8.160000e+01,1.112000e+02,2.523000e+01,3.160000e+01,2.486000e+01,2.223000e+01,2.116000e+01,1.827000e+01,1.631000e-01,1.491000e-01,1.628000e-01
2.310000e+02,6.365000e+01,8.189000e+01,1.116000e+02,3.023000e+01,3.786000e+01,2.979000e+01,2.663000e+01,2.535000e+01,2.189000e+01,1.794000e-01,1.640000e-01,1.790000e-01
2.320000e+02,6.330000e+01,8.144000e+01,1.110000e+02,2.739000e+01,3.430000e+01,2.699000e+01,2.413000e+01,2.297000e+01,1.983000e+01,1.581000e-01,1.445000e-01,1.578000e-01
2.330000e+02,6.286000e+01,8.088000e+01,1.102000e+02,2.514000e+01,3.149000e+01,2.477000e+01,2.215000e+01,2.108000e+01,1.820000e+01,2.099000e-01,1.918000e-01,2.095000e-01
2.340000e+02,6.433000e+01,8.277000e+01,1.128000e+02,2.994000e+01,3.750000e+01,2.950000e+01,2.637000e+01,2.511000e+01,2.168000e+01,1.756000e-01,1.605000e-01,1.752000e-01
2.350000e+02,6.454000e+01,8.304000e+01,1.131000e+02,3.069000e+01,3.844000e+01,3.024000e+01,2.703000e+01,2.574000e+01,2.222000e+01,1.545000e-01,1.412000e-01,1.542000e-01
2.360000e+02,6.291000e+01,8.094000e+01,1.103000e+02,3.394000e+01,4.251000e+01,3.344000e+01,2.990000e+01,2.846000e+01,2.457000e+01,1.531000e-01,1.399000e-01,1.528000e-01
2.370000e+02,6.367000e+01,8.192000e+01,1.116000e+02,2.797000e+01,3.503000e+01,2.756000e+01,2.464000e+01,2.346000e+01,2.025000e+01,1.721000e-01,1.573000e-01,1.717000e-01
2.380000e+02,6.383000e+01,8.212000e+01,1.119000e+02,2.853000e+01,3.573000e+01,2.811000e+01,2.513000e+01,2.393000e+01,2.066000e+01,1.523000e-01,1.392000e-01,1.520000e-01
2.390000e+02,6.343000e+01,8.161000e+01,1.112000e+02,2.790000e+01,3.494000e+01,2.749000e+01,2.458000e+01,2.340000e+01,2.020000e+01,2.085000e-01,1.905000e-01,2.081000e-01
2.400000e+02,6.372000e+01,8.198000e+01,1.117000e+02,3.134000e+01,3.925000e+01,3.088000e+01,2.761000e+01,2.628000e+01,2.269000e+01,1.828000e-01,1.671000e-01,1.824000e-01
2.410000e+02,6.440000e+01,8.286000e+01,1.129000e+02,3.024000e+01,3.787000e+01,2.980000e+01,2.664000e+01,2.536000e+01,2.189000e+01,1.556000e-01,1.422000e-01,1.553000e-01
2.420000e+02,6.378000e+01,8.206000e+01,1.118000e+02,3.314000e+01,4.150000e+01,3.266000e+01,2.919000e+01,2.779000e+01,2.399000e+01,1.545000e-01,1.412000e-01,1.542000e-01
2.430000e+02,6.396000e+01,8.229000e+01,1.121000e+02,3.166000e+01,3.965000e+01,3.120000e+01,2.789000e+01,2.655000e+01,2.292000e+01,1.521000e-01,1.390000e-01,1.518000e-01
2.440000e+02,6.387000e+01,8.218000e+01,1.120000e+02,2.806000e+01,3.514000e+01,2.765000e+01,2.472000e+01,2.353000e+01,2.032000e+01,1.913000e-01,1.748000e-01,1.909000e-01
2.450000e+02,6.269000e+01,8.066000e+01,1.099000e+02,2.646000e+01,3.314000e+01,2.607000e+01,2.331000e+01,2.219000e+01,1.916000e+01,1.572000e-01,1.437000e-01,1.569000e-01
2.460000e+02,6.368000e+01,8.193000e+01,1.116000e+02,2.925000e+01,3.663000e+01,2.882000e+01,2.577000e+01,2.453000e+01,2.118000e+01,1.535000e-01,1.403000e-01,1.532000e-01
2.470000e+02,6.501000e+01,8.364000e+01,1.140000e+02,3.425000e+01,4.289000e+01,3.375000e+01,3.017000e+01,2.872000e+01,2.480000e+01,1.554000e-01,1.420000e-01,1.551000e-01
2.480000e+02,6.401000e+01,8.236000e+01,1.122000e+02,2.717000e+01,3.403000e+01,2.677000e+01,2.393000e+01,2.278000e+01,1.967000e+01,1.537000e-01,1.405000e-01,1.534000e-01
2.490000e+02,6.314000e+01,8.124000e+01,1.107000e+02,2.843000e+01,3.561000e+01,2.801000e+01,2.504000e+01,2.384000e+01,2.058000e+01,1.523000e-01,1.392000e-01,1.520000e-01
2.500000e+02,6.358000e+01,8.180000e+01,1.115000e+02,2.592000e+01,3.246000e+01,2.554000e+01,2.283000e+01,2.174000e+01,1.877000e+01,1.603000e-01,1.465000e-01,1.600000e-01
2.510000e+02,6.324000e+01,8.136000e+01,1.109000e+02,2.756000e+01,3.452000e+01,2.716000e+01,2.428000e+01,2.311000e+01,1.995000e+01,1.762000e-01,1.610000e-01,1.758000e-01
2.520000e+02,6.437000e+01,8.282000e+01,1.128000e+02,2.822000e+01,3.534000e+01,2.781000e+01,2.486000e+01,2.367000e+01,2.043000e+01,1.766000e-01,1.614000e-01,1.762000e-01
2.530000e+02,6.376000e+01,8.203000e+01,1.118000e+02,3.221000e+01,4.034000e+01,3.174000e+01,2.837000e+01,2.701000e+01,2.332000e+01,1.519000e-01,1.388000e-01,1.516000e-01
2.540000e+02,6.403000e+01,8.238000e+01,1.123000e+02,3.466000e+01,4.341000e+01,3.415000e+01,3.053000e+01,2.907000e+01,2.509000e+01,1.585000e-01,1.449000e-01,1.582000e-01
2.550000e+02,6.470000e+01,8.324000e+01,1.134000e+02,3.411000e+01,4.272000e+01,3.361000e+01,3.005000e+01,2.860000e+01,2.470000e+01,1.575000e-01,1.439000e-01,1.572000e-01
2.560000e+02,6.549000e+01,8.426000e+01,1.148000e+02,2.913000e+01,3.648000e+01,2.870000e+01,2.566000e+01,2.443000e+01,2.109000e+01,1.579000e-01,1.443000e-01,1.576000e-01
