# step_count,bc_1,bc_2,bc_3,ac_1,ac_2,ac_3,ac_4,ac_5,ac_6,ic_1,ic_2,ic_3
1.000000e+00,7.264000e+01,9.346000e+01,1.273000e+02,3.057000e+01,3.829000e+01,3.012000e+01,2.693000e+01,2.564000e+01,2.213000e+01,1.928000e-01,1.762000e-01,1.924000e-01
2.000000e+00,6.676000e+01,8.589000e+01,1.170000e+02,3.241000e+01,4.059000e+01,3.194000e+01,2.855000e+01,2.718000e+01,2.346000e+01,5.073000e-01,4.636000e-01,5.062000e-01
3.000000e+00,7.765000e+01,9.990000e+01,1.361000e+02,2.608000e+01,3.266000e+01,2.570000e+01,2.297000e+01,2.187000e+01,1.888000e+01,3.933000e-01,3.594000e-01,3.925000e-01
4.000000e+00,7.937000e+01,1.021000e+02,1.391000e+02,2.907000e+01,3.641000e+01,2.865000e+01,2.561000e+01,2.438000e+01,2.105000e+01,8.173000e-01,7.469000e-01,8.156000e-01
5.000000e+00,7.544000e+01,9.706000e+01,1.323000e+02,2.843000e+01,3.561000e+01,2.801000e+01,2.504000e+01,2.384000e+01,2.058000e+01,4.307000e-01,3.936000e-01,4.298000e-01
6.000000e+00,6.267000e+01,8.063000e+01,1.099000e+02,3.344000e+01,4.188000e+01,3.295000e+01,2.946000e+01,2.804000e+01,2.421000e+01,2.141000e-01,1.957000e-01,2.137000e-01
7.000000e+00,6.316000e+01,8.126000e+01,1.107000e+02,3.138000e+01,3.930000e+01,3.092000e+01,2.764000e+01,2.632000e+01,2.272000e+01,2.308000e-01,2.109000e-01,2.303000e-01
8.000000e+00,7.876000e+01,1.013000e+02,1.381000e+02,2.968000e+01,3.717000e+01,2.925000e+01,2.615000e+01,2.489000e+01,2.149000e+01,3.493000e-01,3.192000e-01,3.486000e-01
9.000000e+00,6.832000e+01,8.790000e+01,1.198000e+02,2.698000e+01,3.379000e+01,2.659000e+01,2.377000e+01,2.263000e+01,1.953000e+01,5.341000e-01,4.881000e-01,5.330000e-01
1.000000e+01,6.859000e+01,8.825000e+01,1.202000e+02,3.466000e+01,4.341000e+01,3.415000e+01,3.053000e+01,2.907000e+01,2.509000e+01,4.931000e-01,4.506000e-01,4.921000e-01
1.100000e+01,7.096000e+01,9.130000e+01,1.244000e+02,3.149000e+01,3.944000e+01,3.103000e+01,2.774000e+01,2.641000e+01,2.280000e+01,4.465000e-01,4.081000e-01,4.456000e-01
1.200000e+01,6.461000e+01,8.313000e+01,1.133000e+02,2.789000e+01,3.493000e+01,2.748000e+01,2.457000e+01,2.339000e+01,2.019000e+01,7.569000e-01,6.917000e-01,7.553000e-01
1.300000e+01,6.864000e+01,8.831000e+01,1.203000e+02,3.022000e+01,3.785000e+01,2.978000e+01,2.662000e+01,2.534000e+01,2.188000e+01,8.006000e-01,7.317000e-01,7.989000e-01
1.400000e+01,7.867000e+01,1.012000e+02,1.379000e+02,2.868000e+01,3.592000e+01,2.826000e+01,2.526000e+01,2.405000e+01,2.076000e+01,1.804000e-01,1.649000e-01,1.800000e-01
1.500000e+01,7.195000e+01,9.257000e+01,1.261000e+02,3.202000e+01,4.010000e+01,3.155000e+01,2.821000e+01,2.685000e+01,2.318000e+01,8.441000e-01,7.714000e-01,8.423000e-01
1.600000e+01,6.359000e+01,8.181000e+01,1.115000e+02,2.547000e+01,3.190000e+01,2.510000e+01,2.244000e+01,2.136000e+01,1.844000e+01,3.500000e-01,3.199000e-01,3.493000e-01
1.700000e+01,6.510000e+01,8.376000e+01,1.141000e+02,3.160000e+01,3.958000e+01,3.114000e+01,2.784000e+01,2.650000e+01,2.288000e+01,4.652000e-01,4.251000e-01,4.642000e-01
1.800000e+01,7.920000e+01,1.019000e+02,1.388000e+02,2.578000e+01,3.229000e+01,2.540000e+01,2.271000e+01,2.162000e+01,1.866000e+01,3.787000e-01,3.461000e-01,3.779000e-01
1.900000e+01,7.748000e+01,9.969000e+01,1.358000e+02,3.372000e+01,4.223000e+01,3.323000e+01,2.970000e+01,2.828000e+01,2.441000e+01,8.491000e-01,7.760000e-01,8.473000e-01
2.000000e+01,6.356000e+01,8.178000e+01,1.114000e+02,3.426000e+01,4.291000e+01,3.376000e+01,3.018000e+01,2.873000e+01,2.480000e+01,6.112000e-01,5.586000e-01,6.099000e-01
2.100000e+01,7.900000e+01,1.016000e+02,1.385000e+02,2.607000e+01,3.265000e+01,2.569000e+01,2.297000e+01,2.186000e+01,1.887000e+01,7.470000e-01,6.827000e-01,7.454000e-01
2.200000e+01,7.109000e+01,9.146000e+01,1.246000e+02,3.058000e+01,3.830000e+01,3.013000e+01,2.694000e+01,2.564000e+01,2.214000e+01,7.737000e-01,7.071000e-01,7.721000e-01
2.300000e+01,7.576000e+01,9.747000e+01,1.328000e+02,2.809000e+01,3.518000e+01,2.768000e+01,2.474000e+01,2.356000e+01,2.034000e+01,2.554000e-01,2.334000e-01,2.549000e-01
2.400000e+01,7.081000e+01,9.110000e+01,1.241000e+02,3.470000e+01,4.346000e+01,3.419000e+01,3.057000e+01,2.910000e+01,2.512000e+01,1.679000e-01,1.534000e-01,1.675000e-01
2.500000e+01,6.430000e+01,8.273000e+01,1.127000e+02,3.009000e+01,3.768000e+01,2.965000e+01,2.651000e+01,2.523000e+01,2.179000e+01,5.138000e-01,4.696000e-01,5.127000e-01
2.600000e+01,6.953000e+01,8.946000e+01,1.219000e+02,2.879000e+01,3.606000e+01,2.837000e+01,2.536000e+01,2.414000e+01,2.084000e+01,6.447000e-01,5.892000e-01,6.433000e-01
2.700000e+01,7.227000e+01,9.298000e+01,1.267000e+02,3.259000e+01,4.082000e+01,3.211000e+01,2.871000e+01,2.733000e+01,2.360000e+01,2.238000e-01,2.045000e-01,2.233000e-01
2.800000e+01,6.906000e+01,8.885000e+01,1.211000e+02,2.575000e+01,3.225000e+01,2.537000e+01,2.268000e+01,2.159000e+01,1.864000e+01,4.117000e-01,3.763000e-01,4.108000e-01
2.900000e+01,7.683000e+01,9.885000e+01,1.347000e+02,2.977000e+01,3.728000e+01,2.934000e+01,2.622000e+01,2.497000e+01,2.155000e+01,6.348000e-01,5.801000e-01,6.335000e-01
3.000000e+01,7.855000e+01,1.011000e+02,1.377000e+02,2.817000e+01,3.528000e+01,2.776000e+01,2.481000e+01,2.362000e+01,2.040000e+01,8.442000e-01,7.715000e-01,8.424000e-01
3.100000e+01,6.374000e+01,8.201000e+01,1.117000e+02,3.170000e+01,3.970000e+01,3.124000e+01,2.792000e+01,2.658000e+01,2.295000e+01,6.782000e-01,6.198000e-01,6.768000e-01
3.200000e+01,6.993000e+01,8.997000e+01,1.226000e+02,2.909000e+01,3.643000e+01,2.867000e+01,2.563000e+01,2.439000e+01,2.106000e+01,6.464000e-01,5.907000e-01,6.450000e-01
3.300000e+01,6.421000e+01,8.261000e+01,1.126000e+02,3.379000e+01,4.232000e+01,3.330000e+01,2.977000e+01,2.834000e+01,2.446000e+01,1.818000e-01,1.661000e-01,1.814000e-01
3.400000e+01,7.838000e+01,1.008000e+02,1.374000e+02,2.725000e+01,3.413000e+01,2.685000e+01,2.400000e+01,2.285000e+01,1.973000e+01,3.051000e-01,2.788000e-01,3.045000e-01
3.500000e+01,7.476000e+01,9.619000e+01,1.311000e+02,2.752000e+01,3.447000e+01,2.712000e+01,2.424000e+01,2.308000e+01,1.992000e+01,2.749000e-01,2.512000e-01,2.743000e-01
3.600000e+01,7.853000e+01,1.010000e+02,1.377000e+02,3.090000e+01,3.870000e+01,3.045000e+01,2.722000e+01,2.591000e+01,2.237000e+01,6.937000e-01,6.340000e-01,6.922000e-01
3.700000e+01,6.098000e+01,7.846000e+01,1.069000e+02,3.265000e+01,4.089000e+01,3.217000e+01,2.876000e+01,2.738000e+01,2.364000e+01,8.306000e-01,7.591000e-01,8.289000e-01
3.800000e+01,6.344000e+01,8.162000e+01,1.112000e+02,3.346000e+01,4.191000e+01,3.297000e+01,2.947000e+01,2.806000e+01,2.423000e+01,1.525000e-01,1.394000e-01,1.522000e-01
3.900000e+01,6.713000e+01,8.637000e+01,1.177000e+02,3.043000e+01,3.811000e+01,2.999000e+01,2.681000e+01,2.552000e+01,2.203000e+01,8.252000e-01,7.542000e-01,8.235000e-01
4.000000e+01,6.727000e+01,8.655000e+01,1.179000e+02,3.493000e+01,4.375000e+01,3.442000e+01,3.077000e+01,2.929000e+01,2.529000e+01,2.418000e-01,2.210000e-01,2.413000e-01
4.100000e+01,7.068000e+01,9.094000e+01,1.239000e+02,3.305000e+01,4.139000e+01,3.257000e+01,2.911000e+01,2.772000e+01,2.393000e+01,3.507000e-01,3.205000e-01,3.500000e-01
4.200000e+01,7.590000e+01,9.765000e+01,1.331000e+02,2.518000e+01,3.154000e+01,2.481000e+01,2.218000e+01,2.112000e+01,1.823000e+01,1.600000e-01,1.462000e-01,1.597000e-01
4.300000e+01,7.969000e+01,1.025000e+02,1.397000e+02,3.045000e+01,3.814000e+01,3.001000e+01,2.682000e+01,2.554000e+01,2.205000e+01,6.899000e-01,6.305000e-01,6.885000e-01
4.400000e+01,7.887000e+01,1.015000e+02,1.383000e+02,2.857000e+01,3.578000e+01,2.815000e+01,2.517000e+01,2.396000e+01,2.068000e+01,5.052000e-01,4.617000e-01,5.041000e-01
4.500000e+01,6.958000e+01,8.952000e+01,1.220000e+02,3.336000e+01,4.178000e+01,3.287000e+01,2.939000e+01,2.798000e+01,2.415000e+01,7.776000e-01,7.106000e-01,7.760000e-01
4.600000e+01,7.784000e+01,1.001000e+02,1.365000e+02,2.723000e+01,3.410000e+01,2.683000e+01,2.399000e+01,2.284000e+01,1.971000e+01,4.615000e-01,4.218000e-01,4.605000e-01
4.700000e+01,7.964000e+01,1.025000e+02,1.396000e+02,3.329000e+01,4.169000e+01,3.280000e+01,2.933000e+01,2.792000e+01,2.410000e+01,1.946000e-01,1.778000e-01,1.942000e-01
4.800000e+01,6.066000e+01,7.805000e+01,1.063000e+02,3.371000e+01,4.222000e+01,3.322000e+01,2.970000e+01,2.827000e+01,2.441000e+01,5.043000e-01,4.609000e-01,5.032000e-01
4.900000e+01,6.591000e+01,8.480000e+01,1.155000e+02,3.285000e+01,4.114000e+01,3.237000e+01,2.894000e+01,2.755000e+01,2.378000e+01,3.730000e-01,3.409000e-01,3.722000e-01
5.000000e+01,7.083000e+01,9.113000e+01,1.242000e+02,2.628000e+01,3.291000e+01,2.590000e+01,2.315000e+01,2.204000e+01,1.903000e+01,5.384000e-01,4.920000e-01,5.373000e-01
5.100000e+01,7.303000e+01,9.396000e+01,1.280000e+02,2.971000e+01,3.721000e+01,2.928000e+01,2.617000e+01,2.491000e+01,2.151000e+01,2.995000e-01,2.737000e-01,2.989000e-01
5.200000e+01,6.347000e+01,8.166000e+01,1.113000e+02,2.925000e+01,3.663000e+01,2.882000e+01,2.577000e+01,2.453000e+01,2.118000e+01,6.773000e-01,6.190000e-01,6.759000e-01
5.300000e+01,7.489000e+01,9.635000e+01,1.313000e+02,2.611000e+01,3.270000e+01,2.573000e+01,2.300000e+01,2.190000e+01,1.890000e+01,1.940000e-01,1.773000e-01,1.936000e-01
5.400000e+01,6.413000e+01,8.251000e+01,1.124000e+02,3.082000e+01,3.860000e+01,3.037000e+01,2.715000e+01,2.585000e+01,2.231000e+01,1.512000e-01,1.382000e-01,1.509000e-01
5.500000e+01,7.273000e+01,9.357000e+01,1.275000e+02,3.353000e+01,4.199000e+01,3.304000e+01,2.954000e+01,2.812000e+01,2.428000e+01,5.623000e-01,5.139000e-01,5.611000e-01
5.600000e+01,7.442000e+01,9.575000e+01,1.305000e+02,2.714000e+01,3.399000e+01,2.674000e+01,2.391000e+01,2.276000e+01,1.965000e+01,2.269000e-01,2.074000e-01,2.264000e-01
5.700000e+01,6.566000e+01,8.448000e+01,1.151000e+02,3.452000e+01,4.323000e+01,3.402000e+01,3.041000e+01,2.895000e+01,2.499000e+01,7.385000e-01,6.749000e-01,7.369000e-01
5.800000e+01,7.742000e+01,9.961000e+01,1.357000e+02,3.162000e+01,3.960000e+01,3.116000e+01,2.785000e+01,2.652000e+01,2.289000e+01,7.908000e-01,7.227000e-01,7.891000e-01
5.900000e+01,7.999000e+01,1.029000e+02,1.402000e+02,2.730000e+01,3.419000e+01,2.690000e+01,2.405000e+01,2.289000e+01,1.977000e+01,4.027000e-01,3.680000e-01,4.019000e-01
6.000000e+01,6.207000e+01,7.986000e+01,1.088000e+02,2.598000e+01,3.254000e+01,2.560000e+01,2.289000e+01,2.179000e+01,1.881000e+01,7.515000e-01,6.868000e-01,7.499000e-01
6.100000e+01,7.639000e+01,9.828000e+01,1.339000e+02,2.944000e+01,3.687000e+01,2.901000e+01,2.593000e+01,2.469000e+01,2.131000e+01,3.045000e-01,2.783000e-01,3.039000e-01
6.200000e+01,7.371000e+01,9.484000e+01,1.292000e+02,3.057000e+01,3.829000e+01,3.012000e+01,2.693000e+01,2.564000e+01,2.213000e+01,2.174000e-01,1.987000e-01,2.169000e-01
6.300000e+01,7.115000e+01,9.154000e+01,1.247000e+02,3.035000e+01,3.801000e+01,2.991000e+01,2.674000e+01,2.545000e+01,2.197000e+01,3.335000e-01,3.048000e-01,3.328000e-01
6.400000e+01,7.015000e+01,9.025000e+01,1.230000e+02,2.611000e+01,3.270000e+01,2.573000e+01,2.300000e+01,2.190000e+01,1.890000e+01,7.143000e-01,6.528000e-01,7.128000e-01
6.500000e+01,6.545000e+01,8.421000e+01,1.147000e+02,2.600000e+01,3.256000e+01,2.562000e+01,2.290000e+01,2.180000e+01,1.882000e+01,7.768000e-01,7.099000e-01,7.752000e-01
6.600000e+01,7.564000e+01,9.732000e+01,1.326000e+02,3.040000e+01,3.807000e+01,2.996000e+01,2.678000e+01,2.549000e+01,2.201000e+01,4.894000e-01,4.473000e-01,4.884000e-01
6.700000e+01,7.273000e+01,9.357000e+01,1.275000e+02,2.875000e+01,3.601000e+01,2.833000e+01,2.533000e+01,2.411000e+01,2.081000e+01,2.601000e-01,2.377000e-01,2.596000e-01
6.800000e+01,7.917000e+01,1.019000e+02,1.388000e+02,3.392000e+01,4.248000e+01,3.342000e+01,2.988000e+01,2.845000e+01,2.456000e+01,8.451000e-01,7.723000e-01,8.433000e-01
6.900000e+01,7.871000e+01,1.013000e+02,1.380000e+02,3.024000e+01,3.787000e+01,2.980000e+01,2.664000e+01,2.536000e+01,2.189000e+01,5.923000e-01,5.413000e-01,5.911000e-01
7.000000e+01,7.608000e+01,9.788000e+01,1.334000e+02,2.533000e+01,3.172000e+01,2.496000e+01,2.231000e+01,2.124000e+01,1.834000e+01,3.836000e-01,3.506000e-01,3.828000e-01
7.100000e+01,7.768000e+01,9.994000e+01,1.362000e+02,3.035000e+01,3.801000e+01,2.991000e+01,2.674000e+01,2.545000e+01,2.197000e+01,8.431000e-01,7.705000e-01,8.413000e-01
7.200000e+01,7.461000e+01,9.599000e+01,1.308000e+02,3.074000e+01,3.850000e+01,3.029000e+01,2.708000e+01,2.578000e+01,2.226000e+01,4.985000e-01,4.556000e-01,4.975000e-01
7.300000e+01,6.986000e+01,8.988000e+01,1.225000e+02,2.928000e+01,3.667000e+01,2.885000e+01,2.579000e+01,2.455000e+01,2.120000e+01,2.456000e-01,2.245000e-01,2.451000e-01
7.400000e+01,6.228000e+01,8.013000e+01,1.092000e+02,2.861000e+01,3.583000e+01,2.819000e+01,2.520000e+01,2.399000e+01,2.071000e+01,6.388000e-01,5.838000e-01,6.375000e-01
7.500000e+01,6.508000e+01,8.373000e+01,1.141000e+02,3.356000e+01,4.203000e+01,3.307000e+01,2.956000e+01,2.814000e+01,2.430000e+01,1.795000e-01,1.640000e-01,1.791000e-01
7.600000e+01,7.869000e+01,1.012000e+02,1.380000e+02,3.220000e+01,4.033000e+01,3.173000e+01,2.836000e+01,2.700000e+01,2.331000e+01,6.110000e-01,5.584000e-01,6.097000e-01
7.700000e+01,6.572000e+01,8.456000e+01,1.152000e+02,2.603000e+01,3.260000e+01,2.565000e+01,2.293000e+01,2.183000e+01,1.885000e+01,5.986000e-01,5.471000e-01,5.973000e-01
7.800000e+01,7.519000e+01,9.674000e+01,1.318000e+02,2.821000e+01,3.533000e+01,2.780000e+01,2.485000e+01,2.366000e+01,2.042000e+01,4.078000e-01,3.727000e-01,4.069000e-01
7.900000e+01,6.013000e+01,7.736000e+01,1.054000e+02,2.867000e+01,3.591000e+01,2.825000e+01,2.526000e+01,2.404000e+01,2.076000e+01,3.530000e-01,3.226000e-01,3.523000e-01
8.000000e+01,7.612000e+01,9.794000e+01,1.334000e+02,2.740000e+01,3.432000e+01,2.700000e+01,2.414000e+01,2.298000e+01,1.984000e+01,4.473000e-01,4.088000e-01,4.464000e-01
8.100000e+01,6.040000e+01,7.771000e+01,1.059000e+02,3.033000e+01,3.799000e+01,2.989000e+01,2.672000e+01,2.543000e+01,2.196000e+01,2.988000e-01,2.731000e-01,2.982000e-01
8.200000e+01,7.938000e+01,1.021000e+02,1.392000e+02,2.700000e+01,3.381000e+01,2.661000e+01,2.378000e+01,2.264000e+01,1.955000e+01,8.354000e-01,7.635000e-01,8.336000e-01
8.300000e+01,7.960000e+01,1.024000e+02,1.395000e+02,3.378000e+01,4.231000e+01,3.329000e+01,2.976000e+01,2.833000e+01,2.446000e+01,4.983000e-01,4.554000e-01,4.973000e-01
8.400000e+01,6.234000e+01,8.021000e+01,1.093000e+02,3.377000e+01,4.229000e+01,3.328000e+01,2.975000e+01,2.832000e+01,2.445000e+01,2.846000e-01,2.601000e-01,2.840000e-01
8.500000e+01,7.389000e+01,9.507000e+01,1.295000e+02,3.142000e+01,3.935000e+01,3.096000e+01,2.768000e+01,2.635000e+01,2.275000e+01,5.767000e-01,5.270000e-01,5.755000e-01
8.600000e+01,7.305000e+01,9.399000e+01,1.281000e+02,2.982000e+01,3.735000e+01,2.938000e+01,2.627000e+01,2.501000e+01,2.159000e+01,5.334000e-01,4.875000e-01,5.323000e-01
8.700000e+01,7.233000e+01,9.306000e+01,1.268000e+02,3.175000e+01,3.976000e+01,3.129000e+01,2.797000e+01,2.663000e+01,2.299000e+01,4.536000e-01,4.145000e-01,4.526000e-01
8.800000e+01,7.732000e+01,9.948000e+01,1.355000e+02,2.628000e+01,3.291000e+01,2.590000e+01,2.315000e+01,2.204000e+01,1.903000e+01,5.028000e-01,4.595000e-01,5.017000e-01
8.900000e+01,6.108000e+01,7.859000e+01,1.071000e+02,3.251000e+01,4.072000e+01,3.204000e+01,2.864000e+01,2.726000e+01,2.354000e+01,6.360000e-01,5.812000e-01,6.347000e-01
9.000000e+01,7.037000e+01,9.054000e+01,1.234000e+02,2.585000e+01,3.237000e+01,2.547000e+01,2.277000e+01,2.168000e+01,1.872000e+01,8.135000e-01,7.435000e-01,8.118000e-01
9.100000e+01,6.251000e+01,8.043000e+01,1.096000e+02,2.692000e+01,3.371000e+01,2.653000e+01,2.371000e+01,2.258000e+01,1.949000e+01,8.147000e-01,7.446000e-01,8.130000e-01
9.200000e+01,6.576000e+01,8.461000e+01,1.153000e+02,2.583000e+01,3.235000e+01,2.545000e+01,2.275000e+01,2.166000e+01,1.870000e+01,7.453000e-01,6.811000e-01,7.437000e-01
9.300000e+01,6.671000e+01,8.583000e+01,1.169000e+02,2.593000e+01,3.247000e+01,2.555000e+01,2.284000e+01,2.174000e+01,1.877000e+01,7.125000e-01,6.512000e-01,7.110000e-01
9.400000e+01,6.067000e+01,7.806000e+01,1.064000e+02,3.459000e+01,4.332000e+01,3.408000e+01,3.047000e+01,2.901000e+01,2.504000e+01,3.819000e-01,3.490000e-01,3.811000e-01
9.500000e+01,7.834000e+01,1.008000e+02,1.373000e+02,2.921000e+01,3.658000e+01,2.878000e+01,2.573000e+01,2.450000e+01,2.115000e+01,2.773000e-01,2.534000e-01,2.767000e-01
9.600000e+01,6.629000e+01,8.529000e+01,1.162000e+02,2.862000e+01,3.584000e+01,2.820000e+01,2.521000e+01,2.400000e+01,2.072000e+01,8.494000e-01,7.763000e-01,8.476000e-01
9.700000e+01,7.776000e+01,1.000000e+02,1.363000e+02,2.802000e+01,3.509000e+01,2.761000e+01,2.468000e+01,2.350000e+01,2.029000e+01,3.845000e-01,3.514000e-01,3.837000e-01
9.800000e+01,6.861000e+01,8.827000e+01,1.203000e+02,2.841000e+01,3.558000e+01,2.800000e+01,2.503000e+01,2.382000e+01,2.057000e+01,5.497000e-01,5.024000e-01,5.485000e-01
9.900000e+01,7.105000e+01,9.141000e+01,1.246000e+02,3.043000e+01,3.811000e+01,2.999000e+01,2.681000e+01,2.552000e+01,2.203000e+01,4.951000e-01,4.525000e-01,4.941000e-01
1.000000e+02,7.793000e+01,1.003000e+02,1.366000e+02,3.494000e+01,4.376000e+01,3.443000e+01,3.078000e+01,2.930000e+01,2.530000e+01,7.892000e-01,7.212000e-01,7.875000e-01
1.010000e+02,6.539000e+01,8.413000e+01,1.146000e+02,3.276000e+01,4.103000e+01,3.228000e+01,2.886000e+01,2.747000e+01,2.372000e+01,7.509000e-01,6.862000e-01,7.493000e-01
1.020000e+02,7.219000e+01,9.288000e+01,1.266000e+02,2.678000e+01,3.354000e+01,2.639000e+01,2.359000e+01,2.246000e+01,1.939000e+01,1.708000e-01,1.561000e-01,1.704000e-01
1.030000e+02,6.849000e+01,8.812000e+01,1.201000e+02,3.497000e+01,4.380000e+01,3.446000e+01,3.081000e+01,2.933000e+01,2.532000e+01,5.302000e-01,4.845000e-01,5.291000e-01
1.040000e+02,7.461000e+01,9.599000e+01,1.308000e+02,2.718000e+01,3.404000e+01,2.678000e+01,2.394000e+01,2.279000e+01,1.968000e+01,3.558000e-01,3.252000e-01,3.551000e-01
1.050000e+02,6.952000e+01,8.944000e+01,1.219000e+02,2.816000e+01,3.527000e+01,2.775000e+01,2.481000e+01,2.361000e+01,2.039000e+01,4.839000e-01,4.422000e-01,4.829000e-01
1.060000e+02,7.347000e+01,9.453000e+01,1.288000e+02,2.622000e+01,3.284000e+01,2.584000e+01,2.310000e+01,2.199000e+01,1.898000e+01,1.788000e-01,1.634000e-01,1.784000e-01
1.070000e+02,7.148000e+01,9.197000e+01,1.253000e+02,2.621000e+01,3.283000e+01,2.583000e+01,2.309000e+01,2.198000e+01,1.898000e+01,1.984000e-01,1.813000e-01,1.980000e-01
1.080000e+02,6.210000e+01,7.990000e+01,1.089000e+02,2.611000e+01,3.270000e+01,2.573000e+01,2.300000e+01,2.190000e+01,1.890000e+01,7.531000e-01,6.883000e-01,7.515000e-01
1.090000e+02,7.235000e+01,9.309000e+01,1.268000e+02,3.379000e+01,4.232000e+01,3.330000e+01,2.977000e+01,2.834000e+01,2.446000e+01,6.905000e-01,6.310000e-01,6.890000e-01
1.100000e+02,7.162000e+01,9.215000e+01,1.256000e+02,3.333000e+01,4.174000e+01,3.284000e+01,2.936000e+01,2.795000e+01,2.413000e+01,5.806000e-01,5.306000e-01,5.794000e-01
1.110000e+02,6.809000e+01,8.760000e+01,1.194000e+02,2.751000e+01,3.445000e+01,2.711000e+01,2.423000e+01,2.307000e+01,1.992000e+01,7.782000e-01,7.112000e-01,7.766000e-01
1.120000e+02,7.658000e+01,9.853000e+01,1.343000e+02,3.094000e+01,3.875000e+01,3.049000e+01,2.726000e+01,2.595000e+01,2.240000e+01,1.600000e-01,1.462000e-01,1.597000e-01
1.130000e+02,6.303000e+01,8.109000e+01,1.105000e+02,3.433000e+01,4.299000e+01,3.383000e+01,3.024000e+01,2.879000e+01,2.485000e+01,5.546000e-01,5.068000e-01,5.534000e-01
1.140000e+02,6.409000e+01,8.246000e+01,1.124000e+02,2.739000e+01,3.430000e+01,2.699000e+01,2.413000e+01,2.297000e+01,1.983000e+01,2.094000e-01,1.914000e-01,2.090000e-01
1.150000e+02,6.630000e+01,8.530000e+01,1.162000e+02,2.663000e+01,3.335000e+01,2.624000e+01,2.346000e+01,2.233000e+01,1.928000e+01,2.023000e-01,1.849000e-01,2.019000e-01
1.160000e+02,6.165000e+01,7.932000e+01,1.081000e+02,3.463000e+01,4.337000e+01,3.412000e+01,3.051000e+01,2.904000e+01,2.507000e+01,6.400000e-01,5.849000e-01,6.387000e-01
1.170000e+02,7.466000e+01,9.606000e+01,1.309000e+02,3.119000e+01,3.906000e+01,3.073000e+01,2.748000e+01,2.616000e+01,2.258000e+01,3.228000e-01,2.950000e-01,3.221000e-01
1.180000e+02,7.132000e+01,9.176000e+01,1.250000e+02,2.869000e+01,3.593000e+01,2.827000e+01,2.527000e+01,2.406000e+01,2.077000e+01,2.433000e-01,2.224000e-01,2.428000e-01
1.190000e+02,6.263000e+01,8.058000e+01,1.098000e+02,3.350000e+01,4.196000e+01,3.301000e+01,2.951000e+01,2.809000e+01,2.425000e+01,8.300000e-01,7.585000e-01,8.283000e-01
1.200000e+02,7.982000e+01,1.027000e+02,1.399000e+02,2.510000e+01,3.144000e+01,2.473000e+01,2.211000e+01,2.105000e+01,1.817000e+01,4.459000e-01,4.075000e-01,4.450000e-01
1.210000e+02,6.281000e+01,8.081000e+01,1.101000e+02,2.728000e+01,3.417000e+01,2.688000e+01,2.403000e+01,2.288000e+01,1.975000e+01,5.540000e-01,5.063000e-01,5.528000e-01
1.220000e+02,7.469000e+01,9.610000e+01,1.309000e+02,2.869000e+01,3.593000e+01,2.827000e+01,2.527000e+01,2.406000e+01,2.077000e+01,2.912000e-01,2.661000e-01,2.906000e-01
1.230000e+02,7.460000e+01,9.598000e+01,1.308000e+02,2.519000e+01,3.155000e+01,2.482000e+01,2.219000e+01,2.112000e+01,1.824000e+01,8.090000e-01,7.393000e-01,8.073000e-01
1.240000e+02,6.609000e+01,8.503000e+01,1.159000e+02,3.228000e+01,4.043000e+01,3.181000e+01,2.844000e+01,2.707000e+01,2.337000e+01,3.054000e-01,2.791000e-01,3.048000e-01
1.250000e+02,7.389000e+01,9.507000e+01,1.295000e+02,3.117000e+01,3.904000e+01,3.071000e+01,2.746000e+01,2.614000e+01,2.257000e+01,3.997000e-01,3.653000e-01,3.989000e-01
1.260000e+02,7.935000e+01,1.021000e+02,1.391000e+02,3.423000e+01,4.287000e+01,3.373000e+01,3.015000e+01,2.871000e+01,2.478000e+01,5.011000e-01,4.580000e-01,5.000000e-01
1.270000e+02,6.706000e+01,8.628000e+01,1.176000e+02,3.324000e+01,4.163000e+01,3.275000e+01,2.928000e+01,2.788000e+01,2.407000e+01,1.849000e-01,1.690000e-01,1.845000e-01
1.280000e+02,7.096000e+01,9.130000e+01,1.244000e+02,2.581000e+01,3.232000e+01,2.543000e+01,2.274000e+01,2.164000e+01,1.869000e+01,6.474000e-01,5.917000e-01,6.460000e-01
1.290000e+02,7.507000e+01,9.659000e+01,1.316000e+02,3.447000e+01,4.317000e+01,3.397000e+01,3.036000e+01,2.891000e+01,2.496000e+01,8.447000e-01,7.720000e-01,8.429000e-01
1.300000e+02,6.606000e+01,8.499000e+01,1.158000e+02,3.111000e+01,3.896000e+01,3.066000e+01,2.740000e+01,2.609000e+01,2.252000e+01,5.852000e-01,5.348000e-01,5.840000e-01
1.310000e+02,6.463000e+01,8.315000e+01,1.133000e+02,3.039000e+01,3.806000e+01,2.995000e+01,2.677000e+01,2.549000e+01,2.200000e+01,1.564000e-01,1.429000e-01,1.561000e-01
1.320000e+02,7.828000e+01,1.007000e+02,1.372000e+02,2.944000e+01,3.687000e+01,2.901000e+01,2.593000e+01,2.469000e+01,2.131000e+01,3.225000e-01,2.947000e-01,3.218000e-01
1.330000e+02,6.300000e+01,8.106000e+01,1.104000e+02,3.475000e+01,4.352000e+01,3.424000e+01,3.061000e+01,2.914000e+01,2.516000e+01,2.128000e-01,1.945000e-01,2.124000e-01
1.340000e+02,6.983000e+01,8.984000e+01,1.224000e+02,2.636000e+01,3.301000e+01,2.598000e+01,2.322000e+01,2.211000e+01,1.908000e+01,5.233000e-01,4.782000e-01,5.222000e-01
1.350000e+02,6.206000e+01,7.985000e+01,1.088000e+02,3.135000e+01,3.926000e+01,3.089000e+01,2.762000e+01,2.629000e+01,2.270000e+01,5.727000e-01,5.234000e-01,5.715000e-01
1.360000e+02,7.629000e+01,9.815000e+01,1.337000e+02,3.275000e+01,4.102000e+01,3.227000e+01,2.885000e+01,2.746000e+01,2.371000e+01,1.752000e-01,1.601000e-01,1.748000e-01
1.370000e+02,6.083000e+01,7.826000e+01,1.066000e+02,3.090000e+01,3.870000e+01,3.045000e+01,2.722000e+01,2.591000e+01,2.237000e+01,5.415000e-01,4.949000e-01,5.404000e-01
1.380000e+02,7.804000e+01,1.004000e+02,1.368000e+02,3.069000e+01,3.844000e+01,3.024000e+01,2.703000e+01,2.574000e+01,2.222000e+01,4.706000e-01,4.301000e-01,4.696000e-01
1.390000e+02,6.078000e+01,7.820000e+01,1.066000e+02,2.586000e+01,3.239000e+01,2.548000e+01,2.278000e+01,2.169000e+01,1.872000e+01,1.996000e-01,1.824000e-01,1.992000e-01
1.400000e+02,7.711000e+01,9.921000e+01,1.352000e+02,3.231000e+01,4.047000e+01,3.184000e+01,2.846000e+01,2.710000e+01,2.339000e+01,3.835000e-01,3.505000e-01,3.827000e-01
1.410000e+02,6.884000e+01,8.857000e+01,1.207000e+02,2.991000e+01,3.746000e+01,2.947000e+01,2.635000e+01,2.508000e+01,2.165000e+01,6.160000e-01,5.630000e-01,6.147000e-01
1.420000e+02,7.358000e+01,9.467000e+01,1.290000e+02,2.708000e+01,3.391000e+01,2.668000e+01,2.385000e+01,2.271000e+01,1.961000e+01,7.755000e-01,7.087000e-01,7.739000e-01
1.430000e+02,7.008000e+01,9.016000e+01,1.229000e+02,2.851000e+01,3.571000e+01,2.809000e+01,2.511000e+01,2.391000e+01,2.064000e+01,4.476000e-01,4.091000e-01,4.467000e-01
1.440000e+02,6.831000e+01,8.789000e+01,1.198000e+02,3.243000e+01,4.062000e+01,3.196000e+01,2.857000e+01,2.720000e+01,2.348000e+01,1.860000e-01,1.700000e-01,1.856000e-01
1.450000e+02,7.497000e+01,9.646000e+01,1.314000e+02,3.240000e+01,4.058000e+01,3.193000e+01,2.854000e+01,2.717000e+01,2.346000e+01,6.140000e-01,5.611000e-01,6.127000e-01
1.460000e+02,6.157000e+01,7.922000e+01,1.079000e+02,2.558000e+01,3.204000e+01,2.521000e+01,2.253000e+01,2.145000e+01,1.852000e+01,1.507000e-01,1.377000e-01,1.504000e-01
1.470000e+02,6.152000e+01,7.915000e+01,1.079000e+02,2.509000e+01,3.142000e+01,2.472000e+01,2.210000e+01,2.104000e+01,1.817000e+01,2.482000e-01,2.268000e-01,2.477000e-01
1.480000e+02,6.433000e+01,8.277000e+01,1.128000e+02,3.456000e+01,4.328000e+01,3.406000e+01,3.044000e+01,2.898000e+01,2.502000e+01,3.008000e-01,2.749000e-01,3.002000e-01
1.490000e+02,6.329000e+01,8.143000e+01,1.110000e+02,3.441000e+01,4.310000e+01,3.391000e+01,3.031000e+01,2.886000e+01,2.491000e+01,7.530000e-01,6.882000e-01,7.514000e-01
1.500000e+02,6.339000e+01,8.156000e+01,1.111000e+02,3.230000e+01,4.045000e+01,3.183000e+01,2.845000e+01,2.709000e+01,2.339000e+01,2.722000e-01,2.488000e-01,2.716000e-01
1.510000e+02,6.853000e+01,8.817000e+01,1.201000e+02,2.660000e+01,3.331000e+01,2.621000e+01,2.343000e+01,2.231000e+01,1.926000e+01,2.894000e-01,2.645000e-01,2.888000e-01
1.520000e+02,7.327000e+01,9.427000e+01,1.284000e+02,3.225000e+01,4.039000e+01,3.178000e+01,2.841000e+01,2.704000e+01,2.335000e+01,4.719000e-01,4.313000e-01,4.709000e-01
1.530000e+02,7.879000e+01,1.014000e+02,1.381000e+02,2.544000e+01,3.186000e+01,2.507000e+01,2.241000e+01,2.133000e+01,1.842000e+01,1.606000e-01,1.468000e-01,1.603000e-01
1.540000e+02,7.699000e+01,9.906000e+01,1.350000e+02,2.676000e+01,3.351000e+01,2.637000e+01,2.357000e+01,2.244000e+01,1.937000e+01,7.790000e-01,7.119000e-01,7.774000e-01
1.550000e+02,6.208000e+01,7.987000e+01,1.088000e+02,3.394000e+01,4.251000e+01,3.344000e+01,2.990000e+01,2.846000e+01,2.457000e+01,4.051000e-01,3.702000e-01,4.042000e-01
1.560000e+02,6.647000e+01,8.552000e+01,1.165000e+02,3.434000e+01,4.301000e+01,3.384000e+01,3.025000e+01,2.880000e+01,2.486000e+01,2.449000e-01,2.238000e-01,2.444000e-01
1.570000e+02,7.359000e+01,9.468000e+01,1.290000e+02,3.089000e+01,3.869000e+01,3.044000e+01,2.721000e+01,2.590000e+01,2.236000e+01,6.754000e-01,6.172000e-01,6.740000e-01
1.580000e+02,6.290000e+01,8.093000e+01,1.103000e+02,2.845000e+01,3.563000e+01,2.803000e+01,2.506000e+01,2.386000e+01,2.060000e+01,7.254000e-01,6.629000e-01,7.239000e-01
1.590000e+02,6.651000e+01,8.557000e+01,1.166000e+02,2.576000e+01,3.226000e+01,2.538000e+01,2.269000e+01,2.160000e+01,1.865000e+01,5.831000e-01,5.329000e-01,5.819000e-01
1.600000e+02,7.149000e+01,9.198000e+01,1.253000e+02,2.849000e+01,3.568000e+01,2.807000e+01,2.510000e+01,2.389000e+01,2.063000e+01,2.762000e-01,2.524000e-01,2.756000e-01
1.610000e+02,6.123000e+01,7.878000e+01,1.073000e+02,3.129000e+01,3.919000e+01,3.083000e+01,2.756000e+01,2.624000e+01,2.265000e+01,3.923000e-01,3.585000e-01,3.915000e-01
1.620000e+02,6.854000e+01,8.818000e+01,1.202000e+02,2.828000e+01,3.542000e+01,2.787000e+01,2.491000e+01,2.372000e+01,2.047000e+01,4.448000e-01,4.065000e-01,4.439000e-01
1.630000e+02,6.357000e+01,8.179000e+01,1.114000e+02,3.218000e+01,4.030000e+01,3.171000e+01,2.835000e+01,2.699000e+01,2.330000e+01,4.446000e-01,4.063000e-01,4.437000e-01
1.640000e+02,6.321000e+01,8.133000e+01,1.108000e+02,3.072000e+01,3.847000e+01,3.027000e+01,2.706000e+01,2.576000e+01,2.224000e+01,4.198000e-01,3.837000e-01,4.189000e-01
1.650000e+02,6.103000e+01,7.852000e+01,1.070000e+02,3.449000e+01,4.320000e+01,3.399000e+01,3.038000e+01,2.892000e+01,2.497000e+01,6.431000e-01,5.877000e-01,6.417000e-01
1.660000e+02,7.170000e+01,9.225000e+01,1.257000e+02,2.962000e+01,3.710000e+01,2.919000e+01,2.609000e+01,2.484000e+01,2.144000e+01,3.941000e-01,3.602000e-01,3.933000e-01
1.670000e+02,6.330000e+01,8.144000e+01,1.110000e+02,3.308000e+01,4.143000e+01,3.260000e+01,2.914000e+01,2.774000e+01,2.395000e+01,2.209000e-01,2.019000e-01,2.204000e-01
1.680000e+02,7.192000e+01,9.253000e+01,1.261000e+02,3.252000e+01,4.073000e+01,3.205000e+01,2.865000e+01,2.727000e+01,2.354000e+01,3.236000e-01,2.957000e-01,3.229000e-01
1.690000e+02,7.210000e+01,9.276000e+01,1.264000e+02,2.658000e+01,3.329000e+01,2.619000e+01,2.341000e+01,2.229000e+01,1.924000e+01,6.847000e-01,6.257000e-01,6.833000e-01
1.700000e+02,7.384000e+01,9.500000e+01,1.294000e+02,2.944000e+01,3.687000e+01,2.901000e+01,2.593000e+01,2.469000e+01,2.131000e+01,2.345000e-01,2.143000e-01,2.340000e-01
1.710000e+02,6.972000e+01,8.970000e+01,1.222000e+02,2.569000e+01,3.217000e+01,2.531000e+01,2.263000e+01,2.154000e+01,1.860000e+01,4.107000e-01,3.753000e-01,4.098000e-01
1.720000e+02,6.513000e+01,8.380000e+01,1.142000e+02,2.840000e+01,3.557000e+01,2.799000e+01,2.502000e+01,2.382000e+01,2.056000e+01,1.928000e-01,1.762000e-01,1.924000e-01
1.730000e+02,6.695000e+01,8.614000e+01,1.174000e+02,2.958000e+01,3.705000e+01,2.915000e+01,2.606000e+01,2.481000e+01,2.142000e+01,1.854000e-01,1.694000e-01,1.850000e-01
1.740000e+02,6.900000e+01,8.878000e+01,1.210000e+02,3.260000e+01,4.083000e+01,3.212000e+01,2.872000e+01,2.734000e+01,2.360000e+01,6.002000e-01,5.485000e-01,5.989000e-01
1.750000e+02,6.441000e+01,8.287000e+01,1.129000e+02,2.856000e+01,3.577000e+01,2.814000e+01,2.516000e+01,2.395000e+01,2.068000e+01,2.294000e-01,2.096000e-01,2.289000e-01
1.760000e+02,6.146000e+01,7.907000e+01,1.077000e+02,2.997000e+01,3.753000e+01,2.953000e+01,2.640000e+01,2.513000e+01,2.170000e+01,2.365000e-01,2.161000e-01,2.360000e-01
1.770000e+02,6.874000e+01,8.844000e+01,1.205000e+02,2.727000e+01,3.415000e+01,2.687000e+01,2.402000e+01,2.287000e+01,1.974000e+01,1.736000e-01,1.587000e-01,1.732000e-01
1.780000e+02,7.409000e+01,9.532000e+01,1.299000e+02,2.830000e+01,3.544000e+01,2.789000e+01,2.493000e+01,2.373000e+01,2.049000e+01,1.755000e-01,1.604000e-01,1.751000e-01
1.790000e+02,6.496000e+01,8.358000e+01,1.139000e+02,2.531000e+01,3.170000e+01,2.494000e+01,2.230000e+01,2.122000e+01,1.832000e+01,5.618000e-01,5.134000e-01,5.606000e-01
1.800000e+02,7.307000e+01,9.401000e+01,1.281000e+02,2.741000e+01,3.433000e+01,2.701000e+01,2.415000e+01,2.299000e+01,1.984000e+01,2.366000e-01,2.162000e-01,2.361000e-01
1.810000e+02,7.888000e+01,1.015000e+02,1.383000e+02,2.758000e+01,3.454000e+01,2.718000e+01,2.430000e+01,2.313000e+01,1.997000e+01,1.803000e-01,1.648000e-01,1.799000e-01
1.820000e+02,6.229000e+01,8.014000e+01,1.092000e+02,3.350000e+01,4.196000e+01,3.301000e+01,2.951000e+01,2.809000e+01,2.425000e+01,3.945000e-01,3.605000e-01,3.937000e-01
1.830000e+02,6.710000e+01,8.633000e+01,1.176000e+02,2.871000e+01,3.596000e+01,2.829000e+01,2.529000e+01,2.408000e+01,2.079000e+01,2.480000e-01,2.266000e-01,2.475000e-01
1.840000e+02,6.093000e+01,7.839000e+01,1.068000e+02,3.058000e+01,3.830000e+01,3.013000e+01,2.694000e+01,2.564000e+01,2.214000e+01,2.254000e-01,2.060000e-01,2.249000e-01
1.850000e+02,6.581000e+01,8.467000e+01,1.154000e+02,3.394000e+01,4.251000e+01,3.344000e+01,2.990000e+01,2.846000e+01,2.457000e+01,1.613000e-01,1.474000e-01,1.610000e-01
1.860000e+02,6.027000e+01,7.754000e+01,1.057000e+02,3.315000e+01,4.152000e+01,3.267000e+01,2.920000e+01,2.780000e+01,2.400000e+01,1.751000e-01,1.600000e-01,1.747000e-01
1.870000e+02,6.619000e+01,8.516000e+01,1.160000e+02,3.329000e+01,4.169000e+01,3.280000e+01,2.933000e+01,2.792000e+01,2.410000e+01,1.887000e-01,1.725000e-01,1.883000e-01
1.880000e+02,6.192000e+01,7.967000e+01,1.086000e+02,3.165000e+01,3.964000e+01,3.119000e+01,2.788000e+01,2.654000e+01,2.291000e+01,1.574000e-01,1.438000e-01,1.571000e-01
1.890000e+02,6.233000e+01,8.019000e+01,1.093000e+02,2.940000e+01,3.682000e+01,2.897000e+01,2.590000e+01,2.465000e+01,2.129000e+01,2.049000e-01,1.873000e-01,2.045000e-01
1.900000e+02,6.045000e+01,7.777000e+01,1.060000e+02,3.188000e+01,3.993000e+01,3.141000e+01,2.808000e+01,2.673000e+01,2.308000e+01,2.482000e-01,2.268000e-01,2.477000e-01
1.910000e+02,6.064000e+01,7.802000e+01,1.063000e+02,3.404000e+01,4.263000e+01,3.354000e+01,2.999000e+01,2.855000e+01,2.464000e+01,1.962000e-01,1.793000e-01,1.958000e-01
1.920000e+02,6.197000e+01,7.973000e+01,1.086000e+02,2.712000e+01,3.397000e+01,2.672000e+01,2.389000e+01,2.274000e+01,1.963000e+01,2.439000e-01,2.229000e-01,2.434000e-01
1.930000e+02,6.700000e+01,8.620000e+01,1.175000e+02,2.698000e+01,3.379000e+01,2.659000e+01,2.377000e+01,2.263000e+01,1.953000e+01,2.364000e-01,2.160000e-01,2.359000e-01
1.940000e+02,7.591000e+01,9.767000e+01,1.331000e+02,2.733000e+01,3.423000e+01,2.693000e+01,2.407000e+01,2.292000e+01,1.979000e+01,2.390000e-01,2.184000e-01,2.385000e-01
1.950000e+02,6.279000e+01,8.079000e+01,1.101000e+02,3.245000e+01,4.064000e+01,3.198000e+01,2.859000e+01,2.721000e+01,2.349000e+01,2.972000e-01,2.716000e-01,2.966000e-01
1.960000e+02,6.202000e+01,7.979000e+01,1.087000e+02,2.990000e+01,3.745000e+01,2.946000e+01,2.634000e+01,2.507000e+01,2.165000e+01,2.625000e-01,2.399000e-01,2.619000e-01
1.970000e+02,6.753000e+01,8.688000e+01,1.184000e+02,3.091000e+01,3.871000e+01,3.046000e+01,2.723000e+01,2.592000e+01,2.238000e+01,2.072000e-01,1.894000e-01,2.068000e-01
1.980000e+02,6.622000e+01,8.520000e+01,1.161000e+02,2.982000e+01,3.735000e+01,2.938000e+01,2.627000e+01,2.501000e+01,2.159000e+01,1.665000e-01,1.522000e-01,1.662000e-01
1.990000e+02,6.691000e+01,8.609000e+01,1.173000e+02,2.993000e+01,3.748000e+01,2.949000e+01,2.637000e+01,2.510000e+01,2.167000e+01,1.818000e-01,1.661000e-01,1.814000e-01
2.000000e+02,6.515000e+01,8.382000e+01,1.142000e+02,3.344000e+01,4.188000e+01,3.295000e+01,2.946000e+01,2.804000e+01,2.421000e+01,2.242000e-01,2.049000e-01,2.237000e-01
2.010000e+02,7.282000e+01,9.369000e+01,1.277000e+02,3.356000e+01,4.203000e+01,3.307000e+01,2.956000e+01,2.814000e+01,2.430000e+01,1.606000e-01,1.468000e-01,1.603000e-01
2.020000e+02,6.912000e+01,8.893000e+01,1.212000e+02,2.907000e+01,3.641000e+01,2.865000e+01,2.561000e+01,2.438000e+01,2.105000e+01,2.741000e-01,2.505000e-01,2.735000e-01
2.030000e+02,6.104000e+01,7.853000e+01,1.070000e+02,2.747000e+01,3.440000e+01,2.707000e+01,2.420000e+01,2.304000e+01,1.989000e+01,3.180000e-01,2.906000e-01,3.173000e-01
2.040000e+02,6.193000e+01,7.968000e+01,1.086000e+02,3.157000e+01,3.954000e+01,3.111000e+01,2.781000e+01,2.647000e+01,2.286000e+01,2.243000e-01,2.050000e-01,2.238000e-01
2.050000e+02,6.769000e+01,8.709000e+01,1.187000e+02,2.935000e+01,3.676000e+01,2.892000e+01,2.585000e+01,2.461000e+01,2.125000e+01,1.718000e-01,1.570000e-01,1.714000e-01
2.060000e+02,7.569000e+01,9.738000e+01,1.327000e+02,2.883000e+01,3.611000e+01,2.841000e+01,2.540000e+01,2.418000e+01,2.087000e+01,1.616000e-01,1.477000e-01,1.613000e-01
2.070000e+02,6.733000e+01,8.663000e+01,1.180000e+02,3.467000e+01,4.342000e+01,3.416000e+01,3.054000e+01,2.907000e+01,2.510000e+01,1.758000e-01,1.607000e-01,1.754000e-01
2.080000e+02,6.223000e+01,8.007000e+01,1.091000e+02,3.427000e+01,4.292000e+01,3.377000e+01,3.019000e+01,2.874000e+01,2.481000e+01,1.643000e-01,1.502000e-01,1.640000e-01
2.090000e+02,6.808000e+01,8.759000e+01,1.194000e+02,3.351000e+01,4.197000e+01,3.302000e+01,2.952000e+01,2.810000e+01,2.426000e+01,2.627000e-01,2.401000e-01,2.621000e-01
2.100000e+02,6.270000e+01,8.067000e+01,1.099000e+02,3.165000e+01,3.964000e+01,3.119000e+01,2.788000e+01,2.654000e+01,2.291000e+01,3.048000e-01,2.786000e-01,3.042000e-01
2.110000e+02,7.461000e+01,9.599000e+01,1.308000e+02,3.144000e+01,3.938000e+01,3.098000e+01,2.770000e+01,2.637000e+01,2.276000e+01,5.680000e-01,5.191000e-01,5.668000e-01
2.120000e+02,6.116000e+01,7.869000e+01,1.072000e+02,3.307000e+01,4.142000e+01,3.259000e+01,2.913000e+01,2.773000e+01,2.394000e+01,1.706000e-01,1.559000e-01,1.702000e-01
2.130000e+02,6.105000e+01,7.855000e+01,1.070000e+02,3.136000e+01,3.928000e+01,3.090000e+01,2.763000e+01,2.630000e+01,2.270000e+01,3.162000e-01,2.890000e-01,3.155000e-01
2.140000e+02,6.281000e+01,8.081000e+01,1.101000e+02,2.844000e+01,3.562000e+01,2.802000e+01,2.505000e+01,2.385000e+01,2.059000e+01,4.827000e-01,4.411000e-01,4.817000e-01
2.150000e+02,6.150000e+01,7.913000e+01,1.078000e+02,3.366000e+01,4.216000e+01,3.317000e+01,2.965000e+01,2.823000e+01,2.437000e+01,1.561000e-01,1.427000e-01,1.558000e-01
2.160000e+02,6.243000e+01,8.032000e+01,1.094000e+02,3.337000e+01,4.179000e+01,3.288000e+01,2.940000e+01,2.798000e+01,2.416000e+01,1.831000e-01,1.673000e-01,1.827000e-01
2.170000e+02,6.123000e+01,7.878000e+01,1.073000e+02,3.163000e+01,3.961000e+01,3.117000e+01,2.786000e+01,2.652000e+01,2.290000e+01,1.589000e-01,1.452000e-01,1.586000e-01
2.180000e+02,6.503000e+01,8.367000e+01,1.140000e+02,3.275000e+01,4.102000e+01,3.227000e+01,2.885000e+01,2.746000e+01,2.371000e+01,1.744000e-01,1.594000e-01,1.740000e-01
2.190000e+02,6.098000e+01,7.846000e+01,1.069000e+02,3.194000e+01,4.000000e+01,3.147000e+01,2.814000e+01,2.678000e+01,2.312000e+01,1.927000e-01,1.761000e-01,1.923000e-01
2.200000e+02,6.208000e+01,7.987000e+01,1.088000e+02,2.809000e+01,3.518000e+01,2.768000e+01,2.474000e+01,2.356000e+01,2.034000e+01,1.774000e-01,1.621000e-01,1.770000e-01
2.210000e+02,6.313000e+01,8.122000e+01,1.107000e+02,2.974000e+01,3.725000e+01,2.931000e+01,2.620000e+01,2.494000e+01,2.153000e+01,1.853000e-01,1.693000e-01,1.849000e-01
2.220000e+02,6.073000e+01,7.814000e+01,1.065000e+02,2.562000e+01,3.209000e+01,2.525000e+01,2.257000e+01,2.148000e+01,1.855000e+01,2.095000e-01,1.915000e-01,2.091000e-01
2.230000e+02,6.462000e+01,8.314000e+01,1.133000e+02,2.832000e+01,3.547000e+01,2.791000e+01,2.495000e+01,2.375000e+01,2.050000e+01,1.612000e-01,1.473000e-01,1.609000e-01
2.240000e+02,6.738000e+01,8.669000e+01,1.181000e+02,3.409000e+01,4.269000e+01,3.359000e+01,3.003000e+01,2.859000e+01,2.468000e+01,2.541000e-01,2.322000e-01,2.536000e-01
2.250000e+02,6.686000e+01,8.602000e+01,1.172000e+02,2.597000e+01,3.252000e+01,2.559000e+01,2.288000e+01,2.178000e+01,1.880000e+01,1.519000e-01,1.388000e-01,1.516000e-01
2.260000e+02,6.491000e+01,8.351000e+01,1.138000e+02,3.135000e+01,3.926000e+01,3.089000e+01,2.762000e+01,2.629000e+01,2.270000e+01,2.065000e-01,1.887000e-01,2.061000e-01
2.270000e+02,6.322000e+01,8.134000e+01,1.108000e+02,2.760000e+01,3.457000e+01,2.720000e+01,2.431000e+01,2.315000e+01,1.998000e+01,1.649000e-01,1.507000e-01,1.646000e-01
2.280000e+02,6.107000e+01,7.857000e+01,1.071000e+02,3.358000e+01,4.206000e+01,3.309000e+01,2.958000e+01,2.816000e+01,2.431000e+01,1.613000e-01,1.474000e-01,1.610000e-01
2.290000e+02,6.965000e+01,8.961000e+01,1.221000e+02,2.922000e+01,3.660000e+01,2.879000e+01,2.574000e+01,2.450000e+01,2.116000e+01,2.137000e-01,1.953000e-01,2.133000e-01
2.300000e+02,6.260000e+01,8.054000e+01,1.097000e+02,3.386000e+01,4.241000e+01,3.337000e+01,2.983000e+01,2.839000e+01,2.451000e+01,2.665000e-01,2.436000e-01,2.659000e-01
2.310000e+02,6.635000e+01,8.537000e+01,1.163000e+02,3.115000e+01,3.901000e+01,3.070000e+01,2.744000e+01,2.612000e+01,2.255000e+01,1.903000e-01,1.739000e-01,1.899000e-01
2.320000e+02,6.456000e+01,8.306000e+01,1.132000e+02,2.911000e+01,3.646000e+01,2.868000e+01,2.564000e+01,2.441000e+01,2.108000e+01,2.002000e-01,1.830000e-01,1.998000e-01
2.330000e+02,6.395000e+01,8.228000e+01,1.121000e+02,3.096000e+01,3.877000e+01,3.051000e+01,2.727000e+01,2.596000e+01,2.242000e+01,1.774000e-01,1.621000e-01,1.770000e-01
2.340000e+02,6.367000e+01,8.192000e+01,1.116000e+02,2.918000e+01,3.655000e+01,2.875000e+01,2.570000e+01,2.447000e+01,2.113000e+01,1.634000e-01,1.493000e-01,1.631000e-01
2.350000e+02,6.774000e+01,8.715000e+01,1.188000e+02,3.422000e+01,4.286000e+01,3.372000e+01,3.014000e+01,2.870000e+01,2.478000e+01,1.878000e-01,1.716000e-01,1.874000e-01
2.360000e+02,6.595000e+01,8.485000e+01,1.156000e+02,2.683000e+01,3.360000e+01,2.644000e+01,2.363000e+01,2.250000e+01,1.942000e+01,1.613000e-01,1.474000e-01,1.610000e-01
2.370000e+02,6.343000e+01,8.161000e+01,1.112000e+02,3.056000e+01,3.827000e+01,3.011000e+01,2.692000e+01,2.563000e+01,2.213000e+01,1.533000e-01,1.401000e-01,1.530000e-01
2.380000e+02,7.660000e+01,9.855000e+01,1.343000e+02,3.311000e+01,4.147000e+01,3.263000e+01,2.917000e+01,2.777000e+01,2.397000e+01,1.833000e-01,1.675000e-01,1.829000e-01
2.390000e+02,6.578000e+01,8.463000e+01,1.153000e+02,3.332000e+01,4.173000e+01,3.283000e+01,2.935000e+01,2.794000e+01,2.412000e+01,1.572000e-01,1.437000e-01,1.569000e-01
2.400000e+02,6.115000e+01,7.868000e+01,1.072000e+02,2.655000e+01,3.325000e+01,2.616000e+01,2.339000e+01,2.226000e+01,1.922000e+01,1.810000e-01,1.654000e-01,1.806000e-01
2.410000e+02,6.434000e+01,8.278000e+01,1.128000e+02,3.224000e+01,4.038000e+01,3.177000e+01,2.840000e+01,2.704000e+01,2.334000e+01,1.861000e-01,1.701000e-01,1.857000e-01
2.420000e+02,6.180000e+01,7.951000e+01,1.083000e+02,3.043000e+01,3.811000e+01,2.999000e+01,2.681000e+01,2.552000e+01,2.203000e+01,1.546000e-01,1.413000e-01,1.543000e-01
2.430000e+02,6.309000e+01,8.117000e+01,1.106000e+02,3.034000e+01,3.800000e+01,2.990000e+01,2.673000e+01,2.544000e+01,2.197000e+01,1.548000e-01,1.415000e-01,1.545000e-01
2.440000e+02,6.391000e+01,8.223000e+01,1.120000e+02,3.448000e+01,4.318000e+01,3.398000e+01,3.037000e+01,2.891000e+01,2.496000e+01,1.511000e-01,1.381000e-01,1.508000e-01
2.450000e+02,6.223000e+01,8.007000e+01,1.091000e+02,3.016000e+01,3.777000e+01,2.972000e+01,2.657000e+01,2.529000e+01,2.184000e+01,1.613000e-01,1.474000e-01,1.610000e-01
2.460000e+02,6.916000e+01,8.898000e+01,1.212000e+02,2.918000e+01,3.655000e+01,2.875000e+01,2.570000e+01,2.447000e+01,2.113000e+01,1.556000e-01,1.422000e-01,1.553000e-01
2.470000e+02,6.088000e+01,7.833000e+01,1.067000e+02,2.964000e+01,3.712000e+01,2.921000e+01,2.611000e+01,2.486000e+01,2.146000e+01,1.860000e-01,1.700000e-01,1.856000e-01
2.480000e+02,6.200000e+01,7.977000e+01,1.087000e+02,3.133000e+01,3.924000e+01,3.087000e+01,2.760000e+01,2.627000e+01,2.268000e+01,1.576000e-01,1.440000e-01,1.573000e-01
2.490000e+02,6.640000e+01,8.543000e+01,1.164000e+02,3.299000e+01,4.132000e+01,3.251000e+01,2.906000e+01,2.767000e+01,2.388000e+01,2.320000e-01,2.120000e-01,2.315000e-01
2.500000e+02,6.214000e+01,7.995000e+01,1.089000e+02,3.337000e+01,4.179000e+01,3.288000e+01,2.940000e+01,2.798000e+01,2.416000e+01,1.539000e-01,1.406000e-01,1.536000e-01
2.510000e+02,6.102000e+01,7.851000e+01,1.070000e+02,2.706000e+01,3.389000e+01,2.666000e+01,2.384000e+01,2.269000e+01,1.959000e+01,1.511000e-01,1.381000e-01,1.508000e-01
2.520000e+02,6.254000e+01,8.046000e+01,1.096000e+02,3.303000e+01,4.137000e+01,3.255000e+01,2.910000e+01,2.770000e+01,2.391000e+01,2.811000e-01,2.569000e-01,2.805000e-01
2.530000e+02,6.020000e+01,7.745000e+01,1.055000e+02,3.181000e+01,3.984000e+01,3.135000e+01,2.802000e+01,2.668000e+01,2.303000e+01,1.815000e-01,1.659000e-01,1.811000e-01
2.540000e+02,6.479000e+01,8.336000e+01,1.136000e+02,2.794000e+01,3.499000e+01,2.753000e+01,2.461000e+01,2.343000e+01,2.023000e+01,1.763000e-01,1.611000e-01,1.759000e-01
2.550000e+02,7.022000e+01,9.035000e+01,1.231000e+02,3.148000e+01,3.943000e+01,3.102000e+01,2.773000e+01,2.640000e+01,2.279000e+01,1.914000e-01,1.749000e-01,1.910000e-01
2.560000e+02,6.600000e+01,8.492000e+01,1.157000e+02,3.366000e+01,4.216000e+01,3.317000e+01,2.965000e+01,2.823000e+01,2.437000e+01,1.682000e-01,1.537000e-01,1.678000e-01
