# step_count,bc_1,bc_2,bc_3,ac_1,ac_2,ac_3,ac_4,ac_5,ac_6,ic_1,ic_2,ic_3
1.000000e+00,7.249000e+01,9.327000e+01,1.271000e+02,2.601000e+01,3.257000e+01,2.563000e+01,2.291000e+01,2.181000e+01,1.883000e+01,5.139000e-01,4.697000e-01,5.128000e-01
2.000000e+00,6.359000e+01,8.181000e+01,1.115000e+02,2.632000e+01,3.296000e+01,2.594000e+01,2.319000e+01,2.207000e+01,1.906000e+01,5.124000e-01,4.683000e-01,5.113000e-01
3.000000e+00,6.765000e+01,8.704000e+01,1.186000e+02,3.248000e+01,4.068000e+01,3.201000e+01,2.861000e+01,2.724000e+01,2.352000e+01,8.358000e-01,7.638000e-01,8.340000e-01
4.000000e+00,6.223000e+01,8.007000e+01,1.091000e+02,2.526000e+01,3.164000e+01,2.489000e+01,2.225000e+01,2.118000e+01,1.829000e+01,5.135000e-01,4.693000e-01,5.124000e-01
5.000000e+00,7.613000e+01,9.795000e+01,1.335000e+02,3.112000e+01,3.897000e+01,3.067000e+01,2.741000e+01,2.610000e+01,2.253000e+01,3.795000e-01,3.468000e-01,3.787000e-01
6.000000e+00,7.716000e+01,9.927000e+01,1.353000e+02,2.821000e+01,3.533000e+01,2.780000e+01,2.485000e+01,2.366000e+01,2.042000e+01,3.991000e-01,3.647000e-01,3.983000e-01
7.000000e+00,7.741000e+01,9.960000e+01,1.357000e+02,2.691000e+01,3.370000e+01,2.652000e+01,2.371000e+01,2.257000e+01,1.948000e+01,6.974000e-01,6.374000e-01,6.959000e-01
8.000000e+00,7.962000e+01,1.024000e+02,1.396000e+02,2.946000e+01,3.690000e+01,2.903000e+01,2.595000e+01,2.471000e+01,2.133000e+01,4.744000e-01,4.336000e-01,4.734000e-01
9.000000e+00,7.907000e+01,1.017000e+02,1.386000e+02,3.184000e+01,3.988000e+01,3.138000e+01,2.805000e+01,2.670000e+01,2.305000e+01,7.748000e-01,7.081000e-01,7.732000e-01
1.000000e+01,6.479000e+01,8.336000e+01,1.136000e+02,3.205000e+01,4.014000e+01,3.158000e+01,2.823000e+01,2.688000e+01,2.320000e+01,7.160000e-01,6.544000e-01,7.145000e-01
1.100000e+01,6.645000e+01,8.549000e+01,1.165000e+02,2.990000e+01,3.745000e+01,2.946000e+01,2.634000e+01,2.507000e+01,2.165000e+01,5.360000e-01,4.899000e-01,5.349000e-01
1.200000e+01,7.477000e+01,9.620000e+01,1.311000e+02,2.950000e+01,3.695000e+01,2.907000e+01,2.599000e+01,2.474000e+01,2.136000e+01,6.796000e-01,6.211000e-01,6.782000e-01
1.300000e+01,6.706000e+01,8.628000e+01,1.176000e+02,2.811000e+01,3.520000e+01,2.770000e+01,2.476000e+01,2.357000e+01,2.035000e+01,8.354000e-01,7.635000e-01,8.336000e-01
1.400000e+01,6.895000e+01,8.871000e+01,1.209000e+02,3.091000e+01,3.871000e+01,3.046000e+01,2.723000e+01,2.592000e+01,2.238000e+01,4.679000e-01,4.276000e-01,4.669000e-01
1.500000e+01,6.964000e+01,8.960000e+01,1.221000e+02,2.596000e+01,3.251000e+01,2.558000e+01,2.287000e+01,2.177000e+01,1.880000e+01,1.662000e-01,1.519000e-01,1.659000e-01
1.600000e+01,7.790000e+01,1.002000e+02,1.366000e+02,3.474000e+01,4.351000e+01,3.423000e+01,3.060000e+01,2.913000e+01,2.515000e+01,2.148000e-01,1.963000e-01,2.143000e-01
1.700000e+01,7.889000e+01,1.015000e+02,1.383000e+02,3.355000e+01,4.202000e+01,3.306000e+01,2.955000e+01,2.814000e+01,2.429000e+01,5.795000e-01,5.296000e-01,5.783000e-01
1.800000e+01,7.149000e+01,9.198000e+01,1.253000e+02,3.014000e+01,3.775000e+01,2.970000e+01,2.655000e+01,2.528000e+01,2.182000e+01,6.203000e-01,5.669000e-01,6.190000e-01
1.900000e+01,7.359000e+01,9.468000e+01,1.290000e+02,2.594000e+01,3.249000e+01,2.556000e+01,2.285000e+01,2.175000e+01,1.878000e+01,8.320000e-01,7.604000e-01,8.303000e-01
2.000000e+01,7.285000e+01,9.373000e+01,1.277000e+02,2.873000e+01,3.598000e+01,2.831000e+01,2.531000e+01,2.409000e+01,2.080000e+01,2.896000e-01,2.647000e-01,2.890000e-01
2.100000e+01,6.501000e+01,8.364000e+01,1.140000e+02,2.554000e+01,3.199000e+01,2.517000e+01,2.250000e+01,2.142000e+01,1.849000e+01,2.308000e-01,2.109000e-01,2.303000e-01
2.200000e+01,7.221000e+01,9.291000e+01,1.266000e+02,3.236000e+01,4.053000e+01,3.189000e+01,2.851000e+01,2.714000e+01,2.343000e+01,3.618000e-01,3.306000e-01,3.610000e-01
2.300000e+01,7.089000e+01,9.121000e+01,1.243000e+02,3.161000e+01,3.959000e+01,3.115000e+01,2.785000e+01,2.651000e+01,2.289000e+01,4.322000e-01,3.950000e-01,4.313000e-01
2.400000e+01,7.097000e+01,9.131000e+01,1.244000e+02,3.255000e+01,4.077000e+01,3.207000e+01,2.867000e+01,2.730000e+01,2.357000e+01,3.612000e-01,3.301000e-01,3.604000e-01
2.500000e+01,7.640000e+01,9.830000e+01,1.339000e+02,3.313000e+01,4.149000e+01,3.265000e+01,2.918000e+01,2.778000e+01,2.399000e+01,4.692000e-01,4.288000e-01,4.682000e-01
2.600000e+01,6.278000e+01,8.077000e+01,1.101000e+02,2.994000e+01,3.750000e+01,2.950000e+01,2.637000e+01,2.511000e+01,2.168000e+01,4.417000e-01,4.037000e-01,4.408000e-01
2.700000e+01,7.918000e+01,1.019000e+02,1.388000e+02,3.231000e+01,4.047000e+01,3.184000e+01,2.846000e+01,2.710000e+01,2.339000e+01,2.654000e-01,2.425000e-01,2.648000e-01
2.800000e+01,7.910000e+01,1.018000e+02,1.387000e+02,3.389000e+01,4.244000e+01,3.340000e+01,2.985000e+01,2.842000e+01,2.454000e+01,3.371000e-01,3.081000e-01,3.364000e-01
2.900000e+01,7.075000e+01,9.103000e+01,1.240000e+02,2.796000e+01,3.502000e+01,2.755000e+01,2.463000e+01,2.345000e+01,2.024000e+01,5.784000e-01,5.286000e-01,5.772000e-01
3.000000e+01,7.359000e+01,9.468000e+01,1.290000e+02,3.127000e+01,3.916000e+01,3.081000e+01,2.755000e+01,2.622000e+01,2.264000e+01,6.893000e-01,6.300000e-01,6.879000e-01
3.100000e+01,7.627000e+01,9.813000e+01,1.337000e+02,2.934000e+01,3.675000e+01,2.891000e+01,2.585000e+01,2.460000e+01,2.124000e+01,5.042000e-01,4.608000e-01,5.031000e-01
3.200000e+01,7.808000e+01,1.005000e+02,1.369000e+02,2.554000e+01,3.199000e+01,2.517000e+01,2.250000e+01,2.142000e+01,1.849000e+01,7.327000e-01,6.696000e-01,7.312000e-01
3.300000e+01,7.365000e+01,9.476000e+01,1.291000e+02,3.119000e+01,3.906000e+01,3.073000e+01,2.748000e+01,2.616000e+01,2.258000e+01,2.549000e-01,2.330000e-01,2.544000e-01
3.400000e+01,6.925000e+01,8.910000e+01,1.214000e+02,2.509000e+01,3.142000e+01,2.472000e+01,2.210000e+01,2.104000e+01,1.817000e+01,5.437000e-01,4.969000e-01,5.426000e-01
3.500000e+01,6.896000e+01,8.872000e+01,1.209000e+02,2.560000e+01,3.206000e+01,2.523000e+01,2.255000e+01,2.147000e+01,1.853000e+01,8.178000e-01,7.474000e-01,8.161000e-01
3.600000e+01,6.629000e+01,8.529000e+01,1.162000e+02,2.500000e+01,3.131000e+01,2.464000e+01,2.202000e+01,2.096000e+01,1.810000e+01,4.733000e-01,4.325000e-01,4.723000e-01
3.700000e+01,7.699000e+01,9.906000e+01,1.350000e+02,2.666000e+01,3.339000e+01,2.627000e+01,2.348000e+01,2.236000e+01,1.930000e+01,3.172000e-01,2.899000e-01,3.165000e-01
3.800000e+01,6.236000e+01,8.023000e+01,1.093000e+02,3.471000e+01,4.347000e+01,3.420000e+01,3.058000e+01,2.911000e+01,2.513000e+01,4.115000e-01,3.761000e-01,4.106000e-01
3.900000e+01,6.798000e+01,8.746000e+01,1.192000e+02,2.692000e+01,3.371000e+01,2.653000e+01,2.371000e+01,2.258000e+01,1.949000e+01,8.274000e-01,7.562000e-01,8.257000e-01
4.000000e+01,7.143000e+01,9.190000e+01,1.252000e+02,3.019000e+01,3.781000e+01,2.975000e+01,2.659000e+01,2.532000e+01,2.186000e+01,6.807000e-01,6.221000e-01,6.793000e-01
4.100000e+01,7.467000e+01,9.607000e+01,1.309000e+02,3.287000e+01,4.117000e+01,3.239000e+01,2.896000e+01,2.756000e+01,2.380000e+01,2.090000e-01,1.910000e-01,2.086000e-01
4.200000e+01,6.108000e+01,7.859000e+01,1.071000e+02,2.849000e+01,3.568000e+01,2.807000e+01,2.510000e+01,2.389000e+01,2.063000e+01,1.925000e-01,1.759000e-01,1.921000e-01
4.300000e+01,7.693000e+01,9.898000e+01,1.349000e+02,3.204000e+01,4.013000e+01,3.157000e+01,2.822000e+01,2.687000e+01,2.320000e+01,3.052000e-01,2.789000e-01,3.046000e-01
4.400000e+01,7.599000e+01,9.777000e+01,1.332000e+02,2.804000e+01,3.512000e+01,2.763000e+01,2.470000e+01,2.351000e+01,2.030000e+01,3.665000e-01,3.349000e-01,3.657000e-01
4.500000e+01,6.392000e+01,8.224000e+01,1.121000e+02,2.841000e+01,3.558000e+01,2.800000e+01,2.503000e+01,2.382000e+01,2.057000e+01,2.661000e-01,2.432000e-01,2.655000e-01
4.600000e+01,6.443000e+01,8.290000e+01,1.130000e+02,3.291000e+01,4.122000e+01,3.243000e+01,2.899000e+01,2.760000e+01,2.383000e+01,6.988000e-01,6.386000e-01,6.973000e-01
4.700000e+01,7.391000e+01,9.509000e+01,1.296000e+02,3.126000e+01,3.915000e+01,3.080000e+01,2.754000e+01,2.621000e+01,2.263000e+01,1.797000e-01,1.642000e-01,1.793000e-01
4.800000e+01,7.009000e+01,9.018000e+01,1.229000e+02,3.082000e+01,3.860000e+01,3.037000e+01,2.715000e+01,2.585000e+01,2.231000e+01,7.691000e-01,7.029000e-01,7.675000e-01
4.900000e+01,6.411000e+01,8.248000e+01,1.124000e+02,3.329000e+01,4.169000e+01,3.280000e+01,2.933000e+01,2.792000e+01,2.410000e+01,1.540000e-01,1.407000e-01,1.537000e-01
5.000000e+01,6.021000e+01,7.747000e+01,1.056000e+02,2.940000e+01,3.682000e+01,2.897000e+01,2.590000e+01,2.465000e+01,2.129000e+01,3.489000e-01,3.189000e-01,3.482000e-01
5.100000e+01,6.403000e+01,8.238000e+01,1.123000e+02,3.312000e+01,4.148000e+01,3.264000e+01,2.918000e+01,2.777000e+01,2.398000e+01,4.846000e-01,4.429000e-01,4.836000e-01
5.200000e+01,7.551000e+01,9.715000e+01,1.324000e+02,2.689000e+01,3.368000e+01,2.650000e+01,2.369000e+01,2.255000e+01,1.947000e+01,7.465000e-01,6.822000e-01,7.449000e-01
5.300000e+01,6.370000e+01,8.196000e+01,1.117000e+02,3.294000e+01,4.125000e+01,3.246000e+01,2.902000e+01,2.762000e+01,2.385000e+01,7.392000e-01,6.756000e-01,7.376000e-01
5.400000e+01,7.320000e+01,9.418000e+01,1.283000e+02,3.437000e+01,4.304000e+01,3.387000e+01,3.028000e+01,2.882000e+01,2.488000e+01,6.319000e-01,5.775000e-01,6.306000e-01
5.500000e+01,7.927000e+01,1.020000e+02,1.390000e+02,2.622000e+01,3.284000e+01,2.584000e+01,2.310000e+01,2.199000e+01,1.898000e+01,8.164000e-01,7.461000e-01,8.147000e-01
5.600000e+01,7.478000e+01,9.621000e+01,1.311000e+02,3.440000e+01,4.308000e+01,3.390000e+01,3.030000e+01,2.885000e+01,2.491000e+01,2.342000e-01,2.140000e-01,2.337000e-01
5.700000e+01,7.820000e+01,1.006000e+02,1.371000e+02,2.797000e+01,3.503000e+01,2.756000e+01,2.464000e+01,2.346000e+01,2.025000e+01,8.141000e-01,7.440000e-01,8.124000e-01
5.800000e+01,6.433000e+01,8.277000e+01,1.128000e+02,2.646000e+01,3.314000e+01,2.607000e+01,2.331000e+01,2.219000e+01,1.916000e+01,4.439000e-01,4.057000e-01,4.430000e-01
5.900000e+01,7.052000e+01,9.073000e+01,1.236000e+02,2.538000e+01,3.179000e+01,2.501000e+01,2.236000e+01,2.128000e+01,1.838000e+01,3.797000e-01,3.470000e-01,3.789000e-01
6.000000e+01,7.831000e+01,1.008000e+02,1.373000e+02,3.470000e+01,4.346000e+01,3.419000e+01,3.057000e+01,2.910000e+01,2.512000e+01,7.156000e-01,6.540000e-01,7.141000e-01
6.100000e+01,7.610000e+01,9.791000e+01,1.334000e+02,3.250000e+01,4.070000e+01,3.203000e+01,2.863000e+01,2.725000e+01,2.353000e+01,6.228000e-01,5.692000e-01,6.215000e-01
6.200000e+01,7.914000e+01,1.018000e+02,1.387000e+02,2.533000e+01,3.172000e+01,2.496000e+01,2.231000e+01,2.124000e+01,1.834000e+01,7.241000e-01,6.618000e-01,7.226000e-01
6.300000e+01,6.195000e+01,7.970000e+01,1.086000e+02,3.239000e+01,4.057000e+01,3.192000e+01,2.853000e+01,2.716000e+01,2.345000e+01,1.938000e-01,1.771000e-01,1.934000e-01
6.400000e+01,6.498000e+01,8.360000e+01,1.139000e+02,3.293000e+01,4.124000e+01,3.245000e+01,2.901000e+01,2.762000e+01,2.384000e+01,5.292000e-01,4.836000e-01,5.281000e-01
6.500000e+01,7.700000e+01,9.907000e+01,1.350000e+02,3.464000e+01,4.338000e+01,3.413000e+01,3.051000e+01,2.905000e+01,2.508000e+01,6.429000e-01,5.875000e-01,6.415000e-01
6.600000e+01,6.311000e+01,8.120000e+01,1.106000e+02,3.384000e+01,4.238000e+01,3.335000e+01,2.981000e+01,2.838000e+01,2.450000e+01,6.652000e-01,6.079000e-01,6.638000e-01
6.700000e+01,7.973000e+01,1.026000e+02,1.398000e+02,3.346000e+01,4.191000e+01,3.297000e+01,2.947000e+01,2.806000e+01,2.423000e+01,6.532000e-01,5.970000e-01,6.518000e-01
6.800000e+01,7.817000e+01,1.006000e+02,1.370000e+02,3.219000e+01,4.031000e+01,3.172000e+01,2.836000e+01,2.699000e+01,2.331000e+01,7.669000e-01,7.009000e-01,7.653000e-01
6.900000e+01,6.597000e+01,8.488000e+01,1.157000e+02,3.387000e+01,4.242000e+01,3.338000e+01,2.984000e+01,2.840000e+01,2.452000e+01,1.605000e-01,1.467000e-01,1.602000e-01
7.000000e+01,7.949000e+01,1.023000e+02,1.394000e+02,2.662000e+01,3.334000e+01,2.623000e+01,2.345000e+01,2.232000e+01,1.927000e+01,7.210000e-01,6.589000e-01,7.195000e-01
7.100000e+01,6.159000e+01,7.924000e+01,1.080000e+02,3.166000e+01,3.965000e+01,3.120000e+01,2.789000e+01,2.655000e+01,2.292000e+01,3.887000e-01,3.552000e-01,3.879000e-01
7.200000e+01,7.977000e+01,1.026000e+02,1.398000e+02,2.644000e+01,3.311000e+01,2.605000e+01,2.329000e+01,2.217000e+01,1.914000e+01,1.628000e-01,1.488000e-01,1.625000e-01
7.300000e+01,7.478000e+01,9.621000e+01,1.311000e+02,3.047000e+01,3.816000e+01,3.003000e+01,2.684000e+01,2.555000e+01,2.206000e+01,6.285000e-01,5.744000e-01,6.272000e-01
7.400000e+01,6.914000e+01,8.896000e+01,1.212000e+02,3.156000e+01,3.953000e+01,3.110000e+01,2.780000e+01,2.647000e+01,2.285000e+01,3.395000e-01,3.103000e-01,3.388000e-01
7.500000e+01,6.687000e+01,8.603000e+01,1.172000e+02,2.579000e+01,3.230000e+01,2.541000e+01,2.272000e+01,2.163000e+01,1.867000e+01,7.471000e-01,6.828000e-01,7.455000e-01
7.600000e+01,7.117000e+01,9.157000e+01,1.248000e+02,3.171000e+01,3.971000e+01,3.125000e+01,2.793000e+01,2.659000e+01,2.296000e+01,8.416000e-01,7.691000e-01,8.398000e-01
7.700000e+01,7.918000e+01,1.019000e+02,1.388000e+02,2.845000e+01,3.563000e+01,2.803000e+01,2.506000e+01,2.386000e+01,2.060000e+01,6.891000e-01,6.298000e-01,6.877000e-01
7.800000e+01,7.846000e+01,1.009000e+02,1.375000e+02,3.152000e+01,3.948000e+01,3.106000e+01,2.777000e+01,2.643000e+01,2.282000e+01,2.384000e-01,2.179000e-01,2.379000e-01
7.900000e+01,7.313000e+01,9.409000e+01,1.282000e+02,3.398000e+01,4.256000e+01,3.348000e+01,2.993000e+01,2.850000e+01,2.460000e+01,8.260000e-01,7.549000e-01,8.243000e-01
8.000000e+01,7.866000e+01,1.012000e+02,1.379000e+02,3.150000e+01,3.945000e+01,3.104000e+01,2.775000e+01,2.642000e+01,2.281000e+01,2.833000e-01,2.589000e-01,2.827000e-01
8.100000e+01,6.569000e+01,8.452000e+01,1.152000e+02,3.431000e+01,4.297000e+01,3.381000e+01,3.022000e+01,2.877000e+01,2.484000e+01,4.096000e-01,3.743000e-01,4.087000e-01
8.200000e+01,6.843000e+01,8.804000e+01,1.200000e+02,2.918000e+01,3.655000e+01,2.875000e+01,2.570000e+01,2.447000e+01,2.113000e+01,3.919000e-01,3.582000e-01,3.911000e-01
8.300000e+01,6.638000e+01,8.540000e+01,1.164000e+02,2.802000e+01,3.509000e+01,2.761000e+01,2.468000e+01,2.350000e+01,2.029000e+01,4.443000e-01,4.060000e-01,4.434000e-01
8.400000e+01,6.004000e+01,7.725000e+01,1.053000e+02,3.059000e+01,3.831000e+01,3.014000e+01,2.695000e+01,2.565000e+01,2.215000e+01,3.254000e-01,2.974000e-01,3.247000e-01
8.500000e+01,6.792000e+01,8.739000e+01,1.191000e+02,3.369000e+01,4.219000e+01,3.320000e+01,2.968000e+01,2.825000e+01,2.439000e+01,7.295000e-01,6.667000e-01,7.280000e-01
8.600000e+01,7.508000e+01,9.660000e+01,1.316000e+02,2.765000e+01,3.463000e+01,2.725000e+01,2.436000e+01,2.319000e+01,2.002000e+01,3.730000e-01,3.409000e-01,3.722000e-01
8.700000e+01,6.282000e+01,8.082000e+01,1.101000e+02,2.629000e+01,3.293000e+01,2.591000e+01,2.316000e+01,2.205000e+01,1.903000e+01,7.373000e-01,6.738000e-01,7.358000e-01
8.800000e+01,6.728000e+01,8.656000e+01,1.179000e+02,2.734000e+01,3.424000e+01,2.694000e+01,2.408000e+01,2.293000e+01,1.979000e+01,4.955000e-01,4.528000e-01,4.945000e-01
8.900000e+01,6.454000e+01,8.304000e+01,1.131000e+02,2.569000e+01,3.217000e+01,2.531000e+01,2.263000e+01,2.154000e+01,1.860000e+01,2.293000e-01,2.096000e-01,2.288000e-01
9.000000e+01,7.880000e+01,1.014000e+02,1.381000e+02,2.633000e+01,3.298000e+01,2.595000e+01,2.319000e+01,2.208000e+01,1.906000e+01,7.723000e-01,7.058000e-01,7.707000e-01
9.100000e+01,6.431000e+01,8.274000e+01,1.127000e+02,3.478000e+01,4.356000e+01,3.427000e+01,3.064000e+01,2.917000e+01,2.518000e+01,6.191000e-01,5.658000e-01,6.178000e-01
9.200000e+01,7.187000e+01,9.247000e+01,1.260000e+02,2.910000e+01,3.644000e+01,2.868000e+01,2.563000e+01,2.440000e+01,2.107000e+01,2.014000e-01,1.841000e-01,2.010000e-01
9.300000e+01,7.224000e+01,9.294000e+01,1.266000e+02,2.519000e+01,3.155000e+01,2.482000e+01,2.219000e+01,2.112000e+01,1.824000e+01,4.982000e-01,4.553000e-01,4.972000e-01
9.400000e+01,7.477000e+01,9.620000e+01,1.311000e+02,3.360000e+01,4.208000e+01,3.311000e+01,2.960000e+01,2.818000e+01,2.433000e+01,8.477000e-01,7.747000e-01,8.459000e-01
9.500000e+01,6.803000e+01,8.753000e+01,1.193000e+02,2.690000e+01,3.369000e+01,2.651000e+01,2.370000e+01,2.256000e+01,1.948000e+01,3.892000e-01,3.557000e-01,3.884000e-01
9.600000e+01,7.386000e+01,9.503000e+01,1.295000e+02,2.939000e+01,3.681000e+01,2.896000e+01,2.589000e+01,2.465000e+01,2.128000e+01,7.979000e-01,7.292000e-01,7.962000e-01
9.700000e+01,6.506000e+01,8.371000e+01,1.141000e+02,2.828000e+01,3.542000e+01,2.787000e+01,2.491000e+01,2.372000e+01,2.047000e+01,7.196000e-01,6.576000e-01,7.181000e-01
9.800000e+01,7.483000e+01,9.628000e+01,1.312000e+02,2.781000e+01,3.483000e+01,2.740000e+01,2.450000e+01,2.332000e+01,2.013000e+01,4.951000e-01,4.525000e-01,4.941000e-01
9.900000e+01,6.444000e+01,8.291000e+01,1.130000e+02,2.962000e+01,3.710000e+01,2.919000e+01,2.609000e+01,2.484000e+01,2.144000e+01,8.041000e-01,7.349000e-01,8.024000e-01
1.000000e+02,6.476000e+01,8.332000e+01,1.135000e+02,3.448000e+01,4.318000e+01,3.398000e+01,3.037000e+01,2.891000e+01,2.496000e+01,8.471000e-01,7.742000e-01,8.453000e-01
1.010000e+02,6.365000e+01,8.189000e+01,1.116000e+02,2.738000e+01,3.429000e+01,2.698000e+01,2.412000e+01,2.296000e+01,1.982000e+01,1.589000e-01,1.452000e-01,1.586000e-01
1.020000e+02,6.278000e+01,8.077000e+01,1.101000e+02,3.420000e+01,4.283000e+01,3.370000e+01,3.013000e+01,2.868000e+01,2.476000e+01,1.541000e-01,1.408000e-01,1.538000e-01
1.030000e+02,6.437000e+01,8.282000e+01,1.128000e+02,2.707000e+01,3.390000e+01,2.667000e+01,2.385000e+01,2.270000e+01,1.960000e+01,1.521000e-01,1.390000e-01,1.518000e-01
1.040000e+02,6.388000e+01,8.219000e+01,1.120000e+02,3.114000e+01,3.900000e+01,3.069000e+01,2.743000e+01,2.611000e+01,2.255000e+01,1.610000e-01,1.471000e-01,1.607000e-01
1.050000e+02,6.428000e+01,8.270000e+01,1.127000e+02,2.695000e+01,3.375000e+01,2.656000e+01,2.374000e+01,2.260000e+01,1.951000e+01,1.522000e-01,1.391000e-01,1.519000e-01
1.060000e+02,6.393000e+01,8.225000e+01,1.121000e+02,2.749000e+01,3.443000e+01,2.709000e+01,2.422000e+01,2.305000e+01,1.990000e+01,1.923000e-01,1.757000e-01,1.919000e-01
1.070000e+02,6.384000e+01,8.214000e+01,1.119000e+02,3.348000e+01,4.193000e+01,3.299000e+01,2.949000e+01,2.808000e+01,2.424000e+01,1.886000e-01,1.724000e-01,1.882000e-01
1.080000e+02,6.391000e+01,8.223000e+01,1.120000e+02,2.581000e+01,3.232000e+01,2.543000e+01,2.274000e+01,2.164000e+01,1.869000e+01,1.546000e-01,1.413000e-01,1.543000e-01
1.090000e+02,6.294000e+01,8.098000e+01,1.103000e+02,2.638000e+01,3.304000e+01,2.599000e+01,2.324000e+01,2.212000e+01,1.910000e+01,1.582000e-01,1.446000e-01,1.579000e-01
1.100000e+02,6.553000e+01,8.431000e+01,1.149000e+02,3.369000e+01,4.219000e+01,3.320000e+01,2.968000e+01,2.825000e+01,2.439000e+01,1.533000e-01,1.401000e-01,1.530000e-01
1.110000e+02,6.340000e+01,8.157000e+01,1.111000e+02,2.666000e+01,3.339000e+01,2.627000e+01,2.348000e+01,2.236000e+01,1.930000e+01,1.540000e-01,1.407000e-01,1.537000e-01
1.120000e+02,6.260000e+01,8.054000e+01,1.097000e+02,3.158000e+01,3.955000e+01,3.112000e+01,2.782000e+01,2.648000e+01,2.286000e+01,1.697000e-01,1.551000e-01,1.693000e-01
1.130000e+02,6.345000e+01,8.163000e+01,1.112000e+02,3.210000e+01,4.020000e+01,3.163000e+01,2.828000e+01,2.692000e+01,2.324000e+01,1.578000e-01,1.442000e-01,1.575000e-01
1.140000e+02,6.535000e+01,8.408000e+01,1.146000e+02,3.104000e+01,3.887000e+01,3.059000e+01,2.734000e+01,2.603000e+01,2.247000e+01,1.551000e-01,1.417000e-01,1.548000e-01
1.150000e+02,6.359000e+01,8.181000e+01,1.115000e+02,2.778000e+01,3.479000e+01,2.737000e+01,2.447000e+01,2.330000e+01,2.011000e+01,1.530000e-01,1.398000e-01,1.527000e-01
1.160000e+02,6.389000e+01,8.220000e+01,1.120000e+02,3.442000e+01,4.311000e+01,3.392000e+01,3.032000e+01,2.886000e+01,2.492000e+01,1.526000e-01,1.395000e-01,1.523000e-01
1.170000e+02,6.319000e+01,8.130000e+01,1.108000e+02,2.519000e+01,3.155000e+01,2.482000e+01,2.219000e+01,2.112000e+01,1.824000e+01,1.535000e-01,1.403000e-01,1.532000e-01
1.180000e+02,6.295000e+01,8.099000e+01,1.104000e+02,2.701000e+01,3.383000e+01,2.662000e+01,2.379000e+01,2.265000e+01,1.956000e+01,1.663000e-01,1.520000e-01,1.660000e-01
1.190000e+02,6.330000e+01,8.144000e+01,1.110000e+02,3.389000e+01,4.244000e+01,3.340000e+01,2.985000e+01,2.842000e+01,2.454000e+01,1.683000e-01,1.538000e-01,1.679000e-01
1.200000e+02,6.462000e+01,8.314000e+01,1.133000e+02,3.467000e+01,4.342000e+01,3.416000e+01,3.054000e+01,2.907000e+01,2.510000e+01,1.595000e-01,1.458000e-01,1.592000e-01
1.210000e+02,6.288000e+01,8.090000e+01,1.102000e+02,2.939000e+01,3.681000e+01,2.896000e+01,2.589000e+01,2.465000e+01,2.128000e+01,1.525000e-01,1.394000e-01,1.522000e-01
1.220000e+02,6.351000e+01,8.171000e+01,1.113000e+02,3.261000e+01,4.084000e+01,3.213000e+01,2.873000e+01,2.735000e+01,2.361000e+01,1.968000e-01,1.799000e-01,1.964000e-01
1.230000e+02,6.623000e+01,8.521000e+01,1.161000e+02,3.055000e+01,3.826000e+01,3.010000e+01,2.691000e+01,2.562000e+01,2.212000e+01,1.570000e-01,1.435000e-01,1.567000e-01
1.240000e+02,6.531000e+01,8.403000e+01,1.145000e+02,2.612000e+01,3.271000e+01,2.574000e+01,2.301000e+01,2.190000e+01,1.891000e+01,1.569000e-01,1.434000e-01,1.566000e-01
1.250000e+02,6.458000e+01,8.309000e+01,1.132000e+02,2.687000e+01,3.365000e+01,2.648000e+01,2.367000e+01,2.253000e+01,1.945000e+01,1.523000e-01,1.392000e-01,1.520000e-01
1.260000e+02,6.413000e+01,8.251000e+01,1.124000e+02,2.950000e+01,3.695000e+01,2.907000e+01,2.599000e+01,2.474000e+01,2.136000e+01,2.219000e-01,2.028000e-01,2.214000e-01
1.270000e+02,6.240000e+01,8.028000e+01,1.094000e+02,2.581000e+01,3.232000e+01,2.543000e+01,2.274000e+01,2.164000e+01,1.869000e+01,1.536000e-01,1.404000e-01,1.533000e-01
1.280000e+02,6.447000e+01,8.295000e+01,1.130000e+02,2.603000e+01,3.260000e+01,2.565000e+01,2.293000e+01,2.183000e+01,1.885000e+01,1.585000e-01,1.449000e-01,1.582000e-01
1.290000e+02,6.493000e+01,8.354000e+01,1.138000e+02,3.281000e+01,4.109000e+01,3.233000e+01,2.890000e+01,2.751000e+01,2.375000e+01,1.722000e-01,1.574000e-01,1.718000e-01
1.300000e+02,6.266000e+01,8.062000e+01,1.098000e+02,2.691000e+01,3.370000e+01,2.652000e+01,2.371000e+01,2.257000e+01,1.948000e+01,1.556000e-01,1.422000e-01,1.553000e-01
1.310000e+02,6.705000e+01,8.627000e+01,1.175000e+02,2.753000e+01,3.448000e+01,2.713000e+01,2.425000e+01,2.309000e+01,1.993000e+01,1.530000e-01,1.398000e-01,1.527000e-01
1.320000e+02,6.311000e+01,8.120000e+01,1.106000e+02,2.522000e+01,3.159000e+01,2.485000e+01,2.222000e+01,2.115000e+01,1.826000e+01,1.595000e-01,1.458000e-01,1.592000e-01
1.330000e+02,6.448000e+01,8.296000e+01,1.130000e+02,2.557000e+01,3.202000e+01,2.520000e+01,2.252000e+01,2.144000e+01,1.851000e+01,1.940000e-01,1.773000e-01,1.936000e-01
1.340000e+02,6.424000e+01,8.265000e+01,1.126000e+02,2.626000e+01,3.289000e+01,2.588000e+01,2.313000e+01,2.202000e+01,1.901000e+01,1.546000e-01,1.413000e-01,1.543000e-01
1.350000e+02,6.433000e+01,8.277000e+01,1.128000e+02,2.730000e+01,3.419000e+01,2.690000e+01,2.405000e+01,2.289000e+01,1.977000e+01,1.567000e-01,1.432000e-01,1.564000e-01
1.360000e+02,6.451000e+01,8.300000e+01,1.131000e+02,2.631000e+01,3.295000e+01,2.593000e+01,2.318000e+01,2.206000e+01,1.905000e+01,1.591000e-01,1.454000e-01,1.588000e-01
1.370000e+02,6.484000e+01,8.342000e+01,1.137000e+02,3.063000e+01,3.836000e+01,3.018000e+01,2.698000e+01,2.569000e+01,2.218000e+01,1.562000e-01,1.428000e-01,1.559000e-01
1.380000e+02,6.323000e+01,8.135000e+01,1.108000e+02,2.870000e+01,3.594000e+01,2.828000e+01,2.528000e+01,2.407000e+01,2.078000e+01,1.518000e-01,1.387000e-01,1.515000e-01
1.390000e+02,6.613000e+01,8.508000e+01,1.159000e+02,2.935000e+01,3.676000e+01,2.892000e+01,2.585000e+01,2.461000e+01,2.125000e+01,1.755000e-01,1.604000e-01,1.751000e-01
1.400000e+02,6.517000e+01,8.385000e+01,1.142000e+02,2.643000e+01,3.310000e+01,2.604000e+01,2.328000e+01,2.216000e+01,1.914000e+01,1.530000e-01,1.398000e-01,1.527000e-01
1.410000e+02,6.449000e+01,8.297000e+01,1.131000e+02,2.564000e+01,3.211000e+01,2.527000e+01,2.259000e+01,2.150000e+01,1.856000e+01,1.644000e-01,1.502000e-01,1.641000e-01
1.420000e+02,6.409000e+01,8.246000e+01,1.124000e+02,2.618000e+01,3.279000e+01,2.580000e+01,2.306000e+01,2.195000e+01,1.895000e+01,1.579000e-01,1.443000e-01,1.576000e-01
1.430000e+02,6.416000e+01,8.255000e+01,1.125000e+02,2.518000e+01,3.154000e+01,2.481000e+01,2.218000e+01,2.112000e+01,1.823000e+01,1.509000e-01,1.379000e-01,1.506000e-01
1.440000e+02,6.489000e+01,8.349000e+01,1.138000e+02,2.519000e+01,3.155000e+01,2.482000e+01,2.219000e+01,2.112000e+01,1.824000e+01,1.560000e-01,1.426000e-01,1.557000e-01
1.450000e+02,6.351000e+01,8.171000e+01,1.113000e+02,2.519000e+01,3.155000e+01,2.482000e+01,2.219000e+01,2.112000e+01,1.824000e+01,1.527000e-01,1.396000e-01,1.524000e-01
1.460000e+02,6.276000e+01,8.075000e+01,1.100000e+02,2.542000e+01,3.184000e+01,2.505000e+01,2.239000e+01,2.132000e+01,1.840000e+01,1.637000e-01,1.496000e-01,1.634000e-01
1.470000e+02,6.449000e+01,8.297000e+01,1.131000e+02,2.675000e+01,3.350000e+01,2.636000e+01,2.356000e+01,2.243000e+01,1.937000e+01,1.559000e-01,1.425000e-01,1.556000e-01
1.480000e+02,6.364000e+01,8.188000e+01,1.116000e+02,2.872000e+01,3.597000e+01,2.830000e+01,2.530000e+01,2.408000e+01,2.079000e+01,1.515000e-01,1.385000e-01,1.512000e-01
1.490000e+02,6.634000e+01,8.535000e+01,1.163000e+02,3.378000e+01,4.231000e+01,3.329000e+01,2.976000e+01,2.833000e+01,2.446000e+01,1.718000e-01,1.570000e-01,1.714000e-01
1.500000e+02,6.420000e+01,8.260000e+01,1.125000e+02,2.680000e+01,3.356000e+01,2.641000e+01,2.361000e+01,2.247000e+01,1.940000e+01,1.538000e-01,1.406000e-01,1.535000e-01
1.510000e+02,6.404000e+01,8.239000e+01,1.123000e+02,2.909000e+01,3.643000e+01,2.867000e+01,2.563000e+01,2.439000e+01,2.106000e+01,1.649000e-01,1.507000e-01,1.646000e-01
1.520000e+02,6.464000e+01,8.317000e+01,1.133000e+02,2.573000e+01,3.222000e+01,2.535000e+01,2.267000e+01,2.158000e+01,1.863000e+01,1.580000e-01,1.444000e-01,1.577000e-01
1.530000e+02,6.428000e+01,8.270000e+01,1.127000e+02,2.940000e+01,3.682000e+01,2.897000e+01,2.590000e+01,2.465000e+01,2.129000e+01,1.533000e-01,1.401000e-01,1.530000e-01
1.540000e+02,6.385000e+01,8.215000e+01,1.119000e+02,3.431000e+01,4.297000e+01,3.381000e+01,3.022000e+01,2.877000e+01,2.484000e+01,2.011000e-01,1.838000e-01,2.007000e-01
1.550000e+02,6.546000e+01,8.422000e+01,1.148000e+02,2.604000e+01,3.261000e+01,2.566000e+01,2.294000e+01,2.184000e+01,1.885000e+01,1.517000e-01,1.386000e-01,1.514000e-01
1.560000e+02,6.395000e+01,8.228000e+01,1.121000e+02,2.714000e+01,3.399000e+01,2.674000e+01,2.391000e+01,2.276000e+01,1.965000e+01,1.538000e-01,1.406000e-01,1.535000e-01
1.570000e+02,6.321000e+01,8.133000e+01,1.108000e+02,3.350000e+01,4.196000e+01,3.301000e+01,2.951000e+01,2.809000e+01,2.425000e+01,1.608000e-01,1.470000e-01,1.605000e-01
1.580000e+02,6.490000e+01,8.350000e+01,1.138000e+02,2.619000e+01,3.280000e+01,2.581000e+01,2.307000e+01,2.196000e+01,1.896000e+01,1.581000e-01,1.445000e-01,1.578000e-01
1.590000e+02,6.412000e+01,8.250000e+01,1.124000e+02,3.296000e+01,4.128000e+01,3.248000e+01,2.903000e+01,2.764000e+01,2.386000e+01,1.562000e-01,1.428000e-01,1.559000e-01
1.600000e+02,6.439000e+01,8.284000e+01,1.129000e+02,2.750000e+01,3.444000e+01,2.710000e+01,2.422000e+01,2.306000e+01,1.991000e+01,1.532000e-01,1.400000e-01,1.529000e-01
1.610000e+02,6.378000e+01,8.206000e+01,1.118000e+02,3.081000e+01,3.859000e+01,3.036000e+01,2.714000e+01,2.584000e+01,2.231000e+01,1.585000e-01,1.449000e-01,1.582000e-01
1.620000e+02,6.361000e+01,8.184000e+01,1.115000e+02,2.581000e+01,3.232000e+01,2.543000e+01,2.274000e+01,2.164000e+01,1.869000e+01,1.555000e-01,1.421000e-01,1.552000e-01
1.630000e+02,6.424000e+01,8.265000e+01,1.126000e+02,2.777000e+01,3.478000e+01,2.736000e+01,2.446000e+01,2.329000e+01,2.011000e+01,1.545000e-01,1.412000e-01,1.542000e-01
1.640000e+02,6.567000e+01,8.449000e+01,1.151000e+02,2.677000e+01,3.353000e+01,2.638000e+01,2.358000e+01,2.245000e+01,1.938000e+01,1.550000e-01,1.417000e-01,1.547000e-01
1.650000e+02,6.433000e+01,8.277000e+01,1.128000e+02,2.826000e+01,3.539000e+01,2.785000e+01,2.489000e+01,2.370000e+01,2.046000e+01,1.819000e-01,1.662000e-01,1.815000e-01
1.660000e+02,6.262000e+01,8.057000e+01,1.098000e+02,2.670000e+01,3.344000e+01,2.631000e+01,2.352000e+01,2.239000e+01,1.933000e+01,1.529000e-01,1.397000e-01,1.526000e-01
1.670000e+02,6.467000e+01,8.320000e+01,1.134000e+02,2.557000e+01,3.202000e+01,2.520000e+01,2.252000e+01,2.144000e+01,1.851000e+01,1.568000e-01,1.433000e-01,1.565000e-01
1.680000e+02,6.349000e+01,8.169000e+01,1.113000e+02,3.400000e+01,4.258000e+01,3.350000e+01,2.995000e+01,2.851000e+01,2.462000e+01,1.527000e-01,1.396000e-01,1.524000e-01
1.690000e+02,6.445000e+01,8.292000e+01,1.130000e+02,2.655000e+01,3.325000e+01,2.616000e+01,2.339000e+01,2.226000e+01,1.922000e+01,2.490000e-01,2.276000e-01,2.485000e-01
1.700000e+02,6.393000e+01,8.225000e+01,1.121000e+02,2.781000e+01,3.483000e+01,2.740000e+01,2.450000e+01,2.332000e+01,2.013000e+01,1.551000e-01,1.417000e-01,1.548000e-01
1.710000e+02,6.329000e+01,8.143000e+01,1.110000e+02,3.063000e+01,3.836000e+01,3.018000e+01,2.698000e+01,2.569000e+01,2.218000e+01,1.564000e-01,1.429000e-01,1.561000e-01
1.720000e+02,6.439000e+01,8.284000e+01,1.129000e+02,3.194000e+01,4.000000e+01,3.147000e+01,2.814000e+01,2.678000e+01,2.312000e+01,1.559000e-01,1.425000e-01,1.556000e-01
1.730000e+02,6.323000e+01,8.135000e+01,1.108000e+02,2.617000e+01,3.278000e+01,2.579000e+01,2.305000e+01,2.195000e+01,1.895000e+01,1.599000e-01,1.461000e-01,1.596000e-01
1.740000e+02,6.416000e+01,8.255000e+01,1.125000e+02,3.248000e+01,4.068000e+01,3.201000e+01,2.861000e+01,2.724000e+01,2.352000e+01,1.680000e-01,1.535000e-01,1.676000e-01
1.750000e+02,6.370000e+01,8.196000e+01,1.117000e+02,3.003000e+01,3.761000e+01,2.959000e+01,2.645000e+01,2.518000e+01,2.174000e+01,1.581000e-01,1.445000e-01,1.578000e-01
1.760000e+02,6.376000e+01,8.203000e+01,1.118000e+02,2.710000e+01,3.394000e+01,2.670000e+01,2.387000e+01,2.273000e+01,1.962000e+01,1.730000e-01,1.581000e-01,1.726000e-01
1.770000e+02,6.390000e+01,8.221000e+01,1.120000e+02,2.849000e+01,3.568000e+01,2.807000e+01,2.510000e+01,2.389000e+01,2.063000e+01,1.563000e-01,1.428000e-01,1.560000e-01
1.780000e+02,6.497000e+01,8.359000e+01,1.139000e+02,2.607000e+01,3.265000e+01,2.569000e+01,2.297000e+01,2.186000e+01,1.887000e+01,1.543000e-01,1.410000e-01,1.540000e-01
1.790000e+02,6.353000e+01,8.174000e+01,1.114000e+02,3.217000e+01,4.029000e+01,3.170000e+01,2.834000e+01,2.698000e+01,2.329000e+01,2.350000e-01,2.148000e-01,2.345000e-01
1.800000e+02,6.485000e+01,8.344000e+01,1.137000e+02,3.233000e+01,4.049000e+01,3.186000e+01,2.848000e+01,2.711000e+01,2.341000e+01,1.545000e-01,1.412000e-01,1.542000e-01
1.810000e+02,6.303000e+01,8.109000e+01,1.105000e+02,3.429000e+01,4.294000e+01,3.379000e+01,3.021000e+01,2.876000e+01,2.483000e+01,1.648000e-01,1.506000e-01,1.645000e-01
1.820000e+02,6.276000e+01,8.075000e+01,1.100000e+02,3.110000e+01,3.895000e+01,3.065000e+01,2.740000e+01,2.608000e+01,2.252000e+01,1.546000e-01,1.413000e-01,1.543000e-01
1.830000e+02,6.357000e+01,8.179000e+01,1.114000e+02,3.452000e+01,4.323000e+01,3.402000e+01,3.041000e+01,2.895000e+01,2.499000e+01,1.553000e-01,1.419000e-01,1.550000e-01
1.840000e+02,6.378000e+01,8.206000e+01,1.118000e+02,2.984000e+01,3.737000e+01,2.940000e+01,2.629000e+01,2.502000e+01,2.160000e+01,1.780000e-01,1.627000e-01,1.776000e-01
1.850000e+02,6.366000e+01,8.190000e+01,1.116000e+02,3.457000e+01,4.330000e+01,3.407000e+01,3.045000e+01,2.899000e+01,2.503000e+01,1.529000e-01,1.397000e-01,1.526000e-01
1.860000e+02,6.398000e+01,8.232000e+01,1.122000e+02,3.243000e+01,4.062000e+01,3.196000e+01,2.857000e+01,2.720000e+01,2.348000e+01,1.523000e-01,1.392000e-01,1.520000e-01
1.870000e+02,6.341000e+01,8.158000e+01,1.112000e+02,2.884000e+01,3.612000e+01,2.842000e+01,2.541000e+01,2.419000e+01,2.088000e+01,1.567000e-01,1.432000e-01,1.564000e-01
1.880000e+02,6.468000e+01,8.322000e+01,1.134000e+02,2.747000e+01,3.440000e+01,2.707000e+01,2.420000e+01,2.304000e+01,1.989000e+01,1.565000e-01,1.430000e-01,1.562000e-01
1.890000e+02,6.411000e+01,8.248000e+01,1.124000e+02,2.875000e+01,3.601000e+01,2.833000e+01,2.533000e+01,2.411000e+01,2.081000e+01,1.651000e-01,1.509000e-01,1.648000e-01
1.900000e+02,6.366000e+01,8.190000e+01,1.116000e+02,3.370000e+01,4.221000e+01,3.321000e+01,2.969000e+01,2.826000e+01,2.440000e+01,2.291000e-01,2.094000e-01,2.286000e-01
1.910000e+02,6.513000e+01,8.380000e+01,1.142000e+02,3.313000e+01,4.149000e+01,3.265000e+01,2.918000e+01,2.778000e+01,2.399000e+01,1.519000e-01,1.388000e-01,1.516000e-01
1.920000e+02,6.422000e+01,8.263000e+01,1.126000e+02,3.072000e+01,3.847000e+01,3.027000e+01,2.706000e+01,2.576000e+01,2.224000e+01,1.669000e-01,1.525000e-01,1.665000e-01
1.930000e+02,6.354000e+01,8.175000e+01,1.114000e+02,3.035000e+01,3.801000e+01,2.991000e+01,2.674000e+01,2.545000e+01,2.197000e+01,1.601000e-01,1.463000e-01,1.598000e-01
1.940000e+02,6.450000e+01,8.299000e+01,1.131000e+02,2.917000e+01,3.653000e+01,2.874000e+01,2.570000e+01,2.446000e+01,2.112000e+01,1.563000e-01,1.428000e-01,1.560000e-01
1.950000e+02,6.566000e+01,8.448000e+01,1.151000e+02,3.288000e+01,4.118000e+01,3.240000e+01,2.896000e+01,2.757000e+01,2.381000e+01,1.598000e-01,1.460000e-01,1.595000e-01
1.960000e+02,6.488000e+01,8.347000e+01,1.137000e+02,2.810000e+01,3.519000e+01,2.769000e+01,2.475000e+01,2.356000e+01,2.034000e+01,1.663000e-01,1.520000e-01,1.660000e-01
1.970000e+02,6.475000e+01,8.331000e+01,1.135000e+02,3.461000e+01,4.335000e+01,3.410000e+01,3.049000e+01,2.902000e+01,2.506000e+01,1.568000e-01,1.433000e-01,1.565000e-01
1.980000e+02,6.373000e+01,8.200000e+01,1.117000e+02,3.419000e+01,4.282000e+01,3.369000e+01,3.012000e+01,2.867000e+01,2.475000e+01,1.686000e-01,1.541000e-01,1.682000e-01
1.990000e+02,6.393000e+01,8.225000e+01,1.121000e+02,2.895000e+01,3.626000e+01,2.853000e+01,2.550000e+01,2.428000e+01,2.096000e+01,1.561000e-01,1.427000e-01,1.558000e-01
2.000000e+02,6.482000e+01,8.340000e+01,1.136000e+02,3.340000e+01,4.183000e+01,3.291000e+01,2.942000e+01,2.801000e+01,2.418000e+01,1.551000e-01,1.417000e-01,1.548000e-01
2.010000e+02,6.453000e+01,8.302000e+01,1.131000e+02,2.958000e+01,3.705000e+01,2.915000e+01,2.606000e+01,2.481000e+01,2.142000e+01,2.192000e-01,2.003000e-01,2.187000e-01
2.020000e+02,6.373000e+01,8.200000e+01,1.117000e+02,2.879000e+01,3.606000e+01,2.837000e+01,2.536000e+01,2.414000e+01,2.084000e+01,1.522000e-01,1.391000e-01,1.519000e-01
2.030000e+02,6.488000e+01,8.347000e+01,1.137000e+02,2.616000e+01,3.276000e+01,2.578000e+01,2.304000e+01,2.194000e+01,1.894000e+01,1.572000e-01,1.437000e-01,1.569000e-01
2.040000e+02,6.433000e+01,8.277000e+01,1.128000e+02,3.118000e+01,3.905000e+01,3.072000e+01,2.747000e+01,2.615000e+01,2.257000e+01,1.565000e-01,1.430000e-01,1.562000e-01
2.050000e+02,6.464000e+01,8.317000e+01,1.133000e+02,3.370000e+01,4.221000e+01,3.321000e+01,2.969000e+01,2.826000e+01,2.440000e+01,1.513000e-01,1.383000e-01,1.510000e-01
2.060000e+02,6.409000e+01,8.246000e+01,1.124000e+02,2.527000e+01,3.165000e+01,2.490000e+01,2.226000e+01,2.119000e+01,1.830000e+01,1.534000e-01,1.402000e-01,1.531000e-01
2.070000e+02,6.384000e+01,8.214000e+01,1.119000e+02,3.244000e+01,4.063000e+01,3.197000e+01,2.858000e+01,2.720000e+01,2.349000e+01,1.651000e-01,1.509000e-01,1.648000e-01
2.080000e+02,6.347000e+01,8.166000e+01,1.113000e+02,3.158000e+01,3.955000e+01,3.112000e+01,2.782000e+01,2.648000e+01,2.286000e+01,1.576000e-01,1.440000e-01,1.573000e-01
2.090000e+02,6.511000e+01,8.377000e+01,1.141000e+02,3.476000e+01,4.353000e+01,3.425000e+01,3.062000e+01,2.915000e+01,2.517000e+01,1.524000e-01,1.393000e-01,1.521000e-01
2.100000e+02,6.472000e+01,8.327000e+01,1.135000e+02,2.624000e+01,3.286000e+01,2.586000e+01,2.311000e+01,2.200000e+01,1.900000e+01,1.593000e-01,1.456000e-01,1.590000e-01
2.110000e+02,6.381000e+01,8.210000e+01,1.119000e+02,3.197000e+01,4.004000e+01,3.150000e+01,2.816000e+01,2.681000e+01,2.315000e+01,1.604000e-01,1.466000e-01,1.601000e-01
2.120000e+02,6.315000e+01,8.125000e+01,1.107000e+02,2.576000e+01,3.226000e+01,2.538000e+01,2.269000e+01,2.160000e+01,1.865000e+01,1.513000e-01,1.383000e-01,1.510000e-01
2.130000e+02,6.451000e+01,8.300000e+01,1.131000e+02,3.189000e+01,3.994000e+01,3.142000e+01,2.809000e+01,2.674000e+01,2.309000e+01,1.515000e-01,1.385000e-01,1.512000e-01
2.140000e+02,6.347000e+01,8.166000e+01,1.113000e+02,3.394000e+01,4.251000e+01,3.344000e+01,2.990000e+01,2.846000e+01,2.457000e+01,1.511000e-01,1.381000e-01,1.508000e-01
2.150000e+02,6.330000e+01,8.144000e+01,1.110000e+02,3.042000e+01,3.810000e+01,2.998000e+01,2.680000e+01,2.551000e+01,2.202000e+01,1.574000e-01,1.438000e-01,1.571000e-01
2.160000e+02,6.264000e+01,8.059000e+01,1.098000e+02,2.704000e+01,3.386000e+01,2.665000e+01,2.382000e+01,2.268000e+01,1.958000e+01,1.659000e-01,1.516000e-01,1.656000e-01
2.170000e+02,6.593000e+01,8.483000e+01,1.156000e+02,3.061000e+01,3.834000e+01,3.016000e+01,2.696000e+01,2.567000e+01,2.216000e+01,1.517000e-01,1.386000e-01,1.514000e-01
2.180000e+02,6.342000e+01,8.160000e+01,1.112000e+02,2.895000e+01,3.626000e+01,2.853000e+01,2.550000e+01,2.428000e+01,2.096000e+01,1.530000e-01,1.398000e-01,1.527000e-01
2.190000e+02,6.404000e+01,8.239000e+01,1.123000e+02,2.667000e+01,3.340000e+01,2.628000e+01,2.349000e+01,2.237000e+01,1.931000e+01,1.643000e-01,1.502000e-01,1.640000e-01
2.200000e+02,6.554000e+01,8.432000e+01,1.149000e+02,3.355000e+01,4.202000e+01,3.306000e+01,2.955000e+01,2.814000e+01,2.429000e+01,1.577000e-01,1.441000e-01,1.574000e-01
2.210000e+02,6.396000e+01,8.229000e+01,1.121000e+02,2.763000e+01,3.460000e+01,2.723000e+01,2.434000e+01,2.317000e+01,2.000000e+01,1.828000e-01,1.671000e-01,1.824000e-01
2.220000e+02,6.437000e+01,8.282000e+01,1.128000e+02,3.451000e+01,4.322000e+01,3.401000e+01,3.040000e+01,2.894000e+01,2.499000e+01,1.519000e-01,1.388000e-01,1.516000e-01
2.230000e+02,6.344000e+01,8.162000e+01,1.112000e+02,3.305000e+01,4.139000e+01,3.257000e+01,2.911000e+01,2.772000e+01,2.393000e+01,1.588000e-01,1.451000e-01,1.585000e-01
2.240000e+02,6.374000e+01,8.201000e+01,1.117000e+02,3.478000e+01,4.356000e+01,3.427000e+01,3.064000e+01,2.917000e+01,2.518000e+01,1.674000e-01,1.530000e-01,1.670000e-01
2.250000e+02,6.414000e+01,8.252000e+01,1.124000e+02,2.592000e+01,3.246000e+01,2.554000e+01,2.283000e+01,2.174000e+01,1.877000e+01,1.703000e-01,1.556000e-01,1.699000e-01
2.260000e+02,6.547000e+01,8.423000e+01,1.148000e+02,2.794000e+01,3.499000e+01,2.753000e+01,2.461000e+01,2.343000e+01,2.023000e+01,1.530000e-01,1.398000e-01,1.527000e-01
2.270000e+02,6.321000e+01,8.133000e+01,1.108000e+02,3.147000e+01,3.941000e+01,3.101000e+01,2.772000e+01,2.639000e+01,2.278000e+01,1.615000e-01,1.476000e-01,1.612000e-01
2.280000e+02,6.348000e+01,8.167000e+01,1.113000e+02,2.768000e+01,3.467000e+01,2.728000e+01,2.438000e+01,2.321000e+01,2.004000e+01,1.563000e-01,1.428000e-01,1.560000e-01
2.290000e+02,6.322000e+01,8.134000e+01,1.108000e+02,3.459000e+01,4.332000e+01,3.408000e+01,3.047000e+01,2.901000e+01,2.504000e+01,1.525000e-01,1.394000e-01,1.522000e-01
2.300000e+02,6.461000e+01,8.313000e+01,1.133000e+02,3.364000e+01,4.213000e+01,3.315000e+01,2.963000e+01,2.821000e+01,2.436000e+01,1.876000e-01,1.714000e-01,1.872000e-01
2.310000e+02,6.389000e+01,8.220000e+01,1.120000e+02,3.125000e+01,3.914000e+01,3.079000e+01,2.753000e+01,2.621000e+01,2.262000e+01,1.557000e-01,1.423000e-01,1.554000e-01
2.320000e+02,6.499000e+01,8.362000e+01,1.139000e+02,3.417000e+01,4.279000e+01,3.367000e+01,3.010000e+01,2.865000e+01,2.474000e+01,1.804000e-01,1.649000e-01,1.800000e-01
2.330000e+02,6.290000e+01,8.093000e+01,1.103000e+02,2.971000e+01,3.721000e+01,2.928000e+01,2.617000e+01,2.491000e+01,2.151000e+01,1.534000e-01,1.402000e-01,1.531000e-01
2.340000e+02,6.378000e+01,8.206000e+01,1.118000e+02,3.122000e+01,3.910000e+01,3.076000e+01,2.750000e+01,2.618000e+01,2.260000e+01,1.535000e-01,1.403000e-01,1.532000e-01
2.350000e+02,6.523000e+01,8.392000e+01,1.144000e+02,3.460000e+01,4.333000e+01,3.409000e+01,3.048000e+01,2.902000e+01,2.505000e+01,1.517000e-01,1.386000e-01,1.514000e-01
2.360000e+02,6.456000e+01,8.306000e+01,1.132000e+02,3.139000e+01,3.931000e+01,3.093000e+01,2.765000e+01,2.632000e+01,2.273000e+01,1.770000e-01,1.618000e-01,1.766000e-01
2.370000e+02,6.395000e+01,8.228000e+01,1.121000e+02,2.732000e+01,3.422000e+01,2.692000e+01,2.407000e+01,2.291000e+01,1.978000e+01,1.533000e-01,1.401000e-01,1.530000e-01
2.380000e+02,6.333000e+01,8.148000e+01,1.110000e+02,2.647000e+01,3.315000e+01,2.608000e+01,2.332000e+01,2.220000e+01,1.916000e+01,1.535000e-01,1.403000e-01,1.532000e-01
2.390000e+02,6.320000e+01,8.131000e+01,1.108000e+02,3.261000e+01,4.084000e+01,3.213000e+01,2.873000e+01,2.735000e+01,2.361000e+01,1.623000e-01,1.483000e-01,1.620000e-01
2.400000e+02,6.313000e+01,8.122000e+01,1.107000e+02,2.661000e+01,3.333000e+01,2.622000e+01,2.344000e+01,2.232000e+01,1.927000e+01,1.527000e-01,1.396000e-01,1.524000e-01
2.410000e+02,6.301000e+01,8.107000e+01,1.105000e+02,3.039000e+01,3.806000e+01,2.995000e+01,2.677000e+01,2.549000e+01,2.200000e+01,1.535000e-01,1.403000e-01,1.532000e-01
2.420000e+02,6.342000e+01,8.160000e+01,1.112000e+02,2.722000e+01,3.409000e+01,2.682000e+01,2.398000e+01,2.283000e+01,1.971000e+01,1.678000e-01,1.534000e-01,1.674000e-01
2.430000e+02,6.460000e+01,8.311000e+01,1.133000e+02,3.253000e+01,4.074000e+01,3.206000e+01,2.866000e+01,2.728000e+01,2.355000e+01,1.650000e-01,1.508000e-01,1.647000e-01
2.440000e+02,6.300000e+01,8.106000e+01,1.104000e+02,3.005000e+01,3.763000e+01,2.961000e+01,2.647000e+01,2.520000e+01,2.176000e+01,1.537000e-01,1.405000e-01,1.534000e-01
2.450000e+02,6.359000e+01,8.181000e+01,1.115000e+02,2.836000e+01,3.552000e+01,2.795000e+01,2.498000e+01,2.378000e+01,2.053000e+01,1.598000e-01,1.460000e-01,1.595000e-01
2.460000e+02,6.239000e+01,8.027000e+01,1.094000e+02,3.436000e+01,4.303000e+01,3.386000e+01,3.027000e+01,2.881000e+01,2.488000e+01,1.701000e-01,1.555000e-01,1.697000e-01
2.470000e+02,6.491000e+01,8.351000e+01,1.138000e+02,3.184000e+01,3.988000e+01,3.138000e+01,2.805000e+01,2.670000e+01,2.305000e+01,1.529000e-01,1.397000e-01,1.526000e-01
2.480000e+02,6.411000e+01,8.248000e+01,1.124000e+02,3.406000e+01,4.266000e+01,3.356000e+01,3.000000e+01,2.856000e+01,2.466000e+01,1.526000e-01,1.395000e-01,1.523000e-01
2.490000e+02,6.290000e+01,8.093000e+01,1.103000e+02,3.038000e+01,3.805000e+01,2.994000e+01,2.676000e+01,2.548000e+01,2.200000e+01,1.803000e-01,1.648000e-01,1.799000e-01
2.500000e+02,6.382000e+01,8.211000e+01,1.119000e+02,3.347000e+01,4.192000e+01,3.298000e+01,2.948000e+01,2.807000e+01,2.423000e+01,1.554000e-01,1.420000e-01,1.551000e-01
2.510000e+02,6.401000e+01,8.236000e+01,1.122000e+02,2.849000e+01,3.568000e+01,2.807000e+01,2.510000e+01,2.389000e+01,2.063000e+01,1.582000e-01,1.446000e-01,1.579000e-01
2.520000e+02,6.293000e+01,8.097000e+01,1.103000e+02,2.840000e+01,3.557000e+01,2.799000e+01,2.502000e+01,2.382000e+01,2.056000e+01,1.535000e-01,1.403000e-01,1.532000e-01
2.530000e+02,6.352000e+01,8.172000e+01,1.114000e+02,3.386000e+01,4.241000e+01,3.337000e+01,2.983000e+01,2.839000e+01,2.451000e+01,2.194000e-01,2.005000e-01,2.189000e-01
2.540000e+02,6.355000e+01,8.176000e+01,1.114000e+02,3.381000e+01,4.234000e+01,3.332000e+01,2.978000e+01,2.835000e+01,2.448000e+01,1.517000e-01,1.386000e-01,1.514000e-01
2.550000e+02,6.397000e+01,8.230000e+01,1.121000e+02,3.389000e+01,4.244000e+01,3.340000e+01,2.985000e+01,2.842000e+01,2.454000e+01,1.640000e-01,1.499000e-01,1.637000e-01
2.560000e+02,6.357000e+01,8.179000e+01,1.114000e+02,3.211000e+01,4.021000e+01,3.164000e+01,2.829000e+01,2.693000e+01,2.325000e+01,1.516000e-01,1.385000e-01,1.513000e-01
