# step_count,bc_1,bc_2,bc_3,ac_1,ac_2,ac_3,ac_4,ac_5,ac_6,ic_1,ic_2,ic_3
1.000000e+00,6.721000e+01,8.647000e+01,1.178000e+02,3.003000e+01,3.761000e+01,2.959000e+01,2.645000e+01,2.518000e+01,2.174000e+01,7.119000e-01,6.506000e-01,7.104000e-01
2.000000e+00,6.499000e+01,8.362000e+01,1.139000e+02,2.658000e+01,3.329000e+01,2.619000e+01,2.341000e+01,2.229000e+01,1.924000e+01,6.265000e-01,5.726000e-01,6.252000e-01
3.000000e+00,7.329000e+01,9.429000e+01,1.285000e+02,2.775000e+01,3.475000e+01,2.734000e+01,2.444000e+01,2.327000e+01,2.009000e+01,5.308000e-01,4.851000e-01,5.297000e-01
4.000000e+00,6.260000e+01,8.054000e+01,1.097000e+02,3.060000e+01,3.832000e+01,3.015000e+01,2.696000e+01,2.566000e+01,2.215000e+01,4.245000e-01,3.880000e-01,4.236000e-01
5.000000e+00,7.104000e+01,9.140000e+01,1.245000e+02,2.955000e+01,3.701000e+01,2.912000e+01,2.603000e+01,2.478000e+01,2.139000e+01,7.191000e-01,6.572000e-01,7.176000e-01
6.000000e+00,7.096000e+01,9.130000e+01,1.244000e+02,2.677000e+01,3.353000e+01,2.638000e+01,2.358000e+01,2.245000e+01,1.938000e+01,2.230000e-01,2.038000e-01,2.225000e-01
7.000000e+00,6.081000e+01,7.824000e+01,1.066000e+02,2.514000e+01,3.149000e+01,2.477000e+01,2.215000e+01,2.108000e+01,1.820000e+01,6.468000e-01,5.911000e-01,6.454000e-01
8.000000e+00,7.059000e+01,9.082000e+01,1.238000e+02,2.726000e+01,3.414000e+01,2.686000e+01,2.401000e+01,2.286000e+01,1.974000e+01,3.350000e-01,3.062000e-01,3.343000e-01
9.000000e+00,6.219000e+01,8.001000e+01,1.090000e+02,2.679000e+01,3.355000e+01,2.640000e+01,2.360000e+01,2.247000e+01,1.940000e+01,4.560000e-01,4.167000e-01,4.550000e-01
1.000000e+01,6.897000e+01,8.874000e+01,1.209000e+02,2.976000e+01,3.727000e+01,2.933000e+01,2.622000e+01,2.496000e+01,2.155000e+01,4.802000e-01,4.389000e-01,4.792000e-01
1.100000e+01,6.117000e+01,7.870000e+01,1.072000e+02,2.802000e+01,3.509000e+01,2.761000e+01,2.468000e+01,2.350000e+01,2.029000e+01,7.163000e-01,6.546000e-01,7.148000e-01
1.200000e+01,7.330000e+01,9.431000e+01,1.285000e+02,2.780000e+01,3.482000e+01,2.739000e+01,2.449000e+01,2.331000e+01,2.013000e+01,5.423000e-01,4.956000e-01,5.412000e-01
1.300000e+01,6.275000e+01,8.073000e+01,1.100000e+02,3.245000e+01,4.064000e+01,3.198000e+01,2.859000e+01,2.721000e+01,2.349000e+01,5.557000e-01,5.079000e-01,5.545000e-01
1.400000e+01,6.945000e+01,8.935000e+01,1.218000e+02,3.388000e+01,4.243000e+01,3.339000e+01,2.984000e+01,2.841000e+01,2.453000e+01,5.717000e-01,5.225000e-01,5.705000e-01
1.500000e+01,7.390000e+01,9.508000e+01,1.296000e+02,2.773000e+01,3.473000e+01,2.733000e+01,2.443000e+01,2.325000e+01,2.008000e+01,1.822000e-01,1.665000e-01,1.818000e-01
1.600000e+01,6.500000e+01,8.363000e+01,1.140000e+02,2.573000e+01,3.222000e+01,2.535000e+01,2.267000e+01,2.158000e+01,1.863000e+01,5.042000e-01,4.608000e-01,5.031000e-01
1.700000e+01,6.925000e+01,8.910000e+01,1.214000e+02,3.132000e+01,3.923000e+01,3.086000e+01,2.759000e+01,2.626000e+01,2.268000e+01,4.068000e-01,3.718000e-01,4.059000e-01
1.800000e+01,6.068000e+01,7.807000e+01,1.064000e+02,3.400000e+01,4.258000e+01,3.350000e+01,2.995000e+01,2.851000e+01,2.462000e+01,6.636000e-01,6.065000e-01,6.622000e-01
1.900000e+01,7.940000e+01,1.022000e+02,1.392000e+02,3.247000e+01,4.067000e+01,3.200000e+01,2.860000e+01,2.723000e+01,2.351000e+01,4.127000e-01,3.772000e-01,4.118000e-01
2.000000e+01,6.190000e+01,7.964000e+01,1.085000e+02,3.039000e+01,3.806000e+01,2.995000e+01,2.677000e+01,2.549000e+01,2.200000e+01,5.654000e-01,5.167000e-01,5.642000e-01
2.100000e+01,6.905000e+01,8.884000e+01,1.211000e+02,2.889000e+01,3.618000e+01,2.847000e+01,2.545000e+01,2.423000e+01,2.092000e+01,3.508000e-01,3.206000e-01,3.501000e-01
2.200000e+01,6.201000e+01,7.978000e+01,1.087000e+02,2.717000e+01,3.403000e+01,2.677000e+01,2.393000e+01,2.278000e+01,1.967000e+01,2.231000e-01,2.039000e-01,2.226000e-01
2.300000e+01,6.728000e+01,8.656000e+01,1.179000e+02,3.407000e+01,4.267000e+01,3.357000e+01,3.001000e+01,2.857000e+01,2.467000e+01,2.361000e-01,2.158000e-01,2.356000e-01
2.400000e+01,6.713000e+01,8.637000e+01,1.177000e+02,2.712000e+01,3.397000e+01,2.672000e+01,2.389000e+01,2.274000e+01,1.963000e+01,5.980000e-01,5.465000e-01,5.967000e-01
2.500000e+01,6.007000e+01,7.729000e+01,1.053000e+02,3.296000e+01,4.128000e+01,3.248000e+01,2.903000e+01,2.764000e+01,2.386000e+01,1.701000e-01,1.555000e-01,1.697000e-01
2.600000e+01,7.759000e+01,9.983000e+01,1.360000e+02,2.527000e+01,3.165000e+01,2.490000e+01,2.226000e+01,2.119000e+01,1.830000e+01,3.030000e-01,2.769000e-01,3.024000e-01
2.700000e+01,7.366000e+01,9.477000e+01,1.291000e+02,2.747000e+01,3.440000e+01,2.707000e+01,2.420000e+01,2.304000e+01,1.989000e+01,2.709000e-01,2.476000e-01,2.703000e-01
2.800000e+01,6.299000e+01,8.104000e+01,1.104000e+02,2.835000e+01,3.551000e+01,2.794000e+01,2.497000e+01,2.377000e+01,2.053000e+01,8.389000e-01,7.667000e-01,8.371000e-01
2.900000e+01,7.688000e+01,9.891000e+01,1.348000e+02,2.670000e+01,3.344000e+01,2.631000e+01,2.352000e+01,2.239000e+01,1.933000e+01,5.105000e-01,4.665000e-01,5.094000e-01
3.000000e+01,7.128000e+01,9.171000e+01,1.250000e+02,3.365000e+01,4.214000e+01,3.316000e+01,2.964000e+01,2.822000e+01,2.436000e+01,4.412000e-01,4.032000e-01,4.403000e-01
3.100000e+01,7.427000e+01,9.556000e+01,1.302000e+02,3.386000e+01,4.241000e+01,3.337000e+01,2.983000e+01,2.839000e+01,2.451000e+01,7.051000e-01,6.444000e-01,7.036000e-01
3.200000e+01,7.794000e+01,1.003000e+02,1.366000e+02,3.114000e+01,3.900000e+01,3.069000e+01,2.743000e+01,2.611000e+01,2.255000e+01,4.497000e-01,4.110000e-01,4.488000e-01
3.300000e+01,6.756000e+01,8.692000e+01,1.184000e+02,3.163000e+01,3.961000e+01,3.117000e+01,2.786000e+01,2.652000e+01,2.290000e+01,7.897000e-01,7.217000e-01,7.880000e-01
3.400000e+01,7.022000e+01,9.035000e+01,1.231000e+02,3.159000e+01,3.956000e+01,3.113000e+01,2.783000e+01,2.649000e+01,2.287000e+01,4.982000e-01,4.553000e-01,4.972000e-01
3.500000e+01,7.077000e+01,9.105000e+01,1.241000e+02,2.640000e+01,3.306000e+01,2.601000e+01,2.326000e+01,2.214000e+01,1.911000e+01,6.155000e-01,5.625000e-01,6.142000e-01
3.600000e+01,7.933000e+01,1.021000e+02,1.391000e+02,2.840000e+01,3.557000e+01,2.799000e+01,2.502000e+01,2.382000e+01,2.056000e+01,1.686000e-01,1.541000e-01,1.682000e-01
3.700000e+01,6.410000e+01,8.247000e+01,1.124000e+02,2.984000e+01,3.737000e+01,2.940000e+01,2.629000e+01,2.502000e+01,2.160000e+01,5.876000e-01,5.370000e-01,5.864000e-01
3.800000e+01,7.224000e+01,9.294000e+01,1.266000e+02,3.395000e+01,4.252000e+01,3.345000e+01,2.991000e+01,2.847000e+01,2.458000e+01,2.853000e-01,2.607000e-01,2.847000e-01
3.900000e+01,7.509000e+01,9.661000e+01,1.316000e+02,3.082000e+01,3.860000e+01,3.037000e+01,2.715000e+01,2.585000e+01,2.231000e+01,2.935000e-01,2.682000e-01,2.929000e-01
4.000000e+01,6.431000e+01,8.274000e+01,1.127000e+02,2.700000e+01,3.381000e+01,2.661000e+01,2.378000e+01,2.264000e+01,1.955000e+01,3.619000e-01,3.307000e-01,3.611000e-01
4.100000e+01,7.018000e+01,9.029000e+01,1.230000e+02,3.269000e+01,4.094000e+01,3.221000e+01,2.880000e+01,2.741000e+01,2.367000e+01,8.302000e-01,7.587000e-01,8.285000e-01
4.200000e+01,6.695000e+01,8.614000e+01,1.174000e+02,3.446000e+01,4.316000e+01,3.396000e+01,3.036000e+01,2.890000e+01,2.495000e+01,2.121000e-01,1.938000e-01,2.117000e-01
4.300000e+01,6.418000e+01,8.257000e+01,1.125000e+02,2.678000e+01,3.354000e+01,2.639000e+01,2.359000e+01,2.246000e+01,1.939000e+01,8.132000e-01,7.432000e-01,8.115000e-01
4.400000e+01,6.791000e+01,8.737000e+01,1.191000e+02,2.508000e+01,3.141000e+01,2.471000e+01,2.209000e+01,2.103000e+01,1.816000e+01,2.674000e-01,2.444000e-01,2.668000e-01
4.500000e+01,7.351000e+01,9.458000e+01,1.289000e+02,2.759000e+01,3.455000e+01,2.719000e+01,2.430000e+01,2.314000e+01,1.998000e+01,7.396000e-01,6.759000e-01,7.380000e-01
4.600000e+01,6.817000e+01,8.771000e+01,1.195000e+02,2.867000e+01,3.591000e+01,2.825000e+01,2.526000e+01,2.404000e+01,2.076000e+01,2.479000e-01,2.266000e-01,2.474000e-01
4.700000e+01,7.998000e+01,1.029000e+02,1.402000e+02,3.150000e+01,3.945000e+01,3.104000e+01,2.775000e+01,2.642000e+01,2.281000e+01,5.589000e-01,5.108000e-01,5.577000e-01
4.800000e+01,6.277000e+01,8.076000e+01,1.100000e+02,2.641000e+01,3.308000e+01,2.602000e+01,2.326000e+01,2.215000e+01,1.912000e+01,1.579000e-01,1.443000e-01,1.576000e-01
4.900000e+01,7.243000e+01,9.319000e+01,1.270000e+02,3.380000e+01,4.233000e+01,3.331000e+01,2.977000e+01,2.834000e+01,2.447000e+01,8.338000e-01,7.620000e-01,8.320000e-01
5.000000e+01,6.617000e+01,8.513000e+01,1.160000e+02,3.343000e+01,4.187000e+01,3.294000e+01,2.945000e+01,2.803000e+01,2.420000e+01,7.675000e-01,7.014000e-01,7.659000e-01
5.100000e+01,6.917000e+01,8.899000e+01,1.213000e+02,3.216000e+01,4.028000e+01,3.169000e+01,2.833000e+01,2.697000e+01,2.328000e+01,2.728000e-01,2.493000e-01,2.722000e-01
5.200000e+01,6.357000e+01,8.179000e+01,1.114000e+02,3.148000e+01,3.943000e+01,3.102000e+01,2.773000e+01,2.640000e+01,2.279000e+01,2.168000e-01,1.981000e-01,2.163000e-01
5.300000e+01,6.658000e+01,8.566000e+01,1.167000e+02,2.801000e+01,3.508000e+01,2.760000e+01,2.467000e+01,2.349000e+01,2.028000e+01,2.575000e-01,2.353000e-01,2.570000e-01
5.400000e+01,6.320000e+01,8.131000e+01,1.108000e+02,3.337000e+01,4.179000e+01,3.288000e+01,2.940000e+01,2.798000e+01,2.416000e+01,4.130000e-01,3.774000e-01,4.121000e-01
5.500000e+01,6.492000e+01,8.353000e+01,1.138000e+02,3.195000e+01,4.001000e+01,3.148000e+01,2.814000e+01,2.679000e+01,2.313000e+01,4.144000e-01,3.787000e-01,4.135000e-01
5.600000e+01,7.882000e+01,1.014000e+02,1.382000e+02,2.620000e+01,3.281000e+01,2.582000e+01,2.308000e+01,2.197000e+01,1.897000e+01,3.469000e-01,3.170000e-01,3.462000e-01
5.700000e+01,7.367000e+01,9.478000e+01,1.292000e+02,2.627000e+01,3.290000e+01,2.589000e+01,2.314000e+01,2.203000e+01,1.902000e+01,1.525000e-01,1.394000e-01,1.522000e-01
5.800000e+01,6.419000e+01,8.259000e+01,1.125000e+02,3.142000e+01,3.935000e+01,3.096000e+01,2.768000e+01,2.635000e+01,2.275000e+01,3.804000e-01,3.476000e-01,3.796000e-01
5.900000e+01,6.274000e+01,8.072000e+01,1.100000e+02,2.717000e+01,3.403000e+01,2.677000e+01,2.393000e+01,2.278000e+01,1.967000e+01,4.640000e-01,4.240000e-01,4.630000e-01
6.000000e+01,6.650000e+01,8.556000e+01,1.166000e+02,3.389000e+01,4.244000e+01,3.340000e+01,2.985000e+01,2.842000e+01,2.454000e+01,3.067000e-01,2.803000e-01,3.061000e-01
6.100000e+01,6.593000e+01,8.483000e+01,1.156000e+02,3.127000e+01,3.916000e+01,3.081000e+01,2.755000e+01,2.622000e+01,2.264000e+01,5.307000e-01,4.850000e-01,5.296000e-01
6.200000e+01,6.269000e+01,8.066000e+01,1.099000e+02,3.063000e+01,3.836000e+01,3.018000e+01,2.698000e+01,2.569000e+01,2.218000e+01,2.155000e-01,1.969000e-01,2.150000e-01
6.300000e+01,6.979000e+01,8.979000e+01,1.223000e+02,3.183000e+01,3.986000e+01,3.137000e+01,2.804000e+01,2.669000e+01,2.304000e+01,1.940000e-01,1.773000e-01,1.936000e-01
6.400000e+01,6.242000e+01,8.031000e+01,1.094000e+02,2.690000e+01,3.369000e+01,2.651000e+01,2.370000e+01,2.256000e+01,1.948000e+01,2.622000e-01,2.396000e-01,2.616000e-01
6.500000e+01,6.340000e+01,8.157000e+01,1.111000e+02,3.252000e+01,4.073000e+01,3.205000e+01,2.865000e+01,2.727000e+01,2.354000e+01,3.063000e-01,2.799000e-01,3.057000e-01
6.600000e+01,7.119000e+01,9.159000e+01,1.248000e+02,3.148000e+01,3.943000e+01,3.102000e+01,2.773000e+01,2.640000e+01,2.279000e+01,7.515000e-01,6.868000e-01,7.499000e-01
6.700000e+01,7.499000e+01,9.648000e+01,1.315000e+02,3.188000e+01,3.993000e+01,3.141000e+01,2.808000e+01,2.673000e+01,2.308000e+01,2.625000e-01,2.399000e-01,2.619000e-01
6.800000e+01,7.125000e+01,9.167000e+01,1.249000e+02,2.865000e+01,3.588000e+01,2.823000e+01,2.524000e+01,2.403000e+01,2.074000e+01,4.027000e-01,3.680000e-01,4.019000e-01
6.900000e+01,6.461000e+01,8.313000e+01,1.133000e+02,2.866000e+01,3.589000e+01,2.824000e+01,2.525000e+01,2.403000e+01,2.075000e+01,5.591000e-01,5.110000e-01,5.579000e-01
7.000000e+01,7.073000e+01,9.100000e+01,1.240000e+02,2.867000e+01,3.591000e+01,2.825000e+01,2.526000e+01,2.404000e+01,2.076000e+01,7.289000e-01,6.661000e-01,7.274000e-01
7.100000e+01,7.434000e+01,9.565000e+01,1.303000e+02,2.709000e+01,3.393000e+01,2.669000e+01,2.386000e+01,2.272000e+01,1.961000e+01,6.762000e-01,6.180000e-01,6.748000e-01
7.200000e+01,7.265000e+01,9.347000e+01,1.274000e+02,3.183000e+01,3.986000e+01,3.137000e+01,2.804000e+01,2.669000e+01,2.304000e+01,7.590000e-01,6.937000e-01,7.574000e-01
7.300000e+01,6.918000e+01,8.901000e+01,1.213000e+02,3.307000e+01,4.142000e+01,3.259000e+01,2.913000e+01,2.773000e+01,2.394000e+01,5.091000e-01,4.653000e-01,5.080000e-01
7.400000e+01,7.050000e+01,9.071000e+01,1.236000e+02,3.464000e+01,4.338000e+01,3.413000e+01,3.051000e+01,2.905000e+01,2.508000e+01,6.551000e-01,5.987000e-01,6.537000e-01
7.500000e+01,6.559000e+01,8.439000e+01,1.150000e+02,2.956000e+01,3.702000e+01,2.913000e+01,2.604000e+01,2.479000e+01,2.140000e+01,3.771000e-01,3.446000e-01,3.763000e-01
7.600000e+01,7.068000e+01,9.094000e+01,1.239000e+02,3.066000e+01,3.840000e+01,3.021000e+01,2.701000e+01,2.571000e+01,2.220000e+01,4.455000e-01,4.071000e-01,4.446000e-01
7.700000e+01,6.986000e+01,8.988000e+01,1.225000e+02,3.282000e+01,4.110000e+01,3.234000e+01,2.891000e+01,2.752000e+01,2.376000e+01,1.566000e-01,1.431000e-01,1.563000e-01
7.800000e+01,6.166000e+01,7.933000e+01,1.081000e+02,3.269000e+01,4.094000e+01,3.221000e+01,2.880000e+01,2.741000e+01,2.367000e+01,2.754000e-01,2.517000e-01,2.748000e-01
7.900000e+01,7.079000e+01,9.108000e+01,1.241000e+02,3.067000e+01,3.841000e+01,3.022000e+01,2.702000e+01,2.572000e+01,2.221000e+01,5.633000e-01,5.148000e-01,5.621000e-01
8.000000e+01,6.781000e+01,8.724000e+01,1.189000e+02,3.029000e+01,3.794000e+01,2.985000e+01,2.668000e+01,2.540000e+01,2.193000e+01,5.861000e-01,5.356000e-01,5.849000e-01
8.100000e+01,7.594000e+01,9.770000e+01,1.331000e+02,2.617000e+01,3.278000e+01,2.579000e+01,2.305000e+01,2.195000e+01,1.895000e+01,8.217000e-01,7.510000e-01,8.200000e-01
8.200000e+01,7.085000e+01,9.116000e+01,1.242000e+02,3.477000e+01,4.355000e+01,3.426000e+01,3.063000e+01,2.916000e+01,2.517000e+01,4.726000e-01,4.319000e-01,4.716000e-01
8.300000e+01,6.662000e+01,8.571000e+01,1.168000e+02,2.641000e+01,3.308000e+01,2.602000e+01,2.326000e+01,2.215000e+01,1.912000e+01,2.809000e-01,2.567000e-01,2.803000e-01
8.400000e+01,7.848000e+01,1.010000e+02,1.376000e+02,2.810000e+01,3.519000e+01,2.769000e+01,2.475000e+01,2.356000e+01,2.034000e+01,4.782000e-01,4.370000e-01,4.772000e-01
8.500000e+01,6.815000e+01,8.768000e+01,1.195000e+02,2.547000e+01,3.190000e+01,2.510000e+01,2.244000e+01,2.136000e+01,1.844000e+01,5.280000e-01,4.825000e-01,5.269000e-01
8.600000e+01,7.972000e+01,1.026000e+02,1.398000e+02,3.401000e+01,4.259000e+01,3.351000e+01,2.996000e+01,2.852000e+01,2.462000e+01,7.451000e-01,6.809000e-01,7.435000e-01
8.700000e+01,7.722000e+01,9.935000e+01,1.354000e+02,2.733000e+01,3.423000e+01,2.693000e+01,2.407000e+01,2.292000e+01,1.979000e+01,7.525000e-01,6.877000e-01,7.509000e-01
8.800000e+01,6.660000e+01,8.569000e+01,1.168000e+02,2.935000e+01,3.676000e+01,2.892000e+01,2.585000e+01,2.461000e+01,2.125000e+01,4.975000e-01,4.547000e-01,4.965000e-01
8.900000e+01,7.431000e+01,9.561000e+01,1.303000e+02,3.161000e+01,3.959000e+01,3.115000e+01,2.785000e+01,2.651000e+01,2.289000e+01,6.272000e-01,5.732000e-01,6.259000e-01
9.000000e+01,6.681000e+01,8.596000e+01,1.171000e+02,3.294000e+01,4.125000e+01,3.246000e+01,2.902000e+01,2.762000e+01,2.385000e+01,2.755000e-01,2.518000e-01,2.749000e-01
9.100000e+01,6.257000e+01,8.050000e+01,1.097000e+02,2.659000e+01,3.330000e+01,2.620000e+01,2.342000e+01,2.230000e+01,1.925000e+01,6.428000e-01,5.875000e-01,6.415000e-01
9.200000e+01,7.374000e+01,9.487000e+01,1.293000e+02,3.179000e+01,3.981000e+01,3.133000e+01,2.800000e+01,2.666000e+01,2.302000e+01,1.814000e-01,1.658000e-01,1.810000e-01
9.300000e+01,6.896000e+01,8.872000e+01,1.209000e+02,2.877000e+01,3.603000e+01,2.835000e+01,2.534000e+01,2.413000e+01,2.083000e+01,1.830000e-01,1.672000e-01,1.826000e-01
9.400000e+01,7.610000e+01,9.791000e+01,1.334000e+02,2.925000e+01,3.663000e+01,2.882000e+01,2.577000e+01,2.453000e+01,2.118000e+01,2.586000e-01,2.363000e-01,2.581000e-01
9.500000e+01,6.592000e+01,8.481000e+01,1.156000e+02,3.351000e+01,4.197000e+01,3.302000e+01,2.952000e+01,2.810000e+01,2.426000e+01,4.300000e-01,3.930000e-01,4.291000e-01
9.600000e+01,7.713000e+01,9.924000e+01,1.352000e+02,3.308000e+01,4.143000e+01,3.260000e+01,2.914000e+01,2.774000e+01,2.395000e+01,2.487000e-01,2.273000e-01,2.482000e-01
9.700000e+01,7.529000e+01,9.687000e+01,1.320000e+02,2.505000e+01,3.137000e+01,2.468000e+01,2.207000e+01,2.101000e+01,1.814000e+01,7.418000e-01,6.779000e-01,7.402000e-01
9.800000e+01,6.852000e+01,8.816000e+01,1.201000e+02,3.022000e+01,3.785000e+01,2.978000e+01,2.662000e+01,2.534000e+01,2.188000e+01,4.541000e-01,4.150000e-01,4.531000e-01
9.900000e+01,6.030000e+01,7.758000e+01,1.057000e+02,3.462000e+01,4.336000e+01,3.411000e+01,3.050000e+01,2.903000e+01,2.506000e+01,8.015000e-01,7.325000e-01,7.998000e-01
1.000000e+02,7.248000e+01,9.325000e+01,1.271000e+02,3.266000e+01,4.090000e+01,3.218000e+01,2.877000e+01,2.739000e+01,2.365000e+01,3.753000e-01,3.430000e-01,3.745000e-01
1.010000e+02,6.409000e+01,8.246000e+01,1.124000e+02,2.967000e+01,3.716000e+01,2.924000e+01,2.614000e+01,2.488000e+01,2.148000e+01,1.578000e-01,1.442000e-01,1.575000e-01
1.020000e+02,6.404000e+01,8.239000e+01,1.123000e+02,3.438000e+01,4.306000e+01,3.388000e+01,3.029000e+01,2.883000e+01,2.489000e+01,1.565000e-01,1.430000e-01,1.562000e-01
1.030000e+02,6.300000e+01,8.106000e+01,1.104000e+02,3.084000e+01,3.862000e+01,3.039000e+01,2.717000e+01,2.586000e+01,2.233000e+01,1.526000e-01,1.395000e-01,1.523000e-01
1.040000e+02,6.494000e+01,8.355000e+01,1.138000e+02,3.240000e+01,4.058000e+01,3.193000e+01,2.854000e+01,2.717000e+01,2.346000e+01,1.579000e-01,1.443000e-01,1.576000e-01
1.050000e+02,6.480000e+01,8.337000e+01,1.136000e+02,2.720000e+01,3.407000e+01,2.680000e+01,2.396000e+01,2.281000e+01,1.969000e+01,1.533000e-01,1.401000e-01,1.530000e-01
1.060000e+02,6.570000e+01,8.453000e+01,1.152000e+02,2.753000e+01,3.448000e+01,2.713000e+01,2.425000e+01,2.309000e+01,1.993000e+01,1.600000e-01,1.462000e-01,1.597000e-01
1.070000e+02,6.351000e+01,8.171000e+01,1.113000e+02,3.469000e+01,4.345000e+01,3.418000e+01,3.056000e+01,2.909000e+01,2.512000e+01,2.427000e-01,2.218000e-01,2.422000e-01
1.080000e+02,6.416000e+01,8.255000e+01,1.125000e+02,2.864000e+01,3.587000e+01,2.822000e+01,2.523000e+01,2.402000e+01,2.074000e+01,1.674000e-01,1.530000e-01,1.670000e-01
1.090000e+02,6.407000e+01,8.243000e+01,1.123000e+02,2.578000e+01,3.229000e+01,2.540000e+01,2.271000e+01,2.162000e+01,1.866000e+01,3.053000e-01,2.790000e-01,3.047000e-01
1.100000e+02,6.446000e+01,8.293000e+01,1.130000e+02,2.882000e+01,3.609000e+01,2.840000e+01,2.539000e+01,2.417000e+01,2.087000e+01,1.547000e-01,1.414000e-01,1.544000e-01
1.110000e+02,6.528000e+01,8.399000e+01,1.144000e+02,2.566000e+01,3.214000e+01,2.529000e+01,2.260000e+01,2.152000e+01,1.858000e+01,1.665000e-01,1.522000e-01,1.662000e-01
1.120000e+02,6.440000e+01,8.286000e+01,1.129000e+02,2.803000e+01,3.510000e+01,2.762000e+01,2.469000e+01,2.351000e+01,2.029000e+01,1.540000e-01,1.407000e-01,1.537000e-01
1.130000e+02,6.477000e+01,8.333000e+01,1.135000e+02,3.444000e+01,4.313000e+01,3.394000e+01,3.034000e+01,2.888000e+01,2.493000e+01,1.860000e-01,1.700000e-01,1.856000e-01
1.140000e+02,6.366000e+01,8.190000e+01,1.116000e+02,3.108000e+01,3.892000e+01,3.063000e+01,2.738000e+01,2.606000e+01,2.250000e+01,1.823000e-01,1.666000e-01,1.819000e-01
1.150000e+02,6.429000e+01,8.272000e+01,1.127000e+02,3.304000e+01,4.138000e+01,3.256000e+01,2.910000e+01,2.771000e+01,2.392000e+01,1.813000e-01,1.657000e-01,1.809000e-01
1.160000e+02,6.452000e+01,8.301000e+01,1.131000e+02,3.426000e+01,4.291000e+01,3.376000e+01,3.018000e+01,2.873000e+01,2.480000e+01,1.519000e-01,1.388000e-01,1.516000e-01
1.170000e+02,6.414000e+01,8.252000e+01,1.124000e+02,3.401000e+01,4.259000e+01,3.351000e+01,2.996000e+01,2.852000e+01,2.462000e+01,1.525000e-01,1.394000e-01,1.522000e-01
1.180000e+02,6.380000e+01,8.209000e+01,1.118000e+02,3.309000e+01,4.144000e+01,3.261000e+01,2.915000e+01,2.775000e+01,2.396000e+01,1.639000e-01,1.498000e-01,1.636000e-01
1.190000e+02,6.489000e+01,8.349000e+01,1.138000e+02,3.101000e+01,3.884000e+01,3.056000e+01,2.732000e+01,2.600000e+01,2.245000e+01,1.579000e-01,1.443000e-01,1.576000e-01
1.200000e+02,6.313000e+01,8.122000e+01,1.107000e+02,3.098000e+01,3.880000e+01,3.053000e+01,2.729000e+01,2.598000e+01,2.243000e+01,1.585000e-01,1.449000e-01,1.582000e-01
1.210000e+02,6.414000e+01,8.252000e+01,1.124000e+02,2.656000e+01,3.326000e+01,2.617000e+01,2.340000e+01,2.227000e+01,1.923000e+01,1.605000e-01,1.467000e-01,1.602000e-01
1.220000e+02,6.399000e+01,8.233000e+01,1.122000e+02,3.074000e+01,3.850000e+01,3.029000e+01,2.708000e+01,2.578000e+01,2.226000e+01,2.562000e-01,2.341000e-01,2.557000e-01
1.230000e+02,6.417000e+01,8.256000e+01,1.125000e+02,2.887000e+01,3.616000e+01,2.845000e+01,2.543000e+01,2.421000e+01,2.090000e+01,1.559000e-01,1.425000e-01,1.556000e-01
1.240000e+02,6.396000e+01,8.229000e+01,1.121000e+02,3.102000e+01,3.885000e+01,3.057000e+01,2.733000e+01,2.601000e+01,2.246000e+01,1.582000e-01,1.446000e-01,1.579000e-01
1.250000e+02,6.507000e+01,8.372000e+01,1.141000e+02,3.363000e+01,4.212000e+01,3.314000e+01,2.962000e+01,2.820000e+01,2.435000e+01,2.046000e-01,1.870000e-01,2.042000e-01
1.260000e+02,6.460000e+01,8.311000e+01,1.133000e+02,3.022000e+01,3.785000e+01,2.978000e+01,2.662000e+01,2.534000e+01,2.188000e+01,1.654000e-01,1.512000e-01,1.651000e-01
1.270000e+02,6.404000e+01,8.239000e+01,1.123000e+02,2.736000e+01,3.427000e+01,2.696000e+01,2.410000e+01,2.294000e+01,1.981000e+01,1.849000e-01,1.690000e-01,1.845000e-01
1.280000e+02,6.529000e+01,8.400000e+01,1.145000e+02,3.122000e+01,3.910000e+01,3.076000e+01,2.750000e+01,2.618000e+01,2.260000e+01,1.568000e-01,1.433000e-01,1.565000e-01
1.290000e+02,6.478000e+01,8.335000e+01,1.136000e+02,2.973000e+01,3.723000e+01,2.930000e+01,2.619000e+01,2.493000e+01,2.152000e+01,1.560000e-01,1.426000e-01,1.557000e-01
1.300000e+02,6.342000e+01,8.160000e+01,1.112000e+02,3.272000e+01,4.098000e+01,3.224000e+01,2.882000e+01,2.744000e+01,2.369000e+01,1.589000e-01,1.452000e-01,1.586000e-01
1.310000e+02,6.348000e+01,8.167000e+01,1.113000e+02,3.129000e+01,3.919000e+01,3.083000e+01,2.756000e+01,2.624000e+01,2.265000e+01,1.632000e-01,1.491000e-01,1.629000e-01
1.320000e+02,6.353000e+01,8.174000e+01,1.114000e+02,3.384000e+01,4.238000e+01,3.335000e+01,2.981000e+01,2.838000e+01,2.450000e+01,1.634000e-01,1.493000e-01,1.631000e-01
1.330000e+02,6.454000e+01,8.304000e+01,1.131000e+02,3.141000e+01,3.934000e+01,3.095000e+01,2.767000e+01,2.634000e+01,2.274000e+01,1.528000e-01,1.396000e-01,1.525000e-01
1.340000e+02,6.367000e+01,8.192000e+01,1.116000e+02,2.936000e+01,3.677000e+01,2.893000e+01,2.586000e+01,2.462000e+01,2.126000e+01,1.545000e-01,1.412000e-01,1.542000e-01
1.350000e+02,6.350000e+01,8.170000e+01,1.113000e+02,2.931000e+01,3.671000e+01,2.888000e+01,2.582000e+01,2.458000e+01,2.122000e+01,1.561000e-01,1.427000e-01,1.558000e-01
1.360000e+02,6.326000e+01,8.139000e+01,1.109000e+02,3.250000e+01,4.070000e+01,3.203000e+01,2.863000e+01,2.725000e+01,2.353000e+01,1.521000e-01,1.390000e-01,1.518000e-01
1.370000e+02,6.405000e+01,8.241000e+01,1.123000e+02,3.421000e+01,4.284000e+01,3.371000e+01,3.014000e+01,2.869000e+01,2.477000e+01,1.507000e-01,1.377000e-01,1.504000e-01
1.380000e+02,6.339000e+01,8.156000e+01,1.111000e+02,3.358000e+01,4.206000e+01,3.309000e+01,2.958000e+01,2.816000e+01,2.431000e+01,1.563000e-01,1.428000e-01,1.560000e-01
1.390000e+02,6.337000e+01,8.153000e+01,1.111000e+02,3.116000e+01,3.902000e+01,3.071000e+01,2.745000e+01,2.613000e+01,2.256000e+01,1.617000e-01,1.478000e-01,1.614000e-01
1.400000e+02,6.417000e+01,8.256000e+01,1.125000e+02,2.795000e+01,3.500000e+01,2.754000e+01,2.462000e+01,2.344000e+01,2.024000e+01,1.531000e-01,1.399000e-01,1.528000e-01
1.410000e+02,6.462000e+01,8.314000e+01,1.133000e+02,3.243000e+01,4.062000e+01,3.196000e+01,2.857000e+01,2.720000e+01,2.348000e+01,1.620000e-01,1.481000e-01,1.617000e-01
1.420000e+02,6.456000e+01,8.306000e+01,1.132000e+02,3.160000e+01,3.958000e+01,3.114000e+01,2.784000e+01,2.650000e+01,2.288000e+01,1.536000e-01,1.404000e-01,1.533000e-01
1.430000e+02,6.460000e+01,8.311000e+01,1.133000e+02,3.480000e+01,4.358000e+01,3.429000e+01,3.066000e+01,2.918000e+01,2.520000e+01,1.557000e-01,1.423000e-01,1.554000e-01
1.440000e+02,6.423000e+01,8.264000e+01,1.126000e+02,2.634000e+01,3.299000e+01,2.596000e+01,2.320000e+01,2.209000e+01,1.907000e+01,1.766000e-01,1.614000e-01,1.762000e-01
1.450000e+02,6.359000e+01,8.181000e+01,1.115000e+02,3.364000e+01,4.213000e+01,3.315000e+01,2.963000e+01,2.821000e+01,2.436000e+01,1.547000e-01,1.414000e-01,1.544000e-01
1.460000e+02,6.403000e+01,8.238000e+01,1.123000e+02,3.460000e+01,4.333000e+01,3.409000e+01,3.048000e+01,2.902000e+01,2.505000e+01,1.539000e-01,1.406000e-01,1.536000e-01
1.470000e+02,6.374000e+01,8.201000e+01,1.117000e+02,3.398000e+01,4.256000e+01,3.348000e+01,2.993000e+01,2.850000e+01,2.460000e+01,1.598000e-01,1.460000e-01,1.595000e-01
1.480000e+02,6.445000e+01,8.292000e+01,1.130000e+02,3.394000e+01,4.251000e+01,3.344000e+01,2.990000e+01,2.846000e+01,2.457000e+01,1.528000e-01,1.396000e-01,1.525000e-01
1.490000e+02,6.391000e+01,8.223000e+01,1.120000e+02,3.312000e+01,4.148000e+01,3.264000e+01,2.918000e+01,2.777000e+01,2.398000e+01,1.621000e-01,1.481000e-01,1.618000e-01
1.500000e+02,6.307000e+01,8.115000e+01,1.106000e+02,3.317000e+01,4.154000e+01,3.269000e+01,2.922000e+01,2.782000e+01,2.402000e+01,1.770000e-01,1.618000e-01,1.766000e-01
1.510000e+02,6.374000e+01,8.201000e+01,1.117000e+02,3.171000e+01,3.971000e+01,3.125000e+01,2.793000e+01,2.659000e+01,2.296000e+01,1.532000e-01,1.400000e-01,1.529000e-01
1.520000e+02,6.337000e+01,8.153000e+01,1.111000e+02,3.202000e+01,4.010000e+01,3.155000e+01,2.821000e+01,2.685000e+01,2.318000e+01,1.513000e-01,1.383000e-01,1.510000e-01
1.530000e+02,6.275000e+01,8.073000e+01,1.100000e+02,3.447000e+01,4.317000e+01,3.397000e+01,3.036000e+01,2.891000e+01,2.496000e+01,1.617000e-01,1.478000e-01,1.614000e-01
1.540000e+02,6.444000e+01,8.291000e+01,1.130000e+02,3.405000e+01,4.264000e+01,3.355000e+01,2.999000e+01,2.855000e+01,2.465000e+01,1.592000e-01,1.455000e-01,1.589000e-01
1.550000e+02,6.359000e+01,8.181000e+01,1.115000e+02,3.023000e+01,3.786000e+01,2.979000e+01,2.663000e+01,2.535000e+01,2.189000e+01,1.618000e-01,1.479000e-01,1.615000e-01
1.560000e+02,6.421000e+01,8.261000e+01,1.126000e+02,2.891000e+01,3.621000e+01,2.849000e+01,2.547000e+01,2.424000e+01,2.093000e+01,1.559000e-01,1.425000e-01,1.556000e-01
1.570000e+02,6.357000e+01,8.179000e+01,1.114000e+02,3.329000e+01,4.169000e+01,3.280000e+01,2.933000e+01,2.792000e+01,2.410000e+01,1.519000e-01,1.388000e-01,1.516000e-01
1.580000e+02,6.362000e+01,8.185000e+01,1.115000e+02,3.210000e+01,4.020000e+01,3.163000e+01,2.828000e+01,2.692000e+01,2.324000e+01,1.575000e-01,1.439000e-01,1.572000e-01
1.590000e+02,6.368000e+01,8.193000e+01,1.116000e+02,3.382000e+01,4.236000e+01,3.333000e+01,2.979000e+01,2.836000e+01,2.449000e+01,1.584000e-01,1.448000e-01,1.581000e-01
1.600000e+02,6.299000e+01,8.104000e+01,1.104000e+02,2.992000e+01,3.747000e+01,2.948000e+01,2.636000e+01,2.509000e+01,2.166000e+01,1.630000e-01,1.490000e-01,1.627000e-01
1.610000e+02,6.351000e+01,8.171000e+01,1.113000e+02,3.449000e+01,4.320000e+01,3.399000e+01,3.038000e+01,2.892000e+01,2.497000e+01,1.550000e-01,1.417000e-01,1.547000e-01
1.620000e+02,6.339000e+01,8.156000e+01,1.111000e+02,3.217000e+01,4.029000e+01,3.170000e+01,2.834000e+01,2.698000e+01,2.329000e+01,1.697000e-01,1.551000e-01,1.693000e-01
1.630000e+02,6.414000e+01,8.252000e+01,1.124000e+02,3.206000e+01,4.015000e+01,3.159000e+01,2.824000e+01,2.689000e+01,2.321000e+01,2.214000e-01,2.023000e-01,2.209000e-01
1.640000e+02,6.384000e+01,8.214000e+01,1.119000e+02,3.297000e+01,4.129000e+01,3.249000e+01,2.904000e+01,2.765000e+01,2.387000e+01,1.546000e-01,1.413000e-01,1.543000e-01
1.650000e+02,6.351000e+01,8.171000e+01,1.113000e+02,3.371000e+01,4.222000e+01,3.322000e+01,2.970000e+01,2.827000e+01,2.441000e+01,1.983000e-01,1.812000e-01,1.979000e-01
1.660000e+02,6.347000e+01,8.166000e+01,1.113000e+02,3.404000e+01,4.263000e+01,3.354000e+01,2.999000e+01,2.855000e+01,2.464000e+01,1.531000e-01,1.399000e-01,1.528000e-01
1.670000e+02,6.270000e+01,8.067000e+01,1.099000e+02,3.222000e+01,4.035000e+01,3.175000e+01,2.838000e+01,2.702000e+01,2.333000e+01,1.523000e-01,1.392000e-01,1.520000e-01
1.680000e+02,6.389000e+01,8.220000e+01,1.120000e+02,3.382000e+01,4.236000e+01,3.333000e+01,2.979000e+01,2.836000e+01,2.449000e+01,1.695000e-01,1.549000e-01,1.691000e-01
1.690000e+02,6.284000e+01,8.085000e+01,1.102000e+02,3.038000e+01,3.805000e+01,2.994000e+01,2.676000e+01,2.548000e+01,2.200000e+01,1.566000e-01,1.431000e-01,1.563000e-01
1.700000e+02,6.356000e+01,8.178000e+01,1.114000e+02,3.023000e+01,3.786000e+01,2.979000e+01,2.663000e+01,2.535000e+01,2.189000e+01,1.939000e-01,1.772000e-01,1.935000e-01
1.710000e+02,6.314000e+01,8.124000e+01,1.107000e+02,3.393000e+01,4.249000e+01,3.343000e+01,2.989000e+01,2.845000e+01,2.457000e+01,1.601000e-01,1.463000e-01,1.598000e-01
1.720000e+02,6.310000e+01,8.118000e+01,1.106000e+02,3.288000e+01,4.118000e+01,3.240000e+01,2.896000e+01,2.757000e+01,2.381000e+01,1.542000e-01,1.409000e-01,1.539000e-01
1.730000e+02,6.336000e+01,8.152000e+01,1.111000e+02,3.419000e+01,4.282000e+01,3.369000e+01,3.012000e+01,2.867000e+01,2.475000e+01,1.589000e-01,1.452000e-01,1.586000e-01
1.740000e+02,6.357000e+01,8.179000e+01,1.114000e+02,3.204000e+01,4.013000e+01,3.157000e+01,2.822000e+01,2.687000e+01,2.320000e+01,2.035000e-01,1.860000e-01,2.031000e-01
1.750000e+02,6.513000e+01,8.380000e+01,1.142000e+02,3.127000e+01,3.916000e+01,3.081000e+01,2.755000e+01,2.622000e+01,2.264000e+01,1.767000e-01,1.615000e-01,1.763000e-01
1.760000e+02,6.380000e+01,8.209000e+01,1.118000e+02,3.152000e+01,3.948000e+01,3.106000e+01,2.777000e+01,2.643000e+01,2.282000e+01,1.538000e-01,1.406000e-01,1.535000e-01
1.770000e+02,6.363000e+01,8.187000e+01,1.115000e+02,2.878000e+01,3.604000e+01,2.836000e+01,2.535000e+01,2.413000e+01,2.084000e+01,1.639000e-01,1.498000e-01,1.636000e-01
1.780000e+02,6.367000e+01,8.192000e+01,1.116000e+02,3.294000e+01,4.125000e+01,3.246000e+01,2.902000e+01,2.762000e+01,2.385000e+01,1.615000e-01,1.476000e-01,1.612000e-01
1.790000e+02,6.362000e+01,8.185000e+01,1.115000e+02,2.731000e+01,3.420000e+01,2.691000e+01,2.406000e+01,2.290000e+01,1.977000e+01,1.604000e-01,1.466000e-01,1.601000e-01
1.800000e+02,6.321000e+01,8.133000e+01,1.108000e+02,3.419000e+01,4.282000e+01,3.369000e+01,3.012000e+01,2.867000e+01,2.475000e+01,1.563000e-01,1.428000e-01,1.560000e-01
1.810000e+02,6.382000e+01,8.211000e+01,1.119000e+02,3.444000e+01,4.313000e+01,3.394000e+01,3.034000e+01,2.888000e+01,2.493000e+01,1.672000e-01,1.528000e-01,1.668000e-01
1.820000e+02,6.344000e+01,8.162000e+01,1.112000e+02,3.040000e+01,3.807000e+01,2.996000e+01,2.678000e+01,2.549000e+01,2.201000e+01,2.017000e-01,1.843000e-01,2.013000e-01
1.830000e+02,6.336000e+01,8.152000e+01,1.111000e+02,3.235000e+01,4.052000e+01,3.188000e+01,2.850000e+01,2.713000e+01,2.342000e+01,1.531000e-01,1.399000e-01,1.528000e-01
1.840000e+02,6.425000e+01,8.266000e+01,1.126000e+02,3.474000e+01,4.351000e+01,3.423000e+01,3.060000e+01,2.913000e+01,2.515000e+01,1.603000e-01,1.465000e-01,1.600000e-01
1.850000e+02,6.340000e+01,8.157000e+01,1.111000e+02,3.122000e+01,3.910000e+01,3.076000e+01,2.750000e+01,2.618000e+01,2.260000e+01,1.634000e-01,1.493000e-01,1.631000e-01
1.860000e+02,6.364000e+01,8.188000e+01,1.116000e+02,3.294000e+01,4.125000e+01,3.246000e+01,2.902000e+01,2.762000e+01,2.385000e+01,1.559000e-01,1.425000e-01,1.556000e-01
1.870000e+02,6.241000e+01,8.030000e+01,1.094000e+02,3.249000e+01,4.069000e+01,3.202000e+01,2.862000e+01,2.725000e+01,2.352000e+01,1.671000e-01,1.527000e-01,1.667000e-01
1.880000e+02,6.439000e+01,8.284000e+01,1.129000e+02,3.338000e+01,4.181000e+01,3.289000e+01,2.940000e+01,2.799000e+01,2.417000e+01,1.810000e-01,1.654000e-01,1.806000e-01
1.890000e+02,6.371000e+01,8.197000e+01,1.117000e+02,3.333000e+01,4.174000e+01,3.284000e+01,2.936000e+01,2.795000e+01,2.413000e+01,1.641000e-01,1.500000e-01,1.638000e-01
1.900000e+02,6.431000e+01,8.274000e+01,1.127000e+02,3.366000e+01,4.216000e+01,3.317000e+01,2.965000e+01,2.823000e+01,2.437000e+01,1.525000e-01,1.394000e-01,1.522000e-01
1.910000e+02,6.320000e+01,8.131000e+01,1.108000e+02,3.341000e+01,4.184000e+01,3.292000e+01,2.943000e+01,2.802000e+01,2.419000e+01,1.894000e-01,1.731000e-01,1.890000e-01
1.920000e+02,6.393000e+01,8.225000e+01,1.121000e+02,3.424000e+01,4.288000e+01,3.374000e+01,3.016000e+01,2.871000e+01,2.479000e+01,1.625000e-01,1.485000e-01,1.622000e-01
1.930000e+02,6.434000e+01,8.278000e+01,1.128000e+02,3.477000e+01,4.355000e+01,3.426000e+01,3.063000e+01,2.916000e+01,2.517000e+01,1.578000e-01,1.442000e-01,1.575000e-01
1.940000e+02,6.355000e+01,8.176000e+01,1.114000e+02,3.168000e+01,3.968000e+01,3.122000e+01,2.791000e+01,2.657000e+01,2.294000e+01,2.336000e-01,2.135000e-01,2.331000e-01
1.950000e+02,6.343000e+01,8.161000e+01,1.112000e+02,3.359000e+01,4.207000e+01,3.310000e+01,2.959000e+01,2.817000e+01,2.432000e+01,1.541000e-01,1.408000e-01,1.538000e-01
1.960000e+02,6.345000e+01,8.163000e+01,1.112000e+02,3.209000e+01,4.019000e+01,3.162000e+01,2.827000e+01,2.691000e+01,2.323000e+01,1.546000e-01,1.413000e-01,1.543000e-01
1.970000e+02,6.308000e+01,8.116000e+01,1.106000e+02,3.120000e+01,3.907000e+01,3.074000e+01,2.748000e+01,2.616000e+01,2.259000e+01,1.608000e-01,1.470000e-01,1.605000e-01
1.980000e+02,6.314000e+01,8.124000e+01,1.107000e+02,3.469000e+01,4.345000e+01,3.418000e+01,3.056000e+01,2.909000e+01,2.512000e+01,1.593000e-01,1.456000e-01,1.590000e-01
1.990000e+02,6.401000e+01,8.236000e+01,1.122000e+02,3.436000e+01,4.303000e+01,3.386000e+01,3.027000e+01,2.881000e+01,2.488000e+01,2.321000e-01,2.121000e-01,2.316000e-01
2.000000e+02,6.402000e+01,8.237000e+01,1.122000e+02,3.245000e+01,4.064000e+01,3.198000e+01,2.859000e+01,2.721000e+01,2.349000e+01,1.556000e-01,1.422000e-01,1.553000e-01
2.010000e+02,6.406000e+01,8.242000e+01,1.123000e+02,3.097000e+01,3.879000e+01,3.052000e+01,2.728000e+01,2.597000e+01,2.242000e+01,1.702000e-01,1.555000e-01,1.698000e-01
2.020000e+02,6.346000e+01,8.165000e+01,1.113000e+02,3.316000e+01,4.153000e+01,3.268000e+01,2.921000e+01,2.781000e+01,2.401000e+01,1.585000e-01,1.449000e-01,1.582000e-01
2.030000e+02,6.349000e+01,8.169000e+01,1.113000e+02,3.372000e+01,4.223000e+01,3.323000e+01,2.970000e+01,2.828000e+01,2.441000e+01,1.731000e-01,1.582000e-01,1.727000e-01
2.040000e+02,6.528000e+01,8.399000e+01,1.144000e+02,3.409000e+01,4.269000e+01,3.359000e+01,3.003000e+01,2.859000e+01,2.468000e+01,1.580000e-01,1.444000e-01,1.577000e-01
2.050000e+02,6.427000e+01,8.269000e+01,1.127000e+02,3.141000e+01,3.934000e+01,3.095000e+01,2.767000e+01,2.634000e+01,2.274000e+01,1.547000e-01,1.414000e-01,1.544000e-01
2.060000e+02,6.472000e+01,8.327000e+01,1.135000e+02,3.270000e+01,4.095000e+01,3.222000e+01,2.881000e+01,2.742000e+01,2.367000e+01,1.532000e-01,1.400000e-01,1.529000e-01
2.070000e+02,6.298000e+01,8.103000e+01,1.104000e+02,3.273000e+01,4.099000e+01,3.225000e+01,2.883000e+01,2.745000e+01,2.370000e+01,1.624000e-01,1.484000e-01,1.621000e-01
2.080000e+02,6.334000e+01,8.149000e+01,1.110000e+02,2.965000e+01,3.713000e+01,2.922000e+01,2.612000e+01,2.486000e+01,2.147000e+01,1.616000e-01,1.477000e-01,1.613000e-01
2.090000e+02,6.378000e+01,8.206000e+01,1.118000e+02,3.412000e+01,4.273000e+01,3.362000e+01,3.006000e+01,2.861000e+01,2.470000e+01,1.641000e-01,1.500000e-01,1.638000e-01
2.100000e+02,6.331000e+01,8.145000e+01,1.110000e+02,3.468000e+01,4.343000e+01,3.417000e+01,3.055000e+01,2.908000e+01,2.511000e+01,1.670000e-01,1.526000e-01,1.666000e-01
2.110000e+02,6.369000e+01,8.194000e+01,1.117000e+02,3.349000e+01,4.194000e+01,3.300000e+01,2.950000e+01,2.808000e+01,2.425000e+01,1.663000e-01,1.520000e-01,1.660000e-01
2.120000e+02,6.457000e+01,8.308000e+01,1.132000e+02,3.072000e+01,3.847000e+01,3.027000e+01,2.706000e+01,2.576000e+01,2.224000e+01,1.512000e-01,1.382000e-01,1.509000e-01
2.130000e+02,6.429000e+01,8.272000e+01,1.127000e+02,3.426000e+01,4.291000e+01,3.376000e+01,3.018000e+01,2.873000e+01,2.480000e+01,1.529000e-01,1.397000e-01,1.526000e-01
2.140000e+02,6.462000e+01,8.314000e+01,1.133000e+02,3.449000e+01,4.320000e+01,3.399000e+01,3.038000e+01,2.892000e+01,2.497000e+01,1.872000e-01,1.711000e-01,1.868000e-01
2.150000e+02,6.389000e+01,8.220000e+01,1.120000e+02,3.464000e+01,4.338000e+01,3.413000e+01,3.051000e+01,2.905000e+01,2.508000e+01,2.409000e-01,2.202000e-01,2.404000e-01
2.160000e+02,6.332000e+01,8.147000e+01,1.110000e+02,3.016000e+01,3.777000e+01,2.972000e+01,2.657000e+01,2.529000e+01,2.184000e+01,1.526000e-01,1.395000e-01,1.523000e-01
2.170000e+02,6.386000e+01,8.216000e+01,1.120000e+02,3.463000e+01,4.337000e+01,3.412000e+01,3.051000e+01,2.904000e+01,2.507000e+01,1.639000e-01,1.498000e-01,1.636000e-01
2.180000e+02,6.349000e+01,8.169000e+01,1.113000e+02,3.283000e+01,4.112000e+01,3.235000e+01,2.892000e+01,2.753000e+01,2.377000e+01,1.521000e-01,1.390000e-01,1.518000e-01
2.190000e+02,6.316000e+01,8.126000e+01,1.107000e+02,3.020000e+01,3.782000e+01,2.976000e+01,2.660000e+01,2.533000e+01,2.186000e+01,1.672000e-01,1.528000e-01,1.668000e-01
2.200000e+02,6.371000e+01,8.197000e+01,1.117000e+02,2.704000e+01,3.386000e+01,2.665000e+01,2.382000e+01,2.268000e+01,1.958000e+01,2.110000e-01,1.928000e-01,2.106000e-01
2.210000e+02,6.284000e+01,8.085000e+01,1.102000e+02,3.406000e+01,4.266000e+01,3.356000e+01,3.000000e+01,2.856000e+01,2.466000e+01,1.621000e-01,1.481000e-01,1.618000e-01
2.220000e+02,6.430000e+01,8.273000e+01,1.127000e+02,2.898000e+01,3.629000e+01,2.856000e+01,2.553000e+01,2.430000e+01,2.098000e+01,1.635000e-01,1.494000e-01,1.632000e-01
2.230000e+02,6.359000e+01,8.181000e+01,1.115000e+02,3.398000e+01,4.256000e+01,3.348000e+01,2.993000e+01,2.850000e+01,2.460000e+01,1.537000e-01,1.405000e-01,1.534000e-01
2.240000e+02,6.441000e+01,8.287000e+01,1.129000e+02,3.281000e+01,4.109000e+01,3.233000e+01,2.890000e+01,2.751000e+01,2.375000e+01,1.584000e-01,1.448000e-01,1.581000e-01
2.250000e+02,6.343000e+01,8.161000e+01,1.112000e+02,2.914000e+01,3.649000e+01,2.871000e+01,2.567000e+01,2.444000e+01,2.110000e+01,1.535000e-01,1.403000e-01,1.532000e-01
2.260000e+02,6.292000e+01,8.095000e+01,1.103000e+02,3.406000e+01,4.266000e+01,3.356000e+01,3.000000e+01,2.856000e+01,2.466000e+01,1.857000e-01,1.697000e-01,1.853000e-01
2.270000e+02,6.319000e+01,8.130000e+01,1.108000e+02,3.481000e+01,4.360000e+01,3.430000e+01,3.066000e+01,2.919000e+01,2.520000e+01,1.512000e-01,1.382000e-01,1.509000e-01
2.280000e+02,6.356000e+01,8.178000e+01,1.114000e+02,3.363000e+01,4.212000e+01,3.314000e+01,2.962000e+01,2.820000e+01,2.435000e+01,2.344000e-01,2.142000e-01,2.339000e-01
2.290000e+02,6.411000e+01,8.248000e+01,1.124000e+02,3.436000e+01,4.303000e+01,3.386000e+01,3.027000e+01,2.881000e+01,2.488000e+01,1.651000e-01,1.509000e-01,1.648000e-01
2.300000e+02,6.444000e+01,8.291000e+01,1.130000e+02,3.198000e+01,4.005000e+01,3.151000e+01,2.817000e+01,2.682000e+01,2.315000e+01,1.580000e-01,1.444000e-01,1.577000e-01
2.310000e+02,6.484000e+01,8.342000e+01,1.137000e+02,2.879000e+01,3.606000e+01,2.837000e+01,2.536000e+01,2.414000e+01,2.084000e+01,1.624000e-01,1.484000e-01,1.621000e-01
2.320000e+02,6.451000e+01,8.300000e+01,1.131000e+02,2.908000e+01,3.642000e+01,2.866000e+01,2.562000e+01,2.439000e+01,2.105000e+01,1.685000e-01,1.540000e-01,1.681000e-01
2.330000e+02,6.385000e+01,8.215000e+01,1.119000e+02,3.430000e+01,4.296000e+01,3.380000e+01,3.021000e+01,2.876000e+01,2.483000e+01,1.589000e-01,1.452000e-01,1.586000e-01
2.340000e+02,6.355000e+01,8.176000e+01,1.114000e+02,3.100000e+01,3.882000e+01,3.055000e+01,2.731000e+01,2.600000e+01,2.244000e+01,1.541000e-01,1.408000e-01,1.538000e-01
2.350000e+02,6.277000e+01,8.076000e+01,1.100000e+02,3.087000e+01,3.866000e+01,3.042000e+01,2.719000e+01,2.589000e+01,2.235000e+01,1.524000e-01,1.393000e-01,1.521000e-01
2.360000e+02,6.375000e+01,8.202000e+01,1.118000e+02,3.292000e+01,4.123000e+01,3.244000e+01,2.900000e+01,2.761000e+01,2.383000e+01,1.615000e-01,1.476000e-01,1.612000e-01
2.370000e+02,6.389000e+01,8.220000e+01,1.120000e+02,3.435000e+01,4.302000e+01,3.385000e+01,3.026000e+01,2.881000e+01,2.487000e+01,2.087000e-01,1.907000e-01,2.083000e-01
2.380000e+02,6.302000e+01,8.108000e+01,1.105000e+02,3.112000e+01,3.897000e+01,3.067000e+01,2.741000e+01,2.610000e+01,2.253000e+01,1.542000e-01,1.409000e-01,1.539000e-01
2.390000e+02,6.340000e+01,8.157000e+01,1.111000e+02,3.463000e+01,4.337000e+01,3.412000e+01,3.051000e+01,2.904000e+01,2.507000e+01,1.608000e-01,1.470000e-01,1.605000e-01
2.400000e+02,6.461000e+01,8.313000e+01,1.133000e+02,3.092000e+01,3.872000e+01,3.047000e+01,2.724000e+01,2.593000e+01,2.239000e+01,1.645000e-01,1.503000e-01,1.642000e-01
2.410000e+02,6.431000e+01,8.274000e+01,1.127000e+02,3.466000e+01,4.341000e+01,3.415000e+01,3.053000e+01,2.907000e+01,2.509000e+01,1.522000e-01,1.391000e-01,1.519000e-01
2.420000e+02,6.397000e+01,8.230000e+01,1.121000e+02,2.986000e+01,3.740000e+01,2.942000e+01,2.630000e+01,2.504000e+01,2.162000e+01,1.603000e-01,1.465000e-01,1.600000e-01
2.430000e+02,6.372000e+01,8.198000e+01,1.117000e+02,2.946000e+01,3.690000e+01,2.903000e+01,2.595000e+01,2.471000e+01,2.133000e+01,1.624000e-01,1.484000e-01,1.621000e-01
2.440000e+02,6.400000e+01,8.234000e+01,1.122000e+02,3.417000e+01,4.279000e+01,3.367000e+01,3.010000e+01,2.865000e+01,2.474000e+01,1.719000e-01,1.571000e-01,1.715000e-01
2.450000e+02,6.428000e+01,8.270000e+01,1.127000e+02,3.308000e+01,4.143000e+01,3.260000e+01,2.914000e+01,2.774000e+01,2.395000e+01,1.879000e-01,1.717000e-01,1.875000e-01
2.460000e+02,6.338000e+01,8.154000e+01,1.111000e+02,3.361000e+01,4.209000e+01,3.312000e+01,2.961000e+01,2.819000e+01,2.433000e+01,1.547000e-01,1.414000e-01,1.544000e-01
2.470000e+02,6.448000e+01,8.296000e+01,1.130000e+02,3.492000e+01,4.373000e+01,3.441000e+01,3.076000e+01,2.928000e+01,2.528000e+01,2.031000e-01,1.856000e-01,2.027000e-01
2.480000e+02,6.406000e+01,8.242000e+01,1.123000e+02,2.706000e+01,3.389000e+01,2.666000e+01,2.384000e+01,2.269000e+01,1.959000e+01,1.647000e-01,1.505000e-01,1.644000e-01
2.490000e+02,6.394000e+01,8.227000e+01,1.121000e+02,3.403000e+01,4.262000e+01,3.353000e+01,2.998000e+01,2.854000e+01,2.464000e+01,1.870000e-01,1.709000e-01,1.866000e-01
2.500000e+02,6.495000e+01,8.356000e+01,1.139000e+02,3.276000e+01,4.103000e+01,3.228000e+01,2.886000e+01,2.747000e+01,2.372000e+01,1.864000e-01,1.704000e-01,1.860000e-01
2.510000e+02,6.235000e+01,8.022000e+01,1.093000e+02,3.393000e+01,4.249000e+01,3.343000e+01,2.989000e+01,2.845000e+01,2.457000e+01,1.570000e-01,1.435000e-01,1.567000e-01
2.520000e+02,6.432000e+01,8.275000e+01,1.128000e+02,3.114000e+01,3.900000e+01,3.069000e+01,2.743000e+01,2.611000e+01,2.255000e+01,1.597000e-01,1.459000e-01,1.594000e-01
2.530000e+02,6.378000e+01,8.206000e+01,1.118000e+02,3.360000e+01,4.208000e+01,3.311000e+01,2.960000e+01,2.818000e+01,2.433000e+01,1.560000e-01,1.426000e-01,1.557000e-01
2.540000e+02,6.328000e+01,8.142000e+01,1.109000e+02,3.472000e+01,4.348000e+01,3.421000e+01,3.058000e+01,2.912000e+01,2.514000e+01,1.535000e-01,1.403000e-01,1.532000e-01
2.550000e+02,6.320000e+01,8.131000e+01,1.108000e+02,3.425000e+01,4.289000e+01,3.375000e+01,3.017000e+01,2.872000e+01,2.480000e+01,1.605000e-01,1.467000e-01,1.602000e-01
2.560000e+02,6.343000e+01,8.161000e+01,1.112000e+02,3.472000e+01,4.348000e+01,3.421000e+01,3.058000e+01,2.912000e+01,2.514000e+01,1.800000e-01,1.645000e-01,1.796000e-01
