# step_count,bc_1,bc_2,bc_3,ac_1,ac_2,ac_3,ac_4,ac_5,ac_6,ic_1,ic_2,ic_3
1.000000e+00,7.548000e+01,9.711000e+01,1.323000e+02,3.327000e+01,4.167000e+01,3.278000e+01,2.931000e+01,2.790000e+01,2.409000e+01,4.333000e-01,3.960000e-01,4.324000e-01
2.000000e+00,6.280000e+01,8.080000e+01,1.101000e+02,3.213000e+01,4.024000e+01,3.166000e+01,2.830000e+01,2.694000e+01,2.326000e+01,1.691000e-01,1.545000e-01,1.687000e-01
3.000000e+00,7.987000e+01,1.028000e+02,1.400000e+02,2.894000e+01,3.624000e+01,2.852000e+01,2.549000e+01,2.427000e+01,2.095000e+01,6.564000e-01,5.999000e-01,6.550000e-01
4.000000e+00,6.117000e+01,7.870000e+01,1.072000e+02,3.282000e+01,4.110000e+01,3.234000e+01,2.891000e+01,2.752000e+01,2.376000e+01,1.851000e-01,1.692000e-01,1.847000e-01
5.000000e+00,6.219000e+01,8.001000e+01,1.090000e+02,3.132000e+01,3.923000e+01,3.086000e+01,2.759000e+01,2.626000e+01,2.268000e+01,4.711000e-01,4.305000e-01,4.701000e-01
6.000000e+00,7.900000e+01,1.016000e+02,1.385000e+02,2.532000e+01,3.171000e+01,2.495000e+01,2.230000e+01,2.123000e+01,1.833000e+01,7.732000e-01,7.066000e-01,7.716000e-01
7.000000e+00,6.657000e+01,8.565000e+01,1.167000e+02,3.139000e+01,3.931000e+01,3.093000e+01,2.765000e+01,2.632000e+01,2.273000e+01,3.784000e-01,3.458000e-01,3.776000e-01
8.000000e+00,7.876000e+01,1.013000e+02,1.381000e+02,2.597000e+01,3.252000e+01,2.559000e+01,2.288000e+01,2.178000e+01,1.880000e+01,8.342000e-01,7.624000e-01,8.324000e-01
9.000000e+00,6.287000e+01,8.089000e+01,1.102000e+02,3.363000e+01,4.212000e+01,3.314000e+01,2.962000e+01,2.820000e+01,2.435000e+01,4.660000e-01,4.259000e-01,4.650000e-01
1.000000e+01,6.203000e+01,7.981000e+01,1.087000e+02,3.313000e+01,4.149000e+01,3.265000e+01,2.918000e+01,2.778000e+01,2.399000e+01,4.884000e-01,4.463000e-01,4.874000e-01
1.100000e+01,6.233000e+01,8.019000e+01,1.093000e+02,2.619000e+01,3.280000e+01,2.581000e+01,2.307000e+01,2.196000e+01,1.896000e+01,3.079000e-01,2.814000e-01,3.073000e-01
1.200000e+01,6.482000e+01,8.340000e+01,1.136000e+02,2.849000e+01,3.568000e+01,2.807000e+01,2.510000e+01,2.389000e+01,2.063000e+01,8.056000e-01,7.362000e-01,8.039000e-01
1.300000e+01,6.223000e+01,8.007000e+01,1.091000e+02,3.357000e+01,4.204000e+01,3.308000e+01,2.957000e+01,2.815000e+01,2.430000e+01,7.749000e-01,7.082000e-01,7.733000e-01
1.400000e+01,7.291000e+01,9.381000e+01,1.278000e+02,3.069000e+01,3.844000e+01,3.024000e+01,2.703000e+01,2.574000e+01,2.222000e+01,6.287000e-01,5.746000e-01,6.274000e-01
1.500000e+01,6.785000e+01,8.730000e+01,1.189000e+02,3.034000e+01,3.800000e+01,2.990000e+01,2.673000e+01,2.544000e+01,2.197000e+01,2.718000e-01,2.484000e-01,2.712000e-01
1.600000e+01,6.772000e+01,8.713000e+01,1.187000e+02,2.505000e+01,3.137000e+01,2.468000e+01,2.207000e+01,2.101000e+01,1.814000e+01,3.237000e-01,2.958000e-01,3.230000e-01
1.700000e+01,6.054000e+01,7.789000e+01,1.061000e+02,3.302000e+01,4.135000e+01,3.254000e+01,2.909000e+01,2.769000e+01,2.391000e+01,3.374000e-01,3.083000e-01,3.367000e-01
1.800000e+01,6.531000e+01,8.403000e+01,1.145000e+02,3.018000e+01,3.780000e+01,2.974000e+01,2.659000e+01,2.531000e+01,2.185000e+01,5.875000e-01,5.369000e-01,5.863000e-01
1.900000e+01,7.075000e+01,9.103000e+01,1.240000e+02,2.828000e+01,3.542000e+01,2.787000e+01,2.491000e+01,2.372000e+01,2.047000e+01,1.819000e-01,1.662000e-01,1.815000e-01
2.000000e+01,7.044000e+01,9.063000e+01,1.235000e+02,2.806000e+01,3.514000e+01,2.765000e+01,2.472000e+01,2.353000e+01,2.032000e+01,4.863000e-01,4.444000e-01,4.853000e-01
2.100000e+01,7.686000e+01,9.889000e+01,1.347000e+02,3.175000e+01,3.976000e+01,3.129000e+01,2.797000e+01,2.663000e+01,2.299000e+01,6.595000e-01,6.027000e-01,6.581000e-01
2.200000e+01,6.625000e+01,8.524000e+01,1.161000e+02,2.779000e+01,3.480000e+01,2.738000e+01,2.448000e+01,2.330000e+01,2.012000e+01,6.291000e-01,5.749000e-01,6.278000e-01
2.300000e+01,7.561000e+01,9.728000e+01,1.326000e+02,2.661000e+01,3.333000e+01,2.622000e+01,2.344000e+01,2.232000e+01,1.927000e+01,3.749000e-01,3.426000e-01,3.741000e-01
2.400000e+01,7.021000e+01,9.033000e+01,1.231000e+02,2.514000e+01,3.149000e+01,2.477000e+01,2.215000e+01,2.108000e+01,1.820000e+01,2.518000e-01,2.301000e-01,2.513000e-01
2.500000e+01,6.656000e+01,8.564000e+01,1.167000e+02,2.728000e+01,3.417000e+01,2.688000e+01,2.403000e+01,2.288000e+01,1.975000e+01,6.729000e-01,6.150000e-01,6.715000e-01
2.600000e+01,7.115000e+01,9.154000e+01,1.247000e+02,2.545000e+01,3.187000e+01,2.508000e+01,2.242000e+01,2.134000e+01,1.843000e+01,2.113000e-01,1.931000e-01,2.109000e-01
2.700000e+01,7.275000e+01,9.360000e+01,1.275000e+02,3.487000e+01,4.367000e+01,3.436000e+01,3.072000e+01,2.924000e+01,2.525000e+01,8.028000e-01,7.337000e-01,8.011000e-01
2.800000e+01,7.404000e+01,9.526000e+01,1.298000e+02,2.667000e+01,3.340000e+01,2.628000e+01,2.349000e+01,2.237000e+01,1.931000e+01,4.905000e-01,4.483000e-01,4.895000e-01
2.900000e+01,6.817000e+01,8.771000e+01,1.195000e+02,3.287000e+01,4.117000e+01,3.239000e+01,2.896000e+01,2.756000e+01,2.380000e+01,2.058000e-01,1.881000e-01,2.054000e-01
3.000000e+01,6.549000e+01,8.426000e+01,1.148000e+02,2.712000e+01,3.397000e+01,2.672000e+01,2.389000e+01,2.274000e+01,1.963000e+01,7.602000e-01,6.947000e-01,7.586000e-01
3.100000e+01,6.327000e+01,8.140000e+01,1.109000e+02,3.334000e+01,4.176000e+01,3.285000e+01,2.937000e+01,2.796000e+01,2.414000e+01,3.871000e-01,3.538000e-01,3.863000e-01
3.200000e+01,6.244000e+01,8.034000e+01,1.095000e+02,3.474000e+01,4.351000e+01,3.423000e+01,3.060000e+01,2.913000e+01,2.515000e+01,5.875000e-01,5.369000e-01,5.863000e-01
3.300000e+01,6.092000e+01,7.838000e+01,1.068000e+02,2.540000e+01,3.181000e+01,2.503000e+01,2.237000e+01,2.130000e+01,1.839000e+01,5.197000e-01,4.750000e-01,5.186000e-01
3.400000e+01,6.126000e+01,7.882000e+01,1.074000e+02,2.928000e+01,3.667000e+01,2.885000e+01,2.579000e+01,2.455000e+01,2.120000e+01,5.306000e-01,4.849000e-01,5.295000e-01
3.500000e+01,6.885000e+01,8.858000e+01,1.207000e+02,3.413000e+01,4.274000e+01,3.363000e+01,3.007000e+01,2.862000e+01,2.471000e+01,2.896000e-01,2.647000e-01,2.890000e-01
3.600000e+01,7.260000e+01,9.341000e+01,1.273000e+02,3.437000e+01,4.304000e+01,3.387000e+01,3.028000e+01,2.882000e+01,2.488000e+01,6.122000e-01,5.595000e-01,6.109000e-01
3.700000e+01,7.141000e+01,9.188000e+01,1.252000e+02,3.397000e+01,4.254000e+01,3.347000e+01,2.992000e+01,2.849000e+01,2.459000e+01,4.388000e-01,4.010000e-01,4.379000e-01
3.800000e+01,7.273000e+01,9.357000e+01,1.275000e+02,3.360000e+01,4.208000e+01,3.311000e+01,2.960000e+01,2.818000e+01,2.433000e+01,5.548000e-01,5.070000e-01,5.536000e-01
3.900000e+01,6.883000e+01,8.856000e+01,1.207000e+02,2.833000e+01,3.548000e+01,2.792000e+01,2.496000e+01,2.376000e+01,2.051000e+01,1.754000e-01,1.603000e-01,1.750000e-01
4.000000e+01,6.470000e+01,8.324000e+01,1.134000e+02,2.536000e+01,3.176000e+01,2.499000e+01,2.234000e+01,2.127000e+01,1.836000e+01,6.934000e-01,6.337000e-01,6.919000e-01
4.100000e+01,6.891000e+01,8.866000e+01,1.208000e+02,3.369000e+01,4.219000e+01,3.320000e+01,2.968000e+01,2.825000e+01,2.439000e+01,4.984000e-01,4.555000e-01,4.974000e-01
4.200000e+01,7.750000e+01,9.971000e+01,1.359000e+02,3.275000e+01,4.102000e+01,3.227000e+01,2.885000e+01,2.746000e+01,2.371000e+01,2.970000e-01,2.714000e-01,2.964000e-01
4.300000e+01,7.690000e+01,9.894000e+01,1.348000e+02,3.013000e+01,3.773000e+01,2.969000e+01,2.654000e+01,2.527000e+01,2.181000e+01,7.596000e-01,6.942000e-01,7.580000e-01
4.400000e+01,6.945000e+01,8.935000e+01,1.218000e+02,3.333000e+01,4.174000e+01,3.284000e+01,2.936000e+01,2.795000e+01,2.413000e+01,7.935000e-01,7.252000e-01,7.918000e-01
4.500000e+01,7.490000e+01,9.637000e+01,1.313000e+02,2.556000e+01,3.201000e+01,2.519000e+01,2.252000e+01,2.143000e+01,1.851000e+01,7.380000e-01,6.745000e-01,7.365000e-01
4.600000e+01,6.762000e+01,8.700000e+01,1.185000e+02,2.788000e+01,3.492000e+01,2.747000e+01,2.456000e+01,2.338000e+01,2.019000e+01,5.638000e-01,5.153000e-01,5.626000e-01
4.700000e+01,7.038000e+01,9.055000e+01,1.234000e+02,2.990000e+01,3.745000e+01,2.946000e+01,2.634000e+01,2.507000e+01,2.165000e+01,4.593000e-01,4.198000e-01,4.583000e-01
4.800000e+01,7.589000e+01,9.764000e+01,1.330000e+02,2.654000e+01,3.324000e+01,2.615000e+01,2.338000e+01,2.226000e+01,1.921000e+01,4.522000e-01,4.133000e-01,4.513000e-01
4.900000e+01,6.766000e+01,8.705000e+01,1.186000e+02,2.540000e+01,3.181000e+01,2.503000e+01,2.237000e+01,2.130000e+01,1.839000e+01,6.220000e-01,5.684000e-01,6.207000e-01
5.000000e+01,6.483000e+01,8.341000e+01,1.137000e+02,3.214000e+01,4.025000e+01,3.167000e+01,2.831000e+01,2.695000e+01,2.327000e+01,4.349000e-01,3.975000e-01,4.340000e-01
5.100000e+01,6.158000e+01,7.923000e+01,1.080000e+02,3.475000e+01,4.352000e+01,3.424000e+01,3.061000e+01,2.914000e+01,2.516000e+01,6.547000e-01,5.983000e-01,6.533000e-01
5.200000e+01,6.924000e+01,8.908000e+01,1.214000e+02,3.247000e+01,4.067000e+01,3.200000e+01,2.860000e+01,2.723000e+01,2.351000e+01,6.185000e-01,5.652000e-01,6.172000e-01
5.300000e+01,7.816000e+01,1.006000e+02,1.370000e+02,3.476000e+01,4.353000e+01,3.425000e+01,3.062000e+01,2.915000e+01,2.517000e+01,3.061000e-01,2.797000e-01,3.055000e-01
5.400000e+01,6.655000e+01,8.562000e+01,1.167000e+02,2.516000e+01,3.151000e+01,2.479000e+01,2.216000e+01,2.110000e+01,1.822000e+01,4.436000e-01,4.054000e-01,4.427000e-01
5.500000e+01,6.168000e+01,7.936000e+01,1.081000e+02,2.858000e+01,3.579000e+01,2.816000e+01,2.518000e+01,2.397000e+01,2.069000e+01,6.515000e-01,5.954000e-01,6.501000e-01
5.600000e+01,7.732000e+01,9.948000e+01,1.355000e+02,3.394000e+01,4.251000e+01,3.344000e+01,2.990000e+01,2.846000e+01,2.457000e+01,8.050000e-01,7.357000e-01,8.033000e-01
5.700000e+01,7.878000e+01,1.014000e+02,1.381000e+02,2.807000e+01,3.515000e+01,2.766000e+01,2.473000e+01,2.354000e+01,2.032000e+01,4.601000e-01,4.205000e-01,4.591000e-01
5.800000e+01,6.465000e+01,8.318000e+01,1.133000e+02,2.557000e+01,3.202000e+01,2.520000e+01,2.252000e+01,2.144000e+01,1.851000e+01,7.822000e-01,7.149000e-01,7.806000e-01
5.900000e+01,7.845000e+01,1.009000e+02,1.375000e+02,3.373000e+01,4.224000e+01,3.324000e+01,2.971000e+01,2.829000e+01,2.442000e+01,2.679000e-01,2.448000e-01,2.673000e-01
6.000000e+01,6.772000e+01,8.713000e+01,1.187000e+02,3.331000e+01,4.172000e+01,3.282000e+01,2.934000e+01,2.793000e+01,2.412000e+01,2.094000e-01,1.914000e-01,2.090000e-01
6.100000e+01,6.082000e+01,7.825000e+01,1.066000e+02,2.721000e+01,3.408000e+01,2.681000e+01,2.397000e+01,2.282000e+01,1.970000e+01,6.319000e-01,5.775000e-01,6.306000e-01
6.200000e+01,6.820000e+01,8.775000e+01,1.196000e+02,2.813000e+01,3.523000e+01,2.772000e+01,2.478000e+01,2.359000e+01,2.037000e+01,5.442000e-01,4.973000e-01,5.431000e-01
6.300000e+01,6.150000e+01,7.913000e+01,1.078000e+02,3.101000e+01,3.884000e+01,3.056000e+01,2.732000e+01,2.600000e+01,2.245000e+01,6.499000e-01,5.939000e-01,6.485000e-01
6.400000e+01,6.103000e+01,7.852000e+01,1.070000e+02,3.497000e+01,4.380000e+01,3.446000e+01,3.081000e+01,2.933000e+01,2.532000e+01,6.128000e-01,5.600000e-01,6.115000e-01
6.500000e+01,6.642000e+01,8.546000e+01,1.164000e+02,3.067000e+01,3.841000e+01,3.022000e+01,2.702000e+01,2.572000e+01,2.221000e+01,6.179000e-01,5.647000e-01,6.166000e-01
6.600000e+01,7.884000e+01,1.014000e+02,1.382000e+02,3.005000e+01,3.763000e+01,2.961000e+01,2.647000e+01,2.520000e+01,2.176000e+01,8.157000e-01,7.455000e-01,8.140000e-01
6.700000e+01,6.519000e+01,8.387000e+01,1.143000e+02,3.282000e+01,4.110000e+01,3.234000e+01,2.891000e+01,2.752000e+01,2.376000e+01,7.416000e-01,6.777000e-01,7.400000e-01
6.800000e+01,6.114000e+01,7.866000e+01,1.072000e+02,2.757000e+01,3.453000e+01,2.717000e+01,2.429000e+01,2.312000e+01,1.996000e+01,5.615000e-01,5.132000e-01,5.603000e-01
6.900000e+01,6.541000e+01,8.416000e+01,1.147000e+02,2.732000e+01,3.422000e+01,2.692000e+01,2.407000e+01,2.291000e+01,1.978000e+01,5.161000e-01,4.717000e-01,5.150000e-01
7.000000e+01,6.652000e+01,8.558000e+01,1.166000e+02,2.790000e+01,3.494000e+01,2.749000e+01,2.458000e+01,2.340000e+01,2.020000e+01,2.341000e-01,2.139000e-01,2.336000e-01
7.100000e+01,6.963000e+01,8.959000e+01,1.221000e+02,3.191000e+01,3.996000e+01,3.144000e+01,2.811000e+01,2.676000e+01,2.310000e+01,6.412000e-01,5.860000e-01,6.399000e-01
7.200000e+01,7.602000e+01,9.781000e+01,1.333000e+02,2.650000e+01,3.319000e+01,2.611000e+01,2.334000e+01,2.222000e+01,1.919000e+01,4.288000e-01,3.919000e-01,4.279000e-01
7.300000e+01,7.520000e+01,9.675000e+01,1.318000e+02,2.963000e+01,3.711000e+01,2.920000e+01,2.610000e+01,2.485000e+01,2.145000e+01,4.509000e-01,4.121000e-01,4.500000e-01
7.400000e+01,6.514000e+01,8.381000e+01,1.142000e+02,3.003000e+01,3.761000e+01,2.959000e+01,2.645000e+01,2.518000e+01,2.174000e+01,7.486000e-01,6.841000e-01,7.470000e-01
7.500000e+01,7.806000e+01,1.004000e+02,1.368000e+02,3.238000e+01,4.055000e+01,3.191000e+01,2.852000e+01,2.715000e+01,2.344000e+01,4.359000e-01,3.984000e-01,4.350000e-01
7.600000e+01,6.525000e+01,8.395000e+01,1.144000e+02,3.248000e+01,4.068000e+01,3.201000e+01,2.861000e+01,2.724000e+01,2.352000e+01,5.983000e-01,5.468000e-01,5.970000e-01
7.700000e+01,7.863000e+01,1.012000e+02,1.378000e+02,3.445000e+01,4.315000e+01,3.395000e+01,3.035000e+01,2.889000e+01,2.494000e+01,7.921000e-01,7.239000e-01,7.904000e-01
7.800000e+01,7.490000e+01,9.637000e+01,1.313000e+02,3.238000e+01,4.055000e+01,3.191000e+01,2.852000e+01,2.715000e+01,2.344000e+01,7.693000e-01,7.031000e-01,7.677000e-01
7.900000e+01,7.448000e+01,9.583000e+01,1.306000e+02,3.414000e+01,4.276000e+01,3.364000e+01,3.007000e+01,2.863000e+01,2.472000e+01,2.285000e-01,2.088000e-01,2.280000e-01
8.000000e+01,7.840000e+01,1.009000e+02,1.374000e+02,2.710000e+01,3.394000e+01,2.670000e+01,2.387000e+01,2.273000e+01,1.962000e+01,6.266000e-01,5.726000e-01,6.253000e-01
8.100000e+01,7.652000e+01,9.845000e+01,1.341000e+02,3.257000e+01,4.079000e+01,3.209000e+01,2.869000e+01,2.731000e+01,2.358000e+01,3.201000e-01,2.925000e-01,3.194000e-01
8.200000e+01,6.579000e+01,8.465000e+01,1.153000e+02,3.078000e+01,3.855000e+01,3.033000e+01,2.711000e+01,2.581000e+01,2.228000e+01,7.056000e-01,6.448000e-01,7.041000e-01
8.300000e+01,6.405000e+01,8.241000e+01,1.123000e+02,2.776000e+01,3.477000e+01,2.735000e+01,2.445000e+01,2.328000e+01,2.010000e+01,5.503000e-01,5.029000e-01,5.491000e-01
8.400000e+01,7.170000e+01,9.225000e+01,1.257000e+02,2.993000e+01,3.748000e+01,2.949000e+01,2.637000e+01,2.510000e+01,2.167000e+01,4.620000e-01,4.222000e-01,4.610000e-01
8.500000e+01,7.296000e+01,9.387000e+01,1.279000e+02,3.468000e+01,4.343000e+01,3.417000e+01,3.055000e+01,2.908000e+01,2.511000e+01,7.485000e-01,6.841000e-01,7.469000e-01
8.600000e+01,6.359000e+01,8.181000e+01,1.115000e+02,3.140000e+01,3.933000e+01,3.094000e+01,2.766000e+01,2.633000e+01,2.273000e+01,5.132000e-01,4.690000e-01,5.121000e-01
8.700000e+01,7.651000e+01,9.844000e+01,1.341000e+02,3.400000e+01,4.258000e+01,3.350000e+01,2.995000e+01,2.851000e+01,2.462000e+01,8.008000e-01,7.319000e-01,7.991000e-01
8.800000e+01,6.999000e+01,9.005000e+01,1.227000e+02,3.098000e+01,3.880000e+01,3.053000e+01,2.729000e+01,2.598000e+01,2.243000e+01,6.994000e-01,6.392000e-01,6.979000e-01
8.900000e+01,7.469000e+01,9.610000e+01,1.309000e+02,3.081000e+01,3.859000e+01,3.036000e+01,2.714000e+01,2.584000e+01,2.231000e+01,8.446000e-01,7.719000e-01,8.428000e-01
9.000000e+01,6.599000e+01,8.490000e+01,1.157000e+02,3.245000e+01,4.064000e+01,3.198000e+01,2.859000e+01,2.721000e+01,2.349000e+01,3.984000e-01,3.641000e-01,3.976000e-01
9.100000e+01,6.590000e+01,8.479000e+01,1.155000e+02,3.086000e+01,3.865000e+01,3.041000e+01,2.718000e+01,2.588000e+01,2.234000e+01,5.066000e-01,4.630000e-01,5.055000e-01
9.200000e+01,7.702000e+01,9.909000e+01,1.350000e+02,3.216000e+01,4.028000e+01,3.169000e+01,2.833000e+01,2.697000e+01,2.328000e+01,7.809000e-01,7.137000e-01,7.793000e-01
9.300000e+01,6.717000e+01,8.642000e+01,1.178000e+02,3.417000e+01,4.279000e+01,3.367000e+01,3.010000e+01,2.865000e+01,2.474000e+01,7.882000e-01,7.203000e-01,7.865000e-01
9.400000e+01,6.803000e+01,8.753000e+01,1.193000e+02,2.511000e+01,3.145000e+01,2.474000e+01,2.212000e+01,2.106000e+01,1.818000e+01,3.892000e-01,3.557000e-01,3.884000e-01
9.500000e+01,7.358000e+01,9.467000e+01,1.290000e+02,2.538000e+01,3.179000e+01,2.501000e+01,2.236000e+01,2.128000e+01,1.838000e+01,6.674000e-01,6.099000e-01,6.660000e-01
9.600000e+01,7.394000e+01,9.513000e+01,1.296000e+02,3.269000e+01,4.094000e+01,3.221000e+01,2.880000e+01,2.741000e+01,2.367000e+01,6.832000e-01,6.244000e-01,6.818000e-01
9.700000e+01,7.733000e+01,9.949000e+01,1.356000e+02,2.924000e+01,3.662000e+01,2.881000e+01,2.576000e+01,2.452000e+01,2.117000e+01,4.055000e-01,3.706000e-01,4.046000e-01
9.800000e+01,7.173000e+01,9.229000e+01,1.257000e+02,2.794000e+01,3.499000e+01,2.753000e+01,2.461000e+01,2.343000e+01,2.023000e+01,6.220000e-01,5.684000e-01,6.207000e-01
9.900000e+01,6.987000e+01,8.989000e+01,1.225000e+02,3.484000e+01,4.363000e+01,3.433000e+01,3.069000e+01,2.922000e+01,2.522000e+01,2.863000e-01,2.616000e-01,2.857000e-01
1.000000e+02,6.263000e+01,8.058000e+01,1.098000e+02,3.093000e+01,3.874000e+01,3.048000e+01,2.725000e+01,2.594000e+01,2.239000e+01,8.470000e-01,7.741000e-01,8.452000e-01
1.010000e+02,6.459000e+01,8.310000e+01,1.132000e+02,2.689000e+01,3.368000e+01,2.650000e+01,2.369000e+01,2.255000e+01,1.947000e+01,1.587000e-01,1.450000e-01,1.584000e-01
1.020000e+02,6.339000e+01,8.156000e+01,1.111000e+02,3.175000e+01,3.976000e+01,3.129000e+01,2.797000e+01,2.663000e+01,2.299000e+01,1.726000e-01,1.577000e-01,1.722000e-01
1.030000e+02,6.325000e+01,8.138000e+01,1.109000e+02,2.726000e+01,3.414000e+01,2.686000e+01,2.401000e+01,2.286000e+01,1.974000e+01,1.768000e-01,1.616000e-01,1.764000e-01
1.040000e+02,6.416000e+01,8.255000e+01,1.125000e+02,2.974000e+01,3.725000e+01,2.931000e+01,2.620000e+01,2.494000e+01,2.153000e+01,1.567000e-01,1.432000e-01,1.564000e-01
1.050000e+02,6.324000e+01,8.136000e+01,1.109000e+02,2.913000e+01,3.648000e+01,2.870000e+01,2.566000e+01,2.443000e+01,2.109000e+01,1.547000e-01,1.414000e-01,1.544000e-01
1.060000e+02,6.390000e+01,8.221000e+01,1.120000e+02,3.281000e+01,4.109000e+01,3.233000e+01,2.890000e+01,2.751000e+01,2.375000e+01,1.922000e-01,1.757000e-01,1.918000e-01
1.070000e+02,6.327000e+01,8.140000e+01,1.109000e+02,2.860000e+01,3.582000e+01,2.818000e+01,2.519000e+01,2.398000e+01,2.071000e+01,1.712000e-01,1.565000e-01,1.708000e-01
1.080000e+02,6.348000e+01,8.167000e+01,1.113000e+02,2.593000e+01,3.247000e+01,2.555000e+01,2.284000e+01,2.174000e+01,1.877000e+01,1.683000e-01,1.538000e-01,1.679000e-01
1.090000e+02,6.403000e+01,8.238000e+01,1.123000e+02,3.408000e+01,4.268000e+01,3.358000e+01,3.002000e+01,2.858000e+01,2.467000e+01,2.185000e-01,1.997000e-01,2.180000e-01
1.100000e+02,6.350000e+01,8.170000e+01,1.113000e+02,3.487000e+01,4.367000e+01,3.436000e+01,3.072000e+01,2.924000e+01,2.525000e+01,1.579000e-01,1.443000e-01,1.576000e-01
1.110000e+02,6.390000e+01,8.221000e+01,1.120000e+02,3.404000e+01,4.263000e+01,3.354000e+01,2.999000e+01,2.855000e+01,2.464000e+01,1.582000e-01,1.446000e-01,1.579000e-01
1.120000e+02,6.442000e+01,8.288000e+01,1.129000e+02,2.911000e+01,3.646000e+01,2.868000e+01,2.564000e+01,2.441000e+01,2.108000e+01,2.021000e-01,1.847000e-01,2.017000e-01
1.130000e+02,6.392000e+01,8.224000e+01,1.121000e+02,3.143000e+01,3.936000e+01,3.097000e+01,2.769000e+01,2.636000e+01,2.276000e+01,1.673000e-01,1.529000e-01,1.669000e-01
1.140000e+02,6.387000e+01,8.218000e+01,1.120000e+02,2.949000e+01,3.693000e+01,2.906000e+01,2.598000e+01,2.473000e+01,2.135000e+01,1.837000e-01,1.679000e-01,1.833000e-01
1.150000e+02,6.329000e+01,8.143000e+01,1.110000e+02,3.040000e+01,3.807000e+01,2.996000e+01,2.678000e+01,2.549000e+01,2.201000e+01,1.704000e-01,1.557000e-01,1.700000e-01
1.160000e+02,6.379000e+01,8.207000e+01,1.118000e+02,2.980000e+01,3.732000e+01,2.936000e+01,2.625000e+01,2.499000e+01,2.158000e+01,1.670000e-01,1.526000e-01,1.666000e-01
1.170000e+02,6.446000e+01,8.293000e+01,1.130000e+02,3.372000e+01,4.223000e+01,3.323000e+01,2.970000e+01,2.828000e+01,2.441000e+01,1.903000e-01,1.739000e-01,1.899000e-01
1.180000e+02,6.383000e+01,8.212000e+01,1.119000e+02,3.372000e+01,4.223000e+01,3.323000e+01,2.970000e+01,2.828000e+01,2.441000e+01,1.612000e-01,1.473000e-01,1.609000e-01
1.190000e+02,6.402000e+01,8.237000e+01,1.122000e+02,2.891000e+01,3.621000e+01,2.849000e+01,2.547000e+01,2.424000e+01,2.093000e+01,2.168000e-01,1.981000e-01,2.163000e-01
1.200000e+02,6.382000e+01,8.211000e+01,1.119000e+02,2.635000e+01,3.300000e+01,2.597000e+01,2.321000e+01,2.210000e+01,1.908000e+01,1.640000e-01,1.499000e-01,1.637000e-01
1.210000e+02,6.369000e+01,8.194000e+01,1.117000e+02,2.778000e+01,3.479000e+01,2.737000e+01,2.447000e+01,2.330000e+01,2.011000e+01,1.934000e-01,1.767000e-01,1.930000e-01
1.220000e+02,6.407000e+01,8.243000e+01,1.123000e+02,3.315000e+01,4.152000e+01,3.267000e+01,2.920000e+01,2.780000e+01,2.400000e+01,1.957000e-01,1.789000e-01,1.953000e-01
1.230000e+02,6.406000e+01,8.242000e+01,1.123000e+02,3.251000e+01,4.072000e+01,3.204000e+01,2.864000e+01,2.726000e+01,2.354000e+01,1.830000e-01,1.672000e-01,1.826000e-01
1.240000e+02,6.352000e+01,8.172000e+01,1.114000e+02,2.761000e+01,3.458000e+01,2.721000e+01,2.432000e+01,2.315000e+01,1.999000e+01,1.552000e-01,1.418000e-01,1.549000e-01
1.250000e+02,6.364000e+01,8.188000e+01,1.116000e+02,2.903000e+01,3.636000e+01,2.861000e+01,2.557000e+01,2.434000e+01,2.102000e+01,1.668000e-01,1.524000e-01,1.664000e-01
1.260000e+02,6.300000e+01,8.106000e+01,1.104000e+02,3.355000e+01,4.202000e+01,3.306000e+01,2.955000e+01,2.814000e+01,2.429000e+01,1.551000e-01,1.417000e-01,1.548000e-01
1.270000e+02,6.403000e+01,8.238000e+01,1.123000e+02,3.219000e+01,4.031000e+01,3.172000e+01,2.836000e+01,2.699000e+01,2.331000e+01,1.557000e-01,1.423000e-01,1.554000e-01
1.280000e+02,6.306000e+01,8.113000e+01,1.106000e+02,3.001000e+01,3.758000e+01,2.957000e+01,2.644000e+01,2.517000e+01,2.173000e+01,1.839000e-01,1.681000e-01,1.835000e-01
1.290000e+02,6.416000e+01,8.255000e+01,1.125000e+02,3.031000e+01,3.796000e+01,2.987000e+01,2.670000e+01,2.542000e+01,2.194000e+01,1.614000e-01,1.475000e-01,1.611000e-01
1.300000e+02,6.455000e+01,8.305000e+01,1.132000e+02,2.988000e+01,3.742000e+01,2.944000e+01,2.632000e+01,2.506000e+01,2.163000e+01,1.534000e-01,1.402000e-01,1.531000e-01
1.310000e+02,6.370000e+01,8.196000e+01,1.117000e+02,3.130000e+01,3.920000e+01,3.084000e+01,2.757000e+01,2.625000e+01,2.266000e+01,1.714000e-01,1.566000e-01,1.710000e-01
1.320000e+02,6.419000e+01,8.259000e+01,1.125000e+02,2.951000e+01,3.696000e+01,2.908000e+01,2.600000e+01,2.475000e+01,2.137000e+01,1.545000e-01,1.412000e-01,1.542000e-01
1.330000e+02,6.435000e+01,8.279000e+01,1.128000e+02,3.303000e+01,4.137000e+01,3.255000e+01,2.910000e+01,2.770000e+01,2.391000e+01,1.613000e-01,1.474000e-01,1.610000e-01
1.340000e+02,6.389000e+01,8.220000e+01,1.120000e+02,2.633000e+01,3.298000e+01,2.595000e+01,2.319000e+01,2.208000e+01,1.906000e+01,1.757000e-01,1.606000e-01,1.753000e-01
1.350000e+02,6.451000e+01,8.300000e+01,1.131000e+02,2.585000e+01,3.237000e+01,2.547000e+01,2.277000e+01,2.168000e+01,1.872000e+01,1.632000e-01,1.491000e-01,1.629000e-01
1.360000e+02,6.366000e+01,8.190000e+01,1.116000e+02,2.540000e+01,3.181000e+01,2.503000e+01,2.237000e+01,2.130000e+01,1.839000e+01,1.711000e-01,1.564000e-01,1.707000e-01
1.370000e+02,6.398000e+01,8.232000e+01,1.122000e+02,3.309000e+01,4.144000e+01,3.261000e+01,2.915000e+01,2.775000e+01,2.396000e+01,1.583000e-01,1.447000e-01,1.580000e-01
1.380000e+02,6.443000e+01,8.290000e+01,1.130000e+02,2.661000e+01,3.333000e+01,2.622000e+01,2.344000e+01,2.232000e+01,1.927000e+01,1.735000e-01,1.586000e-01,1.731000e-01
1.390000e+02,6.465000e+01,8.318000e+01,1.133000e+02,2.791000e+01,3.495000e+01,2.750000e+01,2.459000e+01,2.341000e+01,2.021000e+01,1.566000e-01,1.431000e-01,1.563000e-01
1.400000e+02,6.468000e+01,8.322000e+01,1.134000e+02,3.141000e+01,3.934000e+01,3.095000e+01,2.767000e+01,2.634000e+01,2.274000e+01,1.552000e-01,1.418000e-01,1.549000e-01
1.410000e+02,6.300000e+01,8.106000e+01,1.104000e+02,3.184000e+01,3.988000e+01,3.138000e+01,2.805000e+01,2.670000e+01,2.305000e+01,2.213000e-01,2.022000e-01,2.208000e-01
1.420000e+02,6.356000e+01,8.178000e+01,1.114000e+02,3.135000e+01,3.926000e+01,3.089000e+01,2.762000e+01,2.629000e+01,2.270000e+01,1.943000e-01,1.776000e-01,1.939000e-01
1.430000e+02,6.416000e+01,8.255000e+01,1.125000e+02,2.591000e+01,3.245000e+01,2.553000e+01,2.282000e+01,2.173000e+01,1.876000e+01,1.884000e-01,1.722000e-01,1.880000e-01
1.440000e+02,6.373000e+01,8.200000e+01,1.117000e+02,2.939000e+01,3.681000e+01,2.896000e+01,2.589000e+01,2.465000e+01,2.128000e+01,1.617000e-01,1.478000e-01,1.614000e-01
1.450000e+02,6.312000e+01,8.121000e+01,1.107000e+02,3.212000e+01,4.023000e+01,3.165000e+01,2.829000e+01,2.694000e+01,2.325000e+01,1.551000e-01,1.417000e-01,1.548000e-01
1.460000e+02,6.424000e+01,8.265000e+01,1.126000e+02,3.117000e+01,3.904000e+01,3.071000e+01,2.746000e+01,2.614000e+01,2.257000e+01,2.025000e-01,1.851000e-01,2.021000e-01
1.470000e+02,6.424000e+01,8.265000e+01,1.126000e+02,3.181000e+01,3.984000e+01,3.135000e+01,2.802000e+01,2.668000e+01,2.303000e+01,1.643000e-01,1.502000e-01,1.640000e-01
1.480000e+02,6.520000e+01,8.389000e+01,1.143000e+02,3.004000e+01,3.762000e+01,2.960000e+01,2.646000e+01,2.519000e+01,2.175000e+01,1.603000e-01,1.465000e-01,1.600000e-01
1.490000e+02,6.440000e+01,8.286000e+01,1.129000e+02,3.317000e+01,4.154000e+01,3.269000e+01,2.922000e+01,2.782000e+01,2.402000e+01,1.661000e-01,1.518000e-01,1.658000e-01
1.500000e+02,6.309000e+01,8.117000e+01,1.106000e+02,3.100000e+01,3.882000e+01,3.055000e+01,2.731000e+01,2.600000e+01,2.244000e+01,1.703000e-01,1.556000e-01,1.699000e-01
1.510000e+02,6.340000e+01,8.157000e+01,1.111000e+02,3.391000e+01,4.247000e+01,3.341000e+01,2.987000e+01,2.844000e+01,2.455000e+01,1.763000e-01,1.611000e-01,1.759000e-01
1.520000e+02,6.420000e+01,8.260000e+01,1.125000e+02,3.401000e+01,4.259000e+01,3.351000e+01,2.996000e+01,2.852000e+01,2.462000e+01,1.643000e-01,1.502000e-01,1.640000e-01
1.530000e+02,6.388000e+01,8.219000e+01,1.120000e+02,2.953000e+01,3.698000e+01,2.910000e+01,2.601000e+01,2.476000e+01,2.138000e+01,1.554000e-01,1.420000e-01,1.551000e-01
1.540000e+02,6.467000e+01,8.320000e+01,1.134000e+02,3.073000e+01,3.849000e+01,3.028000e+01,2.707000e+01,2.577000e+01,2.225000e+01,1.527000e-01,1.396000e-01,1.524000e-01
1.550000e+02,6.332000e+01,8.147000e+01,1.110000e+02,2.994000e+01,3.750000e+01,2.950000e+01,2.637000e+01,2.511000e+01,2.168000e+01,1.815000e-01,1.659000e-01,1.811000e-01
1.560000e+02,6.346000e+01,8.165000e+01,1.113000e+02,2.578000e+01,3.229000e+01,2.540000e+01,2.271000e+01,2.162000e+01,1.866000e+01,1.659000e-01,1.516000e-01,1.656000e-01
1.570000e+02,6.455000e+01,8.305000e+01,1.132000e+02,3.032000e+01,3.797000e+01,2.988000e+01,2.671000e+01,2.543000e+01,2.195000e+01,1.686000e-01,1.541000e-01,1.682000e-01
1.580000e+02,6.489000e+01,8.349000e+01,1.138000e+02,3.428000e+01,4.293000e+01,3.378000e+01,3.020000e+01,2.875000e+01,2.482000e+01,2.134000e-01,1.950000e-01,2.130000e-01
1.590000e+02,6.365000e+01,8.189000e+01,1.116000e+02,2.680000e+01,3.356000e+01,2.641000e+01,2.361000e+01,2.247000e+01,1.940000e+01,1.735000e-01,1.586000e-01,1.731000e-01
1.600000e+02,6.355000e+01,8.176000e+01,1.114000e+02,3.182000e+01,3.985000e+01,3.136000e+01,2.803000e+01,2.668000e+01,2.304000e+01,1.631000e-01,1.491000e-01,1.628000e-01
1.610000e+02,6.357000e+01,8.179000e+01,1.114000e+02,2.900000e+01,3.632000e+01,2.858000e+01,2.555000e+01,2.432000e+01,2.100000e+01,1.533000e-01,1.401000e-01,1.530000e-01
1.620000e+02,6.401000e+01,8.236000e+01,1.122000e+02,2.690000e+01,3.369000e+01,2.651000e+01,2.370000e+01,2.256000e+01,1.948000e+01,2.530000e-01,2.312000e-01,2.525000e-01
1.630000e+02,6.391000e+01,8.223000e+01,1.120000e+02,3.042000e+01,3.810000e+01,2.998000e+01,2.680000e+01,2.551000e+01,2.202000e+01,1.610000e-01,1.471000e-01,1.607000e-01
1.640000e+02,6.388000e+01,8.219000e+01,1.120000e+02,3.001000e+01,3.758000e+01,2.957000e+01,2.644000e+01,2.517000e+01,2.173000e+01,1.592000e-01,1.455000e-01,1.589000e-01
1.650000e+02,6.345000e+01,8.163000e+01,1.112000e+02,2.680000e+01,3.356000e+01,2.641000e+01,2.361000e+01,2.247000e+01,1.940000e+01,1.572000e-01,1.437000e-01,1.569000e-01
1.660000e+02,6.475000e+01,8.331000e+01,1.135000e+02,3.401000e+01,4.259000e+01,3.351000e+01,2.996000e+01,2.852000e+01,2.462000e+01,1.816000e-01,1.660000e-01,1.812000e-01
1.670000e+02,6.387000e+01,8.218000e+01,1.120000e+02,2.845000e+01,3.563000e+01,2.803000e+01,2.506000e+01,2.386000e+01,2.060000e+01,1.962000e-01,1.793000e-01,1.958000e-01
1.680000e+02,6.419000e+01,8.259000e+01,1.125000e+02,3.105000e+01,3.889000e+01,3.060000e+01,2.735000e+01,2.604000e+01,2.248000e+01,1.617000e-01,1.478000e-01,1.614000e-01
1.690000e+02,6.381000e+01,8.210000e+01,1.119000e+02,3.264000e+01,4.088000e+01,3.216000e+01,2.875000e+01,2.737000e+01,2.363000e+01,1.576000e-01,1.440000e-01,1.573000e-01
1.700000e+02,6.416000e+01,8.255000e+01,1.125000e+02,3.311000e+01,4.147000e+01,3.263000e+01,2.917000e+01,2.777000e+01,2.397000e+01,2.006000e-01,1.833000e-01,2.002000e-01
1.710000e+02,6.411000e+01,8.248000e+01,1.124000e+02,3.482000e+01,4.361000e+01,3.431000e+01,3.067000e+01,2.920000e+01,2.521000e+01,1.548000e-01,1.415000e-01,1.545000e-01
1.720000e+02,6.440000e+01,8.286000e+01,1.129000e+02,2.745000e+01,3.438000e+01,2.705000e+01,2.418000e+01,2.302000e+01,1.987000e+01,1.847000e-01,1.688000e-01,1.843000e-01
1.730000e+02,6.326000e+01,8.139000e+01,1.109000e+02,3.410000e+01,4.271000e+01,3.360000e+01,3.004000e+01,2.860000e+01,2.469000e+01,1.544000e-01,1.411000e-01,1.541000e-01
1.740000e+02,6.519000e+01,8.387000e+01,1.143000e+02,2.853000e+01,3.573000e+01,2.811000e+01,2.513000e+01,2.393000e+01,2.066000e+01,1.693000e-01,1.547000e-01,1.689000e-01
1.750000e+02,6.381000e+01,8.210000e+01,1.119000e+02,2.902000e+01,3.634000e+01,2.860000e+01,2.556000e+01,2.434000e+01,2.101000e+01,1.537000e-01,1.405000e-01,1.534000e-01
1.760000e+02,6.376000e+01,8.203000e+01,1.118000e+02,2.851000e+01,3.571000e+01,2.809000e+01,2.511000e+01,2.391000e+01,2.064000e+01,1.945000e-01,1.778000e-01,1.941000e-01
1.770000e+02,6.279000e+01,8.079000e+01,1.101000e+02,2.866000e+01,3.589000e+01,2.824000e+01,2.525000e+01,2.403000e+01,2.075000e+01,1.754000e-01,1.603000e-01,1.750000e-01
1.780000e+02,6.309000e+01,8.117000e+01,1.106000e+02,3.024000e+01,3.787000e+01,2.980000e+01,2.664000e+01,2.536000e+01,2.189000e+01,1.805000e-01,1.650000e-01,1.801000e-01
1.790000e+02,6.480000e+01,8.337000e+01,1.136000e+02,2.885000e+01,3.613000e+01,2.843000e+01,2.541000e+01,2.419000e+01,2.089000e+01,1.592000e-01,1.455000e-01,1.589000e-01
1.800000e+02,6.377000e+01,8.205000e+01,1.118000e+02,3.472000e+01,4.348000e+01,3.421000e+01,3.058000e+01,2.912000e+01,2.514000e+01,1.521000e-01,1.390000e-01,1.518000e-01
1.810000e+02,6.401000e+01,8.236000e+01,1.122000e+02,3.467000e+01,4.342000e+01,3.416000e+01,3.054000e+01,2.907000e+01,2.510000e+01,1.843000e-01,1.684000e-01,1.839000e-01
1.820000e+02,6.377000e+01,8.205000e+01,1.118000e+02,2.597000e+01,3.252000e+01,2.559000e+01,2.288000e+01,2.178000e+01,1.880000e+01,1.657000e-01,1.514000e-01,1.654000e-01
1.830000e+02,6.392000e+01,8.224000e+01,1.121000e+02,2.751000e+01,3.445000e+01,2.711000e+01,2.423000e+01,2.307000e+01,1.992000e+01,1.547000e-01,1.414000e-01,1.544000e-01
1.840000e+02,6.385000e+01,8.215000e+01,1.119000e+02,2.570000e+01,3.219000e+01,2.532000e+01,2.264000e+01,2.155000e+01,1.861000e+01,2.203000e-01,2.013000e-01,2.198000e-01
1.850000e+02,6.405000e+01,8.241000e+01,1.123000e+02,3.298000e+01,4.130000e+01,3.250000e+01,2.905000e+01,2.766000e+01,2.388000e+01,1.591000e-01,1.454000e-01,1.588000e-01
1.860000e+02,6.411000e+01,8.248000e+01,1.124000e+02,3.428000e+01,4.293000e+01,3.378000e+01,3.020000e+01,2.875000e+01,2.482000e+01,1.618000e-01,1.479000e-01,1.615000e-01
1.870000e+02,6.451000e+01,8.300000e+01,1.131000e+02,2.644000e+01,3.311000e+01,2.605000e+01,2.329000e+01,2.217000e+01,1.914000e+01,1.813000e-01,1.657000e-01,1.809000e-01
1.880000e+02,6.457000e+01,8.308000e+01,1.132000e+02,3.415000e+01,4.277000e+01,3.365000e+01,3.008000e+01,2.864000e+01,2.472000e+01,1.591000e-01,1.454000e-01,1.588000e-01
1.890000e+02,6.398000e+01,8.232000e+01,1.122000e+02,2.659000e+01,3.330000e+01,2.620000e+01,2.342000e+01,2.230000e+01,1.925000e+01,1.834000e-01,1.676000e-01,1.830000e-01
1.900000e+02,6.435000e+01,8.279000e+01,1.128000e+02,2.688000e+01,3.366000e+01,2.649000e+01,2.368000e+01,2.254000e+01,1.946000e+01,1.721000e-01,1.573000e-01,1.717000e-01
1.910000e+02,6.365000e+01,8.189000e+01,1.116000e+02,2.664000e+01,3.336000e+01,2.625000e+01,2.347000e+01,2.234000e+01,1.929000e+01,1.564000e-01,1.429000e-01,1.561000e-01
1.920000e+02,6.634000e+01,8.535000e+01,1.163000e+02,3.176000e+01,3.978000e+01,3.130000e+01,2.798000e+01,2.663000e+01,2.299000e+01,1.905000e-01,1.741000e-01,1.901000e-01
1.930000e+02,6.448000e+01,8.296000e+01,1.130000e+02,2.549000e+01,3.192000e+01,2.512000e+01,2.245000e+01,2.138000e+01,1.845000e+01,1.741000e-01,1.591000e-01,1.737000e-01
1.940000e+02,6.382000e+01,8.211000e+01,1.119000e+02,3.069000e+01,3.844000e+01,3.024000e+01,2.703000e+01,2.574000e+01,2.222000e+01,1.636000e-01,1.495000e-01,1.633000e-01
1.950000e+02,6.497000e+01,8.359000e+01,1.139000e+02,2.813000e+01,3.523000e+01,2.772000e+01,2.478000e+01,2.359000e+01,2.037000e+01,1.634000e-01,1.493000e-01,1.631000e-01
1.960000e+02,6.458000e+01,8.309000e+01,1.132000e+02,2.718000e+01,3.404000e+01,2.678000e+01,2.394000e+01,2.279000e+01,1.968000e+01,1.892000e-01,1.729000e-01,1.888000e-01
1.970000e+02,6.414000e+01,8.252000e+01,1.124000e+02,3.107000e+01,3.891000e+01,3.062000e+01,2.737000e+01,2.606000e+01,2.249000e+01,1.899000e-01,1.735000e-01,1.895000e-01
1.980000e+02,6.413000e+01,8.251000e+01,1.124000e+02,3.084000e+01,3.862000e+01,3.039000e+01,2.717000e+01,2.586000e+01,2.233000e+01,1.793000e-01,1.639000e-01,1.789000e-01
1.990000e+02,6.403000e+01,8.238000e+01,1.123000e+02,3.273000e+01,4.099000e+01,3.225000e+01,2.883000e+01,2.745000e+01,2.370000e+01,1.695000e-01,1.549000e-01,1.691000e-01
2.000000e+02,6.328000e+01,8.142000e+01,1.109000e+02,3.445000e+01,4.315000e+01,3.395000e+01,3.035000e+01,2.889000e+01,2.494000e+01,1.643000e-01,1.502000e-01,1.640000e-01
2.010000e+02,6.374000e+01,8.201000e+01,1.117000e+02,3.439000e+01,4.307000e+01,3.389000e+01,3.029000e+01,2.884000e+01,2.490000e+01,1.788000e-01,1.634000e-01,1.784000e-01
2.020000e+02,6.309000e+01,8.117000e+01,1.106000e+02,3.380000e+01,4.233000e+01,3.331000e+01,2.977000e+01,2.834000e+01,2.447000e+01,1.684000e-01,1.539000e-01,1.680000e-01
2.030000e+02,6.478000e+01,8.335000e+01,1.136000e+02,2.873000e+01,3.598000e+01,2.831000e+01,2.531000e+01,2.409000e+01,2.080000e+01,1.786000e-01,1.632000e-01,1.782000e-01
2.040000e+02,6.370000e+01,8.196000e+01,1.117000e+02,2.743000e+01,3.435000e+01,2.703000e+01,2.416000e+01,2.300000e+01,1.986000e+01,1.701000e-01,1.555000e-01,1.697000e-01
2.050000e+02,6.437000e+01,8.282000e+01,1.128000e+02,3.336000e+01,4.178000e+01,3.287000e+01,2.939000e+01,2.798000e+01,2.415000e+01,1.544000e-01,1.411000e-01,1.541000e-01
2.060000e+02,6.397000e+01,8.230000e+01,1.121000e+02,3.394000e+01,4.251000e+01,3.344000e+01,2.990000e+01,2.846000e+01,2.457000e+01,1.950000e-01,1.782000e-01,1.946000e-01
2.070000e+02,6.385000e+01,8.215000e+01,1.119000e+02,3.478000e+01,4.356000e+01,3.427000e+01,3.064000e+01,2.917000e+01,2.518000e+01,1.607000e-01,1.469000e-01,1.604000e-01
2.080000e+02,6.395000e+01,8.228000e+01,1.121000e+02,3.340000e+01,4.183000e+01,3.291000e+01,2.942000e+01,2.801000e+01,2.418000e+01,2.373000e-01,2.169000e-01,2.368000e-01
2.090000e+02,6.484000e+01,8.342000e+01,1.137000e+02,3.134000e+01,3.925000e+01,3.088000e+01,2.761000e+01,2.628000e+01,2.269000e+01,1.734000e-01,1.585000e-01,1.730000e-01
2.100000e+02,6.369000e+01,8.194000e+01,1.117000e+02,3.339000e+01,4.182000e+01,3.290000e+01,2.941000e+01,2.800000e+01,2.417000e+01,1.587000e-01,1.450000e-01,1.584000e-01
2.110000e+02,6.427000e+01,8.269000e+01,1.127000e+02,3.151000e+01,3.946000e+01,3.105000e+01,2.776000e+01,2.642000e+01,2.281000e+01,1.947000e-01,1.779000e-01,1.943000e-01
2.120000e+02,6.478000e+01,8.335000e+01,1.136000e+02,3.352000e+01,4.198000e+01,3.303000e+01,2.953000e+01,2.811000e+01,2.427000e+01,1.580000e-01,1.444000e-01,1.577000e-01
2.130000e+02,6.379000e+01,8.207000e+01,1.118000e+02,3.360000e+01,4.208000e+01,3.311000e+01,2.960000e+01,2.818000e+01,2.433000e+01,1.852000e-01,1.693000e-01,1.848000e-01
2.140000e+02,6.430000e+01,8.273000e+01,1.127000e+02,3.241000e+01,4.059000e+01,3.194000e+01,2.855000e+01,2.718000e+01,2.346000e+01,1.608000e-01,1.470000e-01,1.605000e-01
2.150000e+02,6.443000e+01,8.290000e+01,1.130000e+02,2.923000e+01,3.661000e+01,2.880000e+01,2.575000e+01,2.451000e+01,2.116000e+01,1.679000e-01,1.534000e-01,1.675000e-01
2.160000e+02,6.382000e+01,8.211000e+01,1.119000e+02,2.627000e+01,3.290000e+01,2.589000e+01,2.314000e+01,2.203000e+01,1.902000e+01,1.585000e-01,1.449000e-01,1.582000e-01
2.170000e+02,6.394000e+01,8.227000e+01,1.121000e+02,2.761000e+01,3.458000e+01,2.721000e+01,2.432000e+01,2.315000e+01,1.999000e+01,1.616000e-01,1.477000e-01,1.613000e-01
2.180000e+02,6.378000e+01,8.206000e+01,1.118000e+02,3.254000e+01,4.075000e+01,3.206000e+01,2.866000e+01,2.729000e+01,2.356000e+01,1.632000e-01,1.491000e-01,1.629000e-01
2.190000e+02,6.443000e+01,8.290000e+01,1.130000e+02,2.637000e+01,3.303000e+01,2.598000e+01,2.323000e+01,2.211000e+01,1.909000e+01,1.733000e-01,1.584000e-01,1.729000e-01
2.200000e+02,6.331000e+01,8.145000e+01,1.110000e+02,3.125000e+01,3.914000e+01,3.079000e+01,2.753000e+01,2.621000e+01,2.262000e+01,1.803000e-01,1.648000e-01,1.799000e-01
2.210000e+02,6.414000e+01,8.252000e+01,1.124000e+02,2.574000e+01,3.224000e+01,2.536000e+01,2.267000e+01,2.159000e+01,1.864000e+01,1.657000e-01,1.514000e-01,1.654000e-01
2.220000e+02,6.351000e+01,8.171000e+01,1.113000e+02,2.776000e+01,3.477000e+01,2.735000e+01,2.445000e+01,2.328000e+01,2.010000e+01,2.067000e-01,1.889000e-01,2.063000e-01
2.230000e+02,6.384000e+01,8.214000e+01,1.119000e+02,3.453000e+01,4.325000e+01,3.403000e+01,3.042000e+01,2.896000e+01,2.500000e+01,1.887000e-01,1.725000e-01,1.883000e-01
2.240000e+02,6.434000e+01,8.278000e+01,1.128000e+02,3.269000e+01,4.094000e+01,3.221000e+01,2.880000e+01,2.741000e+01,2.367000e+01,1.794000e-01,1.640000e-01,1.790000e-01
2.250000e+02,6.377000e+01,8.205000e+01,1.118000e+02,3.380000e+01,4.233000e+01,3.331000e+01,2.977000e+01,2.834000e+01,2.447000e+01,1.658000e-01,1.515000e-01,1.655000e-01
2.260000e+02,6.376000e+01,8.203000e+01,1.118000e+02,3.379000e+01,4.232000e+01,3.330000e+01,2.977000e+01,2.834000e+01,2.446000e+01,1.835000e-01,1.677000e-01,1.831000e-01
2.270000e+02,6.468000e+01,8.322000e+01,1.134000e+02,3.221000e+01,4.034000e+01,3.174000e+01,2.837000e+01,2.701000e+01,2.332000e+01,1.551000e-01,1.417000e-01,1.548000e-01
2.280000e+02,6.436000e+01,8.281000e+01,1.128000e+02,2.877000e+01,3.603000e+01,2.835000e+01,2.534000e+01,2.413000e+01,2.083000e+01,1.808000e-01,1.652000e-01,1.804000e-01
2.290000e+02,6.392000e+01,8.224000e+01,1.121000e+02,3.261000e+01,4.084000e+01,3.213000e+01,2.873000e+01,2.735000e+01,2.361000e+01,1.575000e-01,1.439000e-01,1.572000e-01
2.300000e+02,6.417000e+01,8.256000e+01,1.125000e+02,2.778000e+01,3.479000e+01,2.737000e+01,2.447000e+01,2.330000e+01,2.011000e+01,1.902000e-01,1.738000e-01,1.898000e-01
2.310000e+02,6.373000e+01,8.200000e+01,1.117000e+02,3.339000e+01,4.182000e+01,3.290000e+01,2.941000e+01,2.800000e+01,2.417000e+01,1.962000e-01,1.793000e-01,1.958000e-01
2.320000e+02,6.357000e+01,8.179000e+01,1.114000e+02,2.682000e+01,3.359000e+01,2.643000e+01,2.363000e+01,2.249000e+01,1.942000e+01,1.724000e-01,1.576000e-01,1.720000e-01
2.330000e+02,6.487000e+01,8.346000e+01,1.137000e+02,2.724000e+01,3.412000e+01,2.684000e+01,2.400000e+01,2.284000e+01,1.972000e+01,1.758000e-01,1.607000e-01,1.754000e-01
2.340000e+02,6.325000e+01,8.138000e+01,1.109000e+02,3.238000e+01,4.055000e+01,3.191000e+01,2.852000e+01,2.715000e+01,2.344000e+01,1.620000e-01,1.481000e-01,1.617000e-01
2.350000e+02,6.434000e+01,8.278000e+01,1.128000e+02,3.431000e+01,4.297000e+01,3.381000e+01,3.022000e+01,2.877000e+01,2.484000e+01,1.826000e-01,1.669000e-01,1.822000e-01
2.360000e+02,6.415000e+01,8.254000e+01,1.125000e+02,3.195000e+01,4.001000e+01,3.148000e+01,2.814000e+01,2.679000e+01,2.313000e+01,1.606000e-01,1.468000e-01,1.603000e-01
2.370000e+02,6.440000e+01,8.286000e+01,1.129000e+02,3.377000e+01,4.229000e+01,3.328000e+01,2.975000e+01,2.832000e+01,2.445000e+01,1.541000e-01,1.408000e-01,1.538000e-01
2.380000e+02,6.341000e+01,8.158000e+01,1.112000e+02,2.856000e+01,3.577000e+01,2.814000e+01,2.516000e+01,2.395000e+01,2.068000e+01,1.890000e-01,1.727000e-01,1.886000e-01
2.390000e+02,6.319000e+01,8.130000e+01,1.108000e+02,3.265000e+01,4.089000e+01,3.217000e+01,2.876000e+01,2.738000e+01,2.364000e+01,1.685000e-01,1.540000e-01,1.681000e-01
2.400000e+02,6.396000e+01,8.229000e+01,1.121000e+02,3.356000e+01,4.203000e+01,3.307000e+01,2.956000e+01,2.814000e+01,2.430000e+01,1.607000e-01,1.469000e-01,1.604000e-01
2.410000e+02,6.405000e+01,8.241000e+01,1.123000e+02,3.320000e+01,4.158000e+01,3.272000e+01,2.925000e+01,2.784000e+01,2.404000e+01,1.571000e-01,1.436000e-01,1.568000e-01
2.420000e+02,6.428000e+01,8.270000e+01,1.127000e+02,2.616000e+01,3.276000e+01,2.578000e+01,2.304000e+01,2.194000e+01,1.894000e+01,1.977000e-01,1.807000e-01,1.973000e-01
2.430000e+02,6.403000e+01,8.238000e+01,1.123000e+02,3.065000e+01,3.839000e+01,3.020000e+01,2.700000e+01,2.570000e+01,2.219000e+01,1.602000e-01,1.464000e-01,1.599000e-01
2.440000e+02,6.373000e+01,8.200000e+01,1.117000e+02,3.433000e+01,4.299000e+01,3.383000e+01,3.024000e+01,2.879000e+01,2.485000e+01,1.568000e-01,1.433000e-01,1.565000e-01
2.450000e+02,6.377000e+01,8.205000e+01,1.118000e+02,2.761000e+01,3.458000e+01,2.721000e+01,2.432000e+01,2.315000e+01,1.999000e+01,1.699000e-01,1.553000e-01,1.695000e-01
2.460000e+02,6.463000e+01,8.315000e+01,1.133000e+02,3.337000e+01,4.179000e+01,3.288000e+01,2.940000e+01,2.798000e+01,2.416000e+01,1.642000e-01,1.501000e-01,1.639000e-01
2.470000e+02,6.311000e+01,8.120000e+01,1.106000e+02,3.255000e+01,4.077000e+01,3.207000e+01,2.867000e+01,2.730000e+01,2.357000e+01,1.659000e-01,1.516000e-01,1.656000e-01
2.480000e+02,6.387000e+01,8.218000e+01,1.120000e+02,2.779000e+01,3.480000e+01,2.738000e+01,2.448000e+01,2.330000e+01,2.012000e+01,1.793000e-01,1.639000e-01,1.789000e-01
2.490000e+02,6.404000e+01,8.239000e+01,1.123000e+02,3.160000e+01,3.958000e+01,3.114000e+01,2.784000e+01,2.650000e+01,2.288000e+01,1.768000e-01,1.616000e-01,1.764000e-01
2.500000e+02,6.416000e+01,8.255000e+01,1.125000e+02,2.858000e+01,3.579000e+01,2.816000e+01,2.518000e+01,2.397000e+01,2.069000e+01,1.831000e-01,1.673000e-01,1.827000e-01
2.510000e+02,6.344000e+01,8.162000e+01,1.112000e+02,3.353000e+01,4.199000e+01,3.304000e+01,2.954000e+01,2.812000e+01,2.428000e+01,1.542000e-01,1.409000e-01,1.539000e-01
2.520000e+02,6.402000e+01,8.237000e+01,1.122000e+02,3.354000e+01,4.201000e+01,3.305000e+01,2.955000e+01,2.813000e+01,2.428000e+01,1.614000e-01,1.475000e-01,1.611000e-01
2.530000e+02,6.377000e+01,8.205000e+01,1.118000e+02,2.827000e+01,3.541000e+01,2.786000e+01,2.490000e+01,2.371000e+01,2.047000e+01,1.587000e-01,1.450000e-01,1.584000e-01
2.540000e+02,6.338000e+01,8.154000e+01,1.111000e+02,3.278000e+01,4.105000e+01,3.230000e+01,2.888000e+01,2.749000e+01,2.373000e+01,1.694000e-01,1.548000e-01,1.690000e-01
2.550000e+02,6.300000e+01,8.106000e+01,1.104000e+02,2.742000e+01,3.434000e+01,2.702000e+01,2.415000e+01,2.299000e+01,1.985000e+01,1.520000e-01,1.389000e-01,1.517000e-01
2.560000e+02,6.509000e+01,8.374000e+01,1.141000e+02,3.014000e+01,3.775000e+01,2.970000e+01,2.655000e+01,2.528000e+01,2.182000e+01,1.815000e-01,1.659000e-01,1.811000e-01
