# step_count,bc_1,bc_2,bc_3,ac_1,ac_2,ac_3,ac_4,ac_5,ac_6,ic_1,ic_2,ic_3
1.000000e+00,6.561000e+01,8.441000e+01,1.150000e+02,3.298000e+01,4.130000e+01,3.250000e+01,2.905000e+01,2.766000e+01,2.388000e+01,7.941000e-01,7.257000e-01,7.924000e-01
2.000000e+00,7.247000e+01,9.324000e+01,1.270000e+02,3.233000e+01,4.049000e+01,3.186000e+01,2.848000e+01,2.711000e+01,2.341000e+01,2.908000e-01,2.658000e-01,2.902000e-01
3.000000e+00,6.449000e+01,8.297000e+01,1.131000e+02,3.259000e+01,4.082000e+01,3.211000e+01,2.871000e+01,2.733000e+01,2.360000e+01,4.194000e-01,3.833000e-01,4.185000e-01
4.000000e+00,7.775000e+01,1.000000e+02,1.363000e+02,2.747000e+01,3.440000e+01,2.707000e+01,2.420000e+01,2.304000e+01,1.989000e+01,3.031000e-01,2.770000e-01,3.025000e-01
5.000000e+00,7.276000e+01,9.361000e+01,1.276000e+02,3.368000e+01,4.218000e+01,3.319000e+01,2.967000e+01,2.824000e+01,2.438000e+01,2.269000e-01,2.074000e-01,2.264000e-01
6.000000e+00,6.474000e+01,8.329000e+01,1.135000e+02,3.281000e+01,4.109000e+01,3.233000e+01,2.890000e+01,2.751000e+01,2.375000e+01,2.035000e-01,1.860000e-01,2.031000e-01
7.000000e+00,7.654000e+01,9.848000e+01,1.342000e+02,2.978000e+01,3.730000e+01,2.935000e+01,2.623000e+01,2.497000e+01,2.156000e+01,4.372000e-01,3.996000e-01,4.363000e-01
8.000000e+00,7.151000e+01,9.200000e+01,1.254000e+02,2.709000e+01,3.393000e+01,2.669000e+01,2.386000e+01,2.272000e+01,1.961000e+01,7.177000e-01,6.559000e-01,7.162000e-01
9.000000e+00,6.680000e+01,8.594000e+01,1.171000e+02,2.967000e+01,3.716000e+01,2.924000e+01,2.614000e+01,2.488000e+01,2.148000e+01,8.181000e-01,7.477000e-01,8.164000e-01
1.000000e+01,6.613000e+01,8.508000e+01,1.159000e+02,3.044000e+01,3.812000e+01,3.000000e+01,2.681000e+01,2.553000e+01,2.204000e+01,5.681000e-01,5.192000e-01,5.669000e-01
1.100000e+01,7.725000e+01,9.939000e+01,1.354000e+02,3.187000e+01,3.991000e+01,3.140000e+01,2.807000e+01,2.673000e+01,2.307000e+01,5.889000e-01,5.382000e-01,5.877000e-01
1.200000e+01,7.872000e+01,1.013000e+02,1.380000e+02,2.736000e+01,3.427000e+01,2.696000e+01,2.410000e+01,2.294000e+01,1.981000e+01,2.802000e-01,2.561000e-01,2.796000e-01
1.300000e+01,6.196000e+01,7.972000e+01,1.086000e+02,3.095000e+01,3.876000e+01,3.050000e+01,2.726000e+01,2.595000e+01,2.241000e+01,6.746000e-01,6.165000e-01,6.732000e-01
1.400000e+01,6.996000e+01,9.001000e+01,1.226000e+02,3.049000e+01,3.819000e+01,3.004000e+01,2.686000e+01,2.557000e+01,2.207000e+01,6.786000e-01,6.202000e-01,6.772000e-01
1.500000e+01,6.679000e+01,8.593000e+01,1.171000e+02,3.120000e+01,3.907000e+01,3.074000e+01,2.748000e+01,2.616000e+01,2.259000e+01,2.836000e-01,2.592000e-01,2.830000e-01
1.600000e+01,7.152000e+01,9.202000e+01,1.254000e+02,3.426000e+01,4.291000e+01,3.376000e+01,3.018000e+01,2.873000e+01,2.480000e+01,8.138000e-01,7.437000e-01,8.121000e-01
1.700000e+01,7.090000e+01,9.122000e+01,1.243000e+02,2.818000e+01,3.529000e+01,2.777000e+01,2.482000e+01,2.363000e+01,2.040000e+01,3.351000e-01,3.062000e-01,3.344000e-01
1.800000e+01,7.164000e+01,9.217000e+01,1.256000e+02,3.318000e+01,4.155000e+01,3.270000e+01,2.923000e+01,2.782000e+01,2.402000e+01,4.795000e-01,4.382000e-01,4.785000e-01
1.900000e+01,7.488000e+01,9.634000e+01,1.313000e+02,2.643000e+01,3.310000e+01,2.604000e+01,2.328000e+01,2.216000e+01,1.914000e+01,8.281000e-01,7.568000e-01,8.264000e-01
2.000000e+01,6.126000e+01,7.882000e+01,1.074000e+02,2.576000e+01,3.226000e+01,2.538000e+01,2.269000e+01,2.160000e+01,1.865000e+01,6.873000e-01,6.281000e-01,6.859000e-01
2.100000e+01,7.690000e+01,9.894000e+01,1.348000e+02,3.106000e+01,3.890000e+01,3.061000e+01,2.736000e+01,2.605000e+01,2.249000e+01,5.274000e-01,4.820000e-01,5.263000e-01
2.200000e+01,7.387000e+01,9.504000e+01,1.295000e+02,3.464000e+01,4.338000e+01,3.413000e+01,3.051000e+01,2.905000e+01,2.508000e+01,7.040000e-01,6.434000e-01,7.025000e-01
2.300000e+01,6.030000e+01,7.758000e+01,1.057000e+02,3.419000e+01,4.282000e+01,3.369000e+01,3.012000e+01,2.867000e+01,2.475000e+01,3.935000e-01,3.596000e-01,3.927000e-01
2.400000e+01,7.440000e+01,9.572000e+01,1.304000e+02,3.096000e+01,3.877000e+01,3.051000e+01,2.727000e+01,2.596000e+01,2.242000e+01,4.362000e-01,3.986000e-01,4.353000e-01
2.500000e+01,6.396000e+01,8.229000e+01,1.121000e+02,3.014000e+01,3.775000e+01,2.970000e+01,2.655000e+01,2.528000e+01,2.182000e+01,2.820000e-01,2.577000e-01,2.814000e-01
2.600000e+01,6.387000e+01,8.218000e+01,1.120000e+02,3.394000e+01,4.251000e+01,3.344000e+01,2.990000e+01,2.846000e+01,2.457000e+01,3.541000e-01,3.236000e-01,3.534000e-01
2.700000e+01,6.702000e+01,8.623000e+01,1.175000e+02,3.490000e+01,4.371000e+01,3.439000e+01,3.074000e+01,2.927000e+01,2.527000e+01,6.306000e-01,5.763000e-01,6.293000e-01
2.800000e+01,7.227000e+01,9.298000e+01,1.267000e+02,3.456000e+01,4.328000e+01,3.406000e+01,3.044000e+01,2.898000e+01,2.502000e+01,2.309000e-01,2.110000e-01,2.304000e-01
2.900000e+01,7.843000e+01,1.009000e+02,1.375000e+02,2.996000e+01,3.752000e+01,2.952000e+01,2.639000e+01,2.512000e+01,2.169000e+01,3.426000e-01,3.131000e-01,3.419000e-01
3.000000e+01,6.750000e+01,8.685000e+01,1.183000e+02,2.938000e+01,3.680000e+01,2.895000e+01,2.588000e+01,2.464000e+01,2.127000e+01,5.980000e-01,5.465000e-01,5.967000e-01
3.100000e+01,6.908000e+01,8.888000e+01,1.211000e+02,3.038000e+01,3.805000e+01,2.994000e+01,2.676000e+01,2.548000e+01,2.200000e+01,6.675000e-01,6.100000e-01,6.661000e-01
3.200000e+01,6.978000e+01,8.978000e+01,1.223000e+02,2.645000e+01,3.313000e+01,2.606000e+01,2.330000e+01,2.218000e+01,1.915000e+01,6.178000e-01,5.646000e-01,6.165000e-01
3.300000e+01,6.454000e+01,8.304000e+01,1.131000e+02,2.675000e+01,3.350000e+01,2.636000e+01,2.356000e+01,2.243000e+01,1.937000e+01,5.697000e-01,5.206000e-01,5.685000e-01
3.400000e+01,7.599000e+01,9.777000e+01,1.332000e+02,3.454000e+01,4.326000e+01,3.404000e+01,3.043000e+01,2.897000e+01,2.501000e+01,7.019000e-01,6.415000e-01,7.004000e-01
3.500000e+01,7.631000e+01,9.818000e+01,1.338000e+02,2.853000e+01,3.573000e+01,2.811000e+01,2.513000e+01,2.393000e+01,2.066000e+01,2.071000e-01,1.893000e-01,2.067000e-01
3.600000e+01,7.977000e+01,1.026000e+02,1.398000e+02,2.782000e+01,3.484000e+01,2.741000e+01,2.451000e+01,2.333000e+01,2.014000e+01,5.867000e-01,5.362000e-01,5.855000e-01
3.700000e+01,7.571000e+01,9.741000e+01,1.327000e+02,2.903000e+01,3.636000e+01,2.861000e+01,2.557000e+01,2.434000e+01,2.102000e+01,4.519000e-01,4.130000e-01,4.510000e-01
3.800000e+01,6.656000e+01,8.564000e+01,1.167000e+02,3.468000e+01,4.343000e+01,3.417000e+01,3.055000e+01,2.908000e+01,2.511000e+01,4.757000e-01,4.347000e-01,4.747000e-01
3.900000e+01,7.366000e+01,9.477000e+01,1.291000e+02,3.338000e+01,4.181000e+01,3.289000e+01,2.940000e+01,2.799000e+01,2.417000e+01,1.958000e-01,1.789000e-01,1.954000e-01
4.000000e+01,6.567000e+01,8.449000e+01,1.151000e+02,3.153000e+01,3.949000e+01,3.107000e+01,2.777000e+01,2.644000e+01,2.283000e+01,3.307000e-01,3.022000e-01,3.300000e-01
4.100000e+01,7.373000e+01,9.486000e+01,1.293000e+02,3.107000e+01,3.891000e+01,3.062000e+01,2.737000e+01,2.606000e+01,2.249000e+01,6.643000e-01,6.071000e-01,6.629000e-01
4.200000e+01,7.954000e+01,1.023000e+02,1.394000e+02,2.506000e+01,3.139000e+01,2.469000e+01,2.208000e+01,2.102000e+01,1.814000e+01,6.100000e-01,5.575000e-01,6.087000e-01
4.300000e+01,7.383000e+01,9.499000e+01,1.294000e+02,2.980000e+01,3.732000e+01,2.936000e+01,2.625000e+01,2.499000e+01,2.158000e+01,7.915000e-01,7.234000e-01,7.898000e-01
4.400000e+01,7.414000e+01,9.539000e+01,1.300000e+02,3.464000e+01,4.338000e+01,3.413000e+01,3.051000e+01,2.905000e+01,2.508000e+01,4.928000e-01,4.504000e-01,4.918000e-01
4.500000e+01,6.445000e+01,8.292000e+01,1.130000e+02,2.919000e+01,3.656000e+01,2.876000e+01,2.571000e+01,2.448000e+01,2.113000e+01,3.296000e-01,3.012000e-01,3.289000e-01
4.600000e+01,6.963000e+01,8.959000e+01,1.221000e+02,3.173000e+01,3.974000e+01,3.127000e+01,2.795000e+01,2.661000e+01,2.297000e+01,1.984000e-01,1.813000e-01,1.980000e-01
4.700000e+01,7.738000e+01,9.956000e+01,1.357000e+02,2.524000e+01,3.161000e+01,2.487000e+01,2.223000e+01,2.117000e+01,1.827000e+01,7.096000e-01,6.485000e-01,7.081000e-01
4.800000e+01,6.983000e+01,8.984000e+01,1.224000e+02,2.578000e+01,3.229000e+01,2.540000e+01,2.271000e+01,2.162000e+01,1.866000e+01,6.922000e-01,6.326000e-01,6.907000e-01
4.900000e+01,6.994000e+01,8.998000e+01,1.226000e+02,2.830000e+01,3.544000e+01,2.789000e+01,2.493000e+01,2.373000e+01,2.049000e+01,5.472000e-01,5.001000e-01,5.461000e-01
5.000000e+01,7.890000e+01,1.015000e+02,1.383000e+02,3.333000e+01,4.174000e+01,3.284000e+01,2.936000e+01,2.795000e+01,2.413000e+01,4.159000e-01,3.801000e-01,4.150000e-01
5.100000e+01,6.035000e+01,7.765000e+01,1.058000e+02,3.373000e+01,4.224000e+01,3.324000e+01,2.971000e+01,2.829000e+01,2.442000e+01,7.641000e-01,6.983000e-01,7.625000e-01
5.200000e+01,7.673000e+01,9.872000e+01,1.345000e+02,2.604000e+01,3.261000e+01,2.566000e+01,2.294000e+01,2.184000e+01,1.885000e+01,6.181000e-01,5.649000e-01,6.168000e-01
5.300000e+01,7.449000e+01,9.584000e+01,1.306000e+02,2.527000e+01,3.165000e+01,2.490000e+01,2.226000e+01,2.119000e+01,1.830000e+01,7.663000e-01,7.003000e-01,7.647000e-01
5.400000e+01,6.314000e+01,8.124000e+01,1.107000e+02,2.502000e+01,3.134000e+01,2.465000e+01,2.204000e+01,2.098000e+01,1.811000e+01,6.324000e-01,5.780000e-01,6.311000e-01
5.500000e+01,7.397000e+01,9.517000e+01,1.297000e+02,3.225000e+01,4.039000e+01,3.178000e+01,2.841000e+01,2.704000e+01,2.335000e+01,7.384000e-01,6.748000e-01,7.368000e-01
5.600000e+01,6.304000e+01,8.111000e+01,1.105000e+02,2.830000e+01,3.544000e+01,2.789000e+01,2.493000e+01,2.373000e+01,2.049000e+01,3.988000e-01,3.645000e-01,3.980000e-01
5.700000e+01,6.926000e+01,8.911000e+01,1.214000e+02,3.269000e+01,4.094000e+01,3.221000e+01,2.880000e+01,2.741000e+01,2.367000e+01,2.289000e-01,2.092000e-01,2.284000e-01
5.800000e+01,6.587000e+01,8.475000e+01,1.155000e+02,3.336000e+01,4.178000e+01,3.287000e+01,2.939000e+01,2.798000e+01,2.415000e+01,3.859000e-01,3.527000e-01,3.851000e-01
5.900000e+01,7.411000e+01,9.535000e+01,1.299000e+02,2.907000e+01,3.641000e+01,2.865000e+01,2.561000e+01,2.438000e+01,2.105000e+01,8.023000e-01,7.332000e-01,8.006000e-01
6.000000e+01,6.009000e+01,7.731000e+01,1.053000e+02,2.889000e+01,3.618000e+01,2.847000e+01,2.545000e+01,2.423000e+01,2.092000e+01,6.829000e-01,6.241000e-01,6.815000e-01
6.100000e+01,7.597000e+01,9.774000e+01,1.332000e+02,2.835000e+01,3.551000e+01,2.794000e+01,2.497000e+01,2.377000e+01,2.053000e+01,4.319000e-01,3.947000e-01,4.310000e-01
6.200000e+01,7.105000e+01,9.141000e+01,1.246000e+02,2.920000e+01,3.657000e+01,2.877000e+01,2.572000e+01,2.449000e+01,2.114000e+01,5.567000e-01,5.088000e-01,5.555000e-01
6.300000e+01,7.937000e+01,1.021000e+02,1.391000e+02,2.624000e+01,3.286000e+01,2.586000e+01,2.311000e+01,2.200000e+01,1.900000e+01,3.113000e-01,2.845000e-01,3.106000e-01
6.400000e+01,6.894000e+01,8.870000e+01,1.209000e+02,2.893000e+01,3.623000e+01,2.851000e+01,2.548000e+01,2.426000e+01,2.095000e+01,8.142000e-01,7.441000e-01,8.125000e-01
6.500000e+01,6.187000e+01,7.960000e+01,1.085000e+02,3.237000e+01,4.054000e+01,3.190000e+01,2.851000e+01,2.715000e+01,2.344000e+01,5.090000e-01,4.652000e-01,5.079000e-01
6.600000e+01,7.976000e+01,1.026000e+02,1.398000e+02,3.096000e+01,3.877000e+01,3.051000e+01,2.727000e+01,2.596000e+01,2.242000e+01,4.843000e-01,4.426000e-01,4.833000e-01
6.700000e+01,6.205000e+01,7.983000e+01,1.088000e+02,3.364000e+01,4.213000e+01,3.315000e+01,2.963000e+01,2.821000e+01,2.436000e+01,6.201000e-01,5.667000e-01,6.188000e-01
6.800000e+01,7.261000e+01,9.342000e+01,1.273000e+02,2.552000e+01,3.196000e+01,2.515000e+01,2.248000e+01,2.140000e+01,1.848000e+01,6.953000e-01,6.354000e-01,6.938000e-01
6.900000e+01,6.002000e+01,7.722000e+01,1.052000e+02,3.317000e+01,4.154000e+01,3.269000e+01,2.922000e+01,2.782000e+01,2.402000e+01,3.266000e-01,2.985000e-01,3.259000e-01
7.000000e+01,6.209000e+01,7.988000e+01,1.088000e+02,3.003000e+01,3.761000e+01,2.959000e+01,2.645000e+01,2.518000e+01,2.174000e+01,1.505000e-01,1.375000e-01,1.502000e-01
7.100000e+01,6.645000e+01,8.549000e+01,1.165000e+02,3.073000e+01,3.849000e+01,3.028000e+01,2.707000e+01,2.577000e+01,2.225000e+01,6.092000e-01,5.567000e-01,6.079000e-01
7.200000e+01,7.506000e+01,9.657000e+01,1.316000e+02,2.861000e+01,3.583000e+01,2.819000e+01,2.520000e+01,2.399000e+01,2.071000e+01,4.007000e-01,3.662000e-01,3.999000e-01
7.300000e+01,7.336000e+01,9.438000e+01,1.286000e+02,2.864000e+01,3.587000e+01,2.822000e+01,2.523000e+01,2.402000e+01,2.074000e+01,4.475000e-01,4.090000e-01,4.466000e-01
7.400000e+01,6.223000e+01,8.007000e+01,1.091000e+02,3.000000e+01,3.757000e+01,2.956000e+01,2.643000e+01,2.516000e+01,2.172000e+01,3.514000e-01,3.211000e-01,3.507000e-01
7.500000e+01,7.461000e+01,9.599000e+01,1.308000e+02,3.138000e+01,3.930000e+01,3.092000e+01,2.764000e+01,2.632000e+01,2.272000e+01,5.894000e-01,5.387000e-01,5.882000e-01
7.600000e+01,7.238000e+01,9.312000e+01,1.269000e+02,3.301000e+01,4.134000e+01,3.253000e+01,2.908000e+01,2.768000e+01,2.390000e+01,3.454000e-01,3.157000e-01,3.447000e-01
7.700000e+01,7.472000e+01,9.613000e+01,1.310000e+02,3.413000e+01,4.274000e+01,3.363000e+01,3.007000e+01,2.862000e+01,2.471000e+01,6.444000e-01,5.889000e-01,6.430000e-01
7.800000e+01,6.220000e+01,8.003000e+01,1.090000e+02,2.684000e+01,3.361000e+01,2.645000e+01,2.364000e+01,2.251000e+01,1.943000e+01,3.524000e-01,3.221000e-01,3.517000e-01
7.900000e+01,6.619000e+01,8.516000e+01,1.160000e+02,3.415000e+01,4.277000e+01,3.365000e+01,3.008000e+01,2.864000e+01,2.472000e+01,7.065000e-01,6.457000e-01,7.050000e-01
8.000000e+01,7.208000e+01,9.274000e+01,1.264000e+02,3.317000e+01,4.154000e+01,3.269000e+01,2.922000e+01,2.782000e+01,2.402000e+01,6.266000e-01,5.726000e-01,6.253000e-01
8.100000e+01,6.211000e+01,7.991000e+01,1.089000e+02,3.090000e+01,3.870000e+01,3.045000e+01,2.722000e+01,2.591000e+01,2.237000e+01,4.145000e-01,3.788000e-01,4.136000e-01
8.200000e+01,6.488000e+01,8.347000e+01,1.137000e+02,3.200000e+01,4.008000e+01,3.153000e+01,2.819000e+01,2.684000e+01,2.317000e+01,6.090000e-01,5.566000e-01,6.077000e-01
8.300000e+01,6.489000e+01,8.349000e+01,1.138000e+02,2.509000e+01,3.142000e+01,2.472000e+01,2.210000e+01,2.104000e+01,1.817000e+01,7.415000e-01,6.777000e-01,7.399000e-01
8.400000e+01,7.164000e+01,9.217000e+01,1.256000e+02,2.533000e+01,3.172000e+01,2.496000e+01,2.231000e+01,2.124000e+01,1.834000e+01,7.505000e-01,6.859000e-01,7.489000e-01
8.500000e+01,7.966000e+01,1.025000e+02,1.397000e+02,3.416000e+01,4.278000e+01,3.366000e+01,3.009000e+01,2.865000e+01,2.473000e+01,3.176000e-01,2.903000e-01,3.169000e-01
8.600000e+01,7.905000e+01,1.017000e+02,1.386000e+02,2.757000e+01,3.453000e+01,2.717000e+01,2.429000e+01,2.312000e+01,1.996000e+01,1.948000e-01,1.780000e-01,1.944000e-01
8.700000e+01,6.225000e+01,8.009000e+01,1.091000e+02,3.370000e+01,4.221000e+01,3.321000e+01,2.969000e+01,2.826000e+01,2.440000e+01,7.533000e-01,6.884000e-01,7.517000e-01
8.800000e+01,7.860000e+01,1.011000e+02,1.378000e+02,3.352000e+01,4.198000e+01,3.303000e+01,2.953000e+01,2.811000e+01,2.427000e+01,7.063000e-01,6.455000e-01,7.048000e-01
8.900000e+01,6.777000e+01,8.719000e+01,1.188000e+02,2.659000e+01,3.330000e+01,2.620000e+01,2.342000e+01,2.230000e+01,1.925000e+01,5.248000e-01,4.796000e-01,5.237000e-01
9.000000e+01,6.138000e+01,7.897000e+01,1.076000e+02,2.852000e+01,3.572000e+01,2.810000e+01,2.512000e+01,2.392000e+01,2.065000e+01,2.403000e-01,2.196000e-01,2.398000e-01
9.100000e+01,7.345000e+01,9.450000e+01,1.288000e+02,2.858000e+01,3.579000e+01,2.816000e+01,2.518000e+01,2.397000e+01,2.069000e+01,3.721000e-01,3.401000e-01,3.713000e-01
9.200000e+01,7.256000e+01,9.336000e+01,1.272000e+02,2.972000e+01,3.722000e+01,2.929000e+01,2.618000e+01,2.492000e+01,2.152000e+01,2.198000e-01,2.009000e-01,2.193000e-01
9.300000e+01,6.375000e+01,8.202000e+01,1.118000e+02,3.475000e+01,4.352000e+01,3.424000e+01,3.061000e+01,2.914000e+01,2.516000e+01,5.437000e-01,4.969000e-01,5.426000e-01
9.400000e+01,6.330000e+01,8.144000e+01,1.110000e+02,2.826000e+01,3.539000e+01,2.785000e+01,2.489000e+01,2.370000e+01,2.046000e+01,2.348000e-01,2.146000e-01,2.343000e-01
9.500000e+01,7.568000e+01,9.737000e+01,1.327000e+02,3.201000e+01,4.009000e+01,3.154000e+01,2.820000e+01,2.684000e+01,2.318000e+01,6.920000e-01,6.324000e-01,6.905000e-01
9.600000e+01,7.593000e+01,9.769000e+01,1.331000e+02,2.623000e+01,3.285000e+01,2.585000e+01,2.311000e+01,2.200000e+01,1.899000e+01,4.304000e-01,3.933000e-01,4.295000e-01
9.700000e+01,7.981000e+01,1.027000e+02,1.399000e+02,3.445000e+01,4.315000e+01,3.395000e+01,3.035000e+01,2.889000e+01,2.494000e+01,6.310000e-01,5.767000e-01,6.297000e-01
9.800000e+01,7.481000e+01,9.625000e+01,1.311000e+02,2.808000e+01,3.517000e+01,2.767000e+01,2.474000e+01,2.355000e+01,2.033000e+01,4.241000e-01,3.876000e-01,4.232000e-01
9.900000e+01,7.831000e+01,1.008000e+02,1.373000e+02,3.182000e+01,3.985000e+01,3.136000e+01,2.803000e+01,2.668000e+01,2.304000e+01,1.895000e-01,1.732000e-01,1.891000e-01
1.000000e+02,6.742000e+01,8.674000e+01,1.182000e+02,3.070000e+01,3.845000e+01,3.025000e+01,2.704000e+01,2.575000e+01,2.223000e+01,7.456000e-01,6.814000e-01,7.440000e-01
1.010000e+02,6.372000e+01,8.198000e+01,1.117000e+02,2.969000e+01,3.718000e+01,2.926000e+01,2.615000e+01,2.490000e+01,2.150000e+01,1.759000e-01,1.608000e-01,1.755000e-01
1.020000e+02,6.422000e+01,8.263000e+01,1.126000e+02,3.131000e+01,3.921000e+01,3.085000e+01,2.758000e+01,2.626000e+01,2.267000e+01,1.963000e-01,1.794000e-01,1.959000e-01
1.030000e+02,6.435000e+01,8.279000e+01,1.128000e+02,2.779000e+01,3.480000e+01,2.738000e+01,2.448000e+01,2.330000e+01,2.012000e+01,1.579000e-01,1.443000e-01,1.576000e-01
1.040000e+02,6.359000e+01,8.181000e+01,1.115000e+02,2.505000e+01,3.137000e+01,2.468000e+01,2.207000e+01,2.101000e+01,1.814000e+01,1.615000e-01,1.476000e-01,1.612000e-01
1.050000e+02,6.404000e+01,8.239000e+01,1.123000e+02,2.618000e+01,3.279000e+01,2.580000e+01,2.306000e+01,2.195000e+01,1.895000e+01,1.655000e-01,1.513000e-01,1.652000e-01
1.060000e+02,6.406000e+01,8.242000e+01,1.123000e+02,3.009000e+01,3.768000e+01,2.965000e+01,2.651000e+01,2.523000e+01,2.179000e+01,1.675000e-01,1.531000e-01,1.671000e-01
1.070000e+02,6.360000e+01,8.183000e+01,1.115000e+02,3.437000e+01,4.304000e+01,3.387000e+01,3.028000e+01,2.882000e+01,2.488000e+01,1.806000e-01,1.651000e-01,1.802000e-01
1.080000e+02,6.369000e+01,8.194000e+01,1.117000e+02,2.916000e+01,3.652000e+01,2.873000e+01,2.569000e+01,2.445000e+01,2.111000e+01,1.742000e-01,1.592000e-01,1.738000e-01
1.090000e+02,6.411000e+01,8.248000e+01,1.124000e+02,2.560000e+01,3.206000e+01,2.523000e+01,2.255000e+01,2.147000e+01,1.853000e+01,1.665000e-01,1.522000e-01,1.662000e-01
1.100000e+02,6.469000e+01,8.323000e+01,1.134000e+02,3.410000e+01,4.271000e+01,3.360000e+01,3.004000e+01,2.860000e+01,2.469000e+01,1.740000e-01,1.590000e-01,1.736000e-01
1.110000e+02,6.403000e+01,8.238000e+01,1.123000e+02,3.116000e+01,3.902000e+01,3.071000e+01,2.745000e+01,2.613000e+01,2.256000e+01,1.895000e-01,1.732000e-01,1.891000e-01
1.120000e+02,6.409000e+01,8.246000e+01,1.124000e+02,3.016000e+01,3.777000e+01,2.972000e+01,2.657000e+01,2.529000e+01,2.184000e+01,1.625000e-01,1.485000e-01,1.622000e-01
1.130000e+02,6.433000e+01,8.277000e+01,1.128000e+02,2.520000e+01,3.156000e+01,2.483000e+01,2.220000e+01,2.113000e+01,1.824000e+01,1.667000e-01,1.523000e-01,1.663000e-01
1.140000e+02,6.450000e+01,8.299000e+01,1.131000e+02,2.903000e+01,3.636000e+01,2.861000e+01,2.557000e+01,2.434000e+01,2.102000e+01,1.622000e-01,1.482000e-01,1.619000e-01
1.150000e+02,6.355000e+01,8.176000e+01,1.114000e+02,3.195000e+01,4.001000e+01,3.148000e+01,2.814000e+01,2.679000e+01,2.313000e+01,1.669000e-01,1.525000e-01,1.665000e-01
1.160000e+02,6.490000e+01,8.350000e+01,1.138000e+02,3.113000e+01,3.899000e+01,3.068000e+01,2.742000e+01,2.611000e+01,2.254000e+01,1.978000e-01,1.808000e-01,1.974000e-01
1.170000e+02,6.398000e+01,8.232000e+01,1.122000e+02,3.263000e+01,4.087000e+01,3.215000e+01,2.874000e+01,2.736000e+01,2.362000e+01,1.739000e-01,1.589000e-01,1.735000e-01
1.180000e+02,6.471000e+01,8.326000e+01,1.134000e+02,3.083000e+01,3.861000e+01,3.038000e+01,2.716000e+01,2.585000e+01,2.232000e+01,1.530000e-01,1.398000e-01,1.527000e-01
1.190000e+02,6.453000e+01,8.302000e+01,1.131000e+02,3.333000e+01,4.174000e+01,3.284000e+01,2.936000e+01,2.795000e+01,2.413000e+01,1.961000e-01,1.792000e-01,1.957000e-01
1.200000e+02,6.443000e+01,8.290000e+01,1.130000e+02,2.632000e+01,3.296000e+01,2.594000e+01,2.319000e+01,2.207000e+01,1.906000e+01,1.620000e-01,1.481000e-01,1.617000e-01
1.210000e+02,6.427000e+01,8.269000e+01,1.127000e+02,2.927000e+01,3.666000e+01,2.884000e+01,2.578000e+01,2.455000e+01,2.119000e+01,1.564000e-01,1.429000e-01,1.561000e-01
1.220000e+02,6.393000e+01,8.225000e+01,1.121000e+02,3.096000e+01,3.877000e+01,3.051000e+01,2.727000e+01,2.596000e+01,2.242000e+01,1.915000e-01,1.750000e-01,1.911000e-01
1.230000e+02,6.370000e+01,8.196000e+01,1.117000e+02,3.242000e+01,4.060000e+01,3.195000e+01,2.856000e+01,2.719000e+01,2.347000e+01,1.598000e-01,1.460000e-01,1.595000e-01
1.240000e+02,6.449000e+01,8.297000e+01,1.131000e+02,3.481000e+01,4.360000e+01,3.430000e+01,3.066000e+01,2.919000e+01,2.520000e+01,1.555000e-01,1.421000e-01,1.552000e-01
1.250000e+02,6.399000e+01,8.233000e+01,1.122000e+02,3.289000e+01,4.119000e+01,3.241000e+01,2.897000e+01,2.758000e+01,2.381000e+01,2.180000e-01,1.992000e-01,2.175000e-01
1.260000e+02,6.427000e+01,8.269000e+01,1.127000e+02,3.322000e+01,4.160000e+01,3.273000e+01,2.926000e+01,2.786000e+01,2.405000e+01,1.786000e-01,1.632000e-01,1.782000e-01
1.270000e+02,6.372000e+01,8.198000e+01,1.117000e+02,2.629000e+01,3.293000e+01,2.591000e+01,2.316000e+01,2.205000e+01,1.903000e+01,1.593000e-01,1.456000e-01,1.590000e-01
1.280000e+02,6.446000e+01,8.293000e+01,1.130000e+02,2.663000e+01,3.335000e+01,2.624000e+01,2.346000e+01,2.233000e+01,1.928000e+01,2.073000e-01,1.895000e-01,2.069000e-01
1.290000e+02,6.396000e+01,8.229000e+01,1.121000e+02,3.461000e+01,4.335000e+01,3.410000e+01,3.049000e+01,2.902000e+01,2.506000e+01,1.606000e-01,1.468000e-01,1.603000e-01
1.300000e+02,6.417000e+01,8.256000e+01,1.125000e+02,2.716000e+01,3.402000e+01,2.676000e+01,2.393000e+01,2.278000e+01,1.966000e+01,1.742000e-01,1.592000e-01,1.738000e-01
1.310000e+02,6.428000e+01,8.270000e+01,1.127000e+02,3.091000e+01,3.871000e+01,3.046000e+01,2.723000e+01,2.592000e+01,2.238000e+01,1.612000e-01,1.473000e-01,1.609000e-01
1.320000e+02,6.424000e+01,8.265000e+01,1.126000e+02,2.887000e+01,3.616000e+01,2.845000e+01,2.543000e+01,2.421000e+01,2.090000e+01,1.979000e-01,1.809000e-01,1.975000e-01
1.330000e+02,6.413000e+01,8.251000e+01,1.124000e+02,2.960000e+01,3.707000e+01,2.917000e+01,2.607000e+01,2.482000e+01,2.143000e+01,2.214000e-01,2.023000e-01,2.209000e-01
1.340000e+02,6.426000e+01,8.268000e+01,1.127000e+02,3.242000e+01,4.060000e+01,3.195000e+01,2.856000e+01,2.719000e+01,2.347000e+01,1.555000e-01,1.421000e-01,1.552000e-01
1.350000e+02,6.389000e+01,8.220000e+01,1.120000e+02,3.065000e+01,3.839000e+01,3.020000e+01,2.700000e+01,2.570000e+01,2.219000e+01,1.705000e-01,1.558000e-01,1.701000e-01
1.360000e+02,6.403000e+01,8.238000e+01,1.123000e+02,3.473000e+01,4.350000e+01,3.422000e+01,3.059000e+01,2.912000e+01,2.514000e+01,1.726000e-01,1.577000e-01,1.722000e-01
1.370000e+02,6.412000e+01,8.250000e+01,1.124000e+02,3.286000e+01,4.115000e+01,3.238000e+01,2.895000e+01,2.756000e+01,2.379000e+01,1.568000e-01,1.433000e-01,1.565000e-01
1.380000e+02,6.317000e+01,8.127000e+01,1.107000e+02,3.433000e+01,4.299000e+01,3.383000e+01,3.024000e+01,2.879000e+01,2.485000e+01,1.610000e-01,1.471000e-01,1.607000e-01
1.390000e+02,6.399000e+01,8.233000e+01,1.122000e+02,2.628000e+01,3.291000e+01,2.590000e+01,2.315000e+01,2.204000e+01,1.903000e+01,1.685000e-01,1.540000e-01,1.681000e-01
1.400000e+02,6.388000e+01,8.219000e+01,1.120000e+02,3.455000e+01,4.327000e+01,3.405000e+01,3.044000e+01,2.897000e+01,2.501000e+01,1.664000e-01,1.521000e-01,1.661000e-01
1.410000e+02,6.404000e+01,8.239000e+01,1.123000e+02,2.607000e+01,3.265000e+01,2.569000e+01,2.297000e+01,2.186000e+01,1.887000e+01,1.693000e-01,1.547000e-01,1.689000e-01
1.420000e+02,6.421000e+01,8.261000e+01,1.126000e+02,2.619000e+01,3.280000e+01,2.581000e+01,2.307000e+01,2.196000e+01,1.896000e+01,2.308000e-01,2.109000e-01,2.303000e-01
1.430000e+02,6.434000e+01,8.278000e+01,1.128000e+02,3.188000e+01,3.993000e+01,3.141000e+01,2.808000e+01,2.673000e+01,2.308000e+01,1.666000e-01,1.523000e-01,1.663000e-01
1.440000e+02,6.425000e+01,8.266000e+01,1.126000e+02,3.313000e+01,4.149000e+01,3.265000e+01,2.918000e+01,2.778000e+01,2.399000e+01,2.300000e-01,2.102000e-01,2.295000e-01
1.450000e+02,6.408000e+01,8.245000e+01,1.123000e+02,3.445000e+01,4.315000e+01,3.395000e+01,3.035000e+01,2.889000e+01,2.494000e+01,1.949000e-01,1.781000e-01,1.945000e-01
1.460000e+02,6.342000e+01,8.160000e+01,1.112000e+02,2.714000e+01,3.399000e+01,2.674000e+01,2.391000e+01,2.276000e+01,1.965000e+01,1.635000e-01,1.494000e-01,1.632000e-01
1.470000e+02,6.463000e+01,8.315000e+01,1.133000e+02,2.992000e+01,3.747000e+01,2.948000e+01,2.636000e+01,2.509000e+01,2.166000e+01,1.634000e-01,1.493000e-01,1.631000e-01
1.480000e+02,6.456000e+01,8.306000e+01,1.132000e+02,3.017000e+01,3.778000e+01,2.973000e+01,2.658000e+01,2.530000e+01,2.184000e+01,1.666000e-01,1.523000e-01,1.663000e-01
1.490000e+02,6.386000e+01,8.216000e+01,1.120000e+02,2.535000e+01,3.175000e+01,2.498000e+01,2.233000e+01,2.126000e+01,1.835000e+01,2.077000e-01,1.898000e-01,2.073000e-01
1.500000e+02,6.442000e+01,8.288000e+01,1.129000e+02,2.848000e+01,3.567000e+01,2.806000e+01,2.509000e+01,2.388000e+01,2.062000e+01,1.619000e-01,1.480000e-01,1.616000e-01
1.510000e+02,6.419000e+01,8.259000e+01,1.125000e+02,3.082000e+01,3.860000e+01,3.037000e+01,2.715000e+01,2.585000e+01,2.231000e+01,1.638000e-01,1.497000e-01,1.635000e-01
1.520000e+02,6.435000e+01,8.279000e+01,1.128000e+02,3.474000e+01,4.351000e+01,3.423000e+01,3.060000e+01,2.913000e+01,2.515000e+01,1.969000e-01,1.799000e-01,1.965000e-01
1.530000e+02,6.391000e+01,8.223000e+01,1.120000e+02,3.321000e+01,4.159000e+01,3.273000e+01,2.925000e+01,2.785000e+01,2.404000e+01,1.672000e-01,1.528000e-01,1.668000e-01
1.540000e+02,6.546000e+01,8.422000e+01,1.148000e+02,3.104000e+01,3.887000e+01,3.059000e+01,2.734000e+01,2.603000e+01,2.247000e+01,1.986000e-01,1.815000e-01,1.982000e-01
1.550000e+02,6.443000e+01,8.290000e+01,1.130000e+02,3.243000e+01,4.062000e+01,3.196000e+01,2.857000e+01,2.720000e+01,2.348000e+01,1.853000e-01,1.693000e-01,1.849000e-01
1.560000e+02,6.403000e+01,8.238000e+01,1.123000e+02,2.618000e+01,3.279000e+01,2.580000e+01,2.306000e+01,2.195000e+01,1.895000e+01,1.807000e-01,1.651000e-01,1.803000e-01
1.570000e+02,6.445000e+01,8.292000e+01,1.130000e+02,2.559000e+01,3.205000e+01,2.522000e+01,2.254000e+01,2.146000e+01,1.853000e+01,1.642000e-01,1.501000e-01,1.639000e-01
1.580000e+02,6.463000e+01,8.315000e+01,1.133000e+02,2.617000e+01,3.278000e+01,2.579000e+01,2.305000e+01,2.195000e+01,1.895000e+01,1.582000e-01,1.446000e-01,1.579000e-01
1.590000e+02,6.462000e+01,8.314000e+01,1.133000e+02,2.560000e+01,3.206000e+01,2.523000e+01,2.255000e+01,2.147000e+01,1.853000e+01,1.616000e-01,1.477000e-01,1.613000e-01
1.600000e+02,6.469000e+01,8.323000e+01,1.134000e+02,3.146000e+01,3.940000e+01,3.100000e+01,2.771000e+01,2.638000e+01,2.278000e+01,1.569000e-01,1.434000e-01,1.566000e-01
1.610000e+02,6.416000e+01,8.255000e+01,1.125000e+02,3.337000e+01,4.179000e+01,3.288000e+01,2.940000e+01,2.798000e+01,2.416000e+01,1.711000e-01,1.564000e-01,1.707000e-01
1.620000e+02,6.416000e+01,8.255000e+01,1.125000e+02,2.757000e+01,3.453000e+01,2.717000e+01,2.429000e+01,2.312000e+01,1.996000e+01,2.008000e-01,1.835000e-01,2.004000e-01
1.630000e+02,6.381000e+01,8.210000e+01,1.119000e+02,2.970000e+01,3.720000e+01,2.927000e+01,2.616000e+01,2.491000e+01,2.150000e+01,1.907000e-01,1.743000e-01,1.903000e-01
1.640000e+02,6.349000e+01,8.169000e+01,1.113000e+02,2.524000e+01,3.161000e+01,2.487000e+01,2.223000e+01,2.117000e+01,1.827000e+01,1.708000e-01,1.561000e-01,1.704000e-01
1.650000e+02,6.472000e+01,8.327000e+01,1.135000e+02,3.134000e+01,3.925000e+01,3.088000e+01,2.761000e+01,2.628000e+01,2.269000e+01,1.535000e-01,1.403000e-01,1.532000e-01
1.660000e+02,6.347000e+01,8.166000e+01,1.113000e+02,2.704000e+01,3.386000e+01,2.665000e+01,2.382000e+01,2.268000e+01,1.958000e+01,1.881000e-01,1.719000e-01,1.877000e-01
1.670000e+02,6.380000e+01,8.209000e+01,1.118000e+02,2.662000e+01,3.334000e+01,2.623000e+01,2.345000e+01,2.232000e+01,1.927000e+01,1.716000e-01,1.568000e-01,1.712000e-01
1.680000e+02,6.452000e+01,8.301000e+01,1.131000e+02,2.846000e+01,3.564000e+01,2.804000e+01,2.507000e+01,2.387000e+01,2.061000e+01,1.822000e-01,1.665000e-01,1.818000e-01
1.690000e+02,6.389000e+01,8.220000e+01,1.120000e+02,2.992000e+01,3.747000e+01,2.948000e+01,2.636000e+01,2.509000e+01,2.166000e+01,1.642000e-01,1.501000e-01,1.639000e-01
1.700000e+02,6.399000e+01,8.233000e+01,1.122000e+02,2.733000e+01,3.423000e+01,2.693000e+01,2.407000e+01,2.292000e+01,1.979000e+01,1.732000e-01,1.583000e-01,1.728000e-01
1.710000e+02,6.414000e+01,8.252000e+01,1.124000e+02,2.793000e+01,3.498000e+01,2.752000e+01,2.460000e+01,2.342000e+01,2.022000e+01,1.637000e-01,1.496000e-01,1.634000e-01
1.720000e+02,6.361000e+01,8.184000e+01,1.115000e+02,2.874000e+01,3.599000e+01,2.832000e+01,2.532000e+01,2.410000e+01,2.081000e+01,1.745000e-01,1.595000e-01,1.741000e-01
1.730000e+02,6.407000e+01,8.243000e+01,1.123000e+02,2.531000e+01,3.170000e+01,2.494000e+01,2.230000e+01,2.122000e+01,1.832000e+01,1.751000e-01,1.600000e-01,1.747000e-01
1.740000e+02,6.294000e+01,8.098000e+01,1.103000e+02,3.076000e+01,3.852000e+01,3.031000e+01,2.710000e+01,2.580000e+01,2.227000e+01,2.028000e-01,1.853000e-01,2.024000e-01
1.750000e+02,6.371000e+01,8.197000e+01,1.117000e+02,3.059000e+01,3.831000e+01,3.014000e+01,2.695000e+01,2.565000e+01,2.215000e+01,1.886000e-01,1.724000e-01,1.882000e-01
1.760000e+02,6.378000e+01,8.206000e+01,1.118000e+02,2.512000e+01,3.146000e+01,2.475000e+01,2.213000e+01,2.107000e+01,1.819000e+01,1.798000e-01,1.643000e-01,1.794000e-01
1.770000e+02,6.418000e+01,8.257000e+01,1.125000e+02,3.294000e+01,4.125000e+01,3.246000e+01,2.902000e+01,2.762000e+01,2.385000e+01,1.539000e-01,1.406000e-01,1.536000e-01
1.780000e+02,6.375000e+01,8.202000e+01,1.118000e+02,3.313000e+01,4.149000e+01,3.265000e+01,2.918000e+01,2.778000e+01,2.399000e+01,1.835000e-01,1.677000e-01,1.831000e-01
1.790000e+02,6.464000e+01,8.317000e+01,1.133000e+02,2.547000e+01,3.190000e+01,2.510000e+01,2.244000e+01,2.136000e+01,1.844000e+01,1.627000e-01,1.487000e-01,1.624000e-01
1.800000e+02,6.421000e+01,8.261000e+01,1.126000e+02,2.607000e+01,3.265000e+01,2.569000e+01,2.297000e+01,2.186000e+01,1.887000e+01,1.610000e-01,1.471000e-01,1.607000e-01
1.810000e+02,6.383000e+01,8.212000e+01,1.119000e+02,2.603000e+01,3.260000e+01,2.565000e+01,2.293000e+01,2.183000e+01,1.885000e+01,1.677000e-01,1.533000e-01,1.673000e-01
1.820000e+02,6.388000e+01,8.219000e+01,1.120000e+02,3.354000e+01,4.201000e+01,3.305000e+01,2.955000e+01,2.813000e+01,2.428000e+01,1.938000e-01,1.771000e-01,1.934000e-01
1.830000e+02,6.373000e+01,8.200000e+01,1.117000e+02,3.065000e+01,3.839000e+01,3.020000e+01,2.700000e+01,2.570000e+01,2.219000e+01,1.563000e-01,1.428000e-01,1.560000e-01
1.840000e+02,6.399000e+01,8.233000e+01,1.122000e+02,2.579000e+01,3.230000e+01,2.541000e+01,2.272000e+01,2.163000e+01,1.867000e+01,1.629000e-01,1.489000e-01,1.626000e-01
1.850000e+02,6.362000e+01,8.185000e+01,1.115000e+02,2.927000e+01,3.666000e+01,2.884000e+01,2.578000e+01,2.455000e+01,2.119000e+01,1.615000e-01,1.476000e-01,1.612000e-01
1.860000e+02,6.363000e+01,8.187000e+01,1.115000e+02,2.742000e+01,3.434000e+01,2.702000e+01,2.415000e+01,2.299000e+01,1.985000e+01,1.647000e-01,1.505000e-01,1.644000e-01
1.870000e+02,6.408000e+01,8.245000e+01,1.123000e+02,2.506000e+01,3.139000e+01,2.469000e+01,2.208000e+01,2.102000e+01,1.814000e+01,1.818000e-01,1.661000e-01,1.814000e-01
1.880000e+02,6.413000e+01,8.251000e+01,1.124000e+02,3.463000e+01,4.337000e+01,3.412000e+01,3.051000e+01,2.904000e+01,2.507000e+01,1.640000e-01,1.499000e-01,1.637000e-01
1.890000e+02,6.470000e+01,8.324000e+01,1.134000e+02,2.904000e+01,3.637000e+01,2.862000e+01,2.558000e+01,2.435000e+01,2.102000e+01,2.172000e-01,1.985000e-01,2.167000e-01
1.900000e+02,6.454000e+01,8.304000e+01,1.131000e+02,2.700000e+01,3.381000e+01,2.661000e+01,2.378000e+01,2.264000e+01,1.955000e+01,1.713000e-01,1.566000e-01,1.709000e-01
1.910000e+02,6.448000e+01,8.296000e+01,1.130000e+02,3.010000e+01,3.770000e+01,2.966000e+01,2.652000e+01,2.524000e+01,2.179000e+01,1.546000e-01,1.413000e-01,1.543000e-01
1.920000e+02,6.390000e+01,8.221000e+01,1.120000e+02,3.176000e+01,3.978000e+01,3.130000e+01,2.798000e+01,2.663000e+01,2.299000e+01,1.675000e-01,1.531000e-01,1.671000e-01
1.930000e+02,6.373000e+01,8.200000e+01,1.117000e+02,2.699000e+01,3.380000e+01,2.660000e+01,2.378000e+01,2.263000e+01,1.954000e+01,1.778000e-01,1.625000e-01,1.774000e-01
1.940000e+02,6.372000e+01,8.198000e+01,1.117000e+02,2.713000e+01,3.398000e+01,2.673000e+01,2.390000e+01,2.275000e+01,1.964000e+01,1.554000e-01,1.420000e-01,1.551000e-01
1.950000e+02,6.369000e+01,8.194000e+01,1.117000e+02,2.641000e+01,3.308000e+01,2.602000e+01,2.326000e+01,2.215000e+01,1.912000e+01,1.876000e-01,1.714000e-01,1.872000e-01
1.960000e+02,6.420000e+01,8.260000e+01,1.125000e+02,3.289000e+01,4.119000e+01,3.241000e+01,2.897000e+01,2.758000e+01,2.381000e+01,1.743000e-01,1.593000e-01,1.739000e-01
1.970000e+02,6.373000e+01,8.200000e+01,1.117000e+02,2.763000e+01,3.460000e+01,2.723000e+01,2.434000e+01,2.317000e+01,2.000000e+01,1.657000e-01,1.514000e-01,1.654000e-01
1.980000e+02,6.426000e+01,8.268000e+01,1.127000e+02,2.911000e+01,3.646000e+01,2.868000e+01,2.564000e+01,2.441000e+01,2.108000e+01,2.536000e-01,2.318000e-01,2.531000e-01
1.990000e+02,6.434000e+01,8.278000e+01,1.128000e+02,2.667000e+01,3.340000e+01,2.628000e+01,2.349000e+01,2.237000e+01,1.931000e+01,1.639000e-01,1.498000e-01,1.636000e-01
2.000000e+02,6.399000e+01,8.233000e+01,1.122000e+02,3.366000e+01,4.216000e+01,3.317000e+01,2.965000e+01,2.823000e+01,2.437000e+01,1.687000e-01,1.542000e-01,1.683000e-01
2.010000e+02,6.382000e+01,8.211000e+01,1.119000e+02,3.338000e+01,4.181000e+01,3.289000e+01,2.940000e+01,2.799000e+01,2.417000e+01,1.560000e-01,1.426000e-01,1.557000e-01
2.020000e+02,6.353000e+01,8.174000e+01,1.114000e+02,3.080000e+01,3.857000e+01,3.035000e+01,2.713000e+01,2.583000e+01,2.230000e+01,2.313000e-01,2.114000e-01,2.308000e-01
2.030000e+02,6.376000e+01,8.203000e+01,1.118000e+02,2.956000e+01,3.702000e+01,2.913000e+01,2.604000e+01,2.479000e+01,2.140000e+01,1.643000e-01,1.502000e-01,1.640000e-01
2.040000e+02,6.392000e+01,8.224000e+01,1.121000e+02,3.123000e+01,3.911000e+01,3.077000e+01,2.751000e+01,2.619000e+01,2.261000e+01,1.594000e-01,1.457000e-01,1.591000e-01
2.050000e+02,6.394000e+01,8.227000e+01,1.121000e+02,2.725000e+01,3.413000e+01,2.685000e+01,2.400000e+01,2.285000e+01,1.973000e+01,1.619000e-01,1.480000e-01,1.616000e-01
2.060000e+02,6.397000e+01,8.230000e+01,1.121000e+02,2.720000e+01,3.407000e+01,2.680000e+01,2.396000e+01,2.281000e+01,1.969000e+01,1.781000e-01,1.628000e-01,1.777000e-01
2.070000e+02,6.451000e+01,8.300000e+01,1.131000e+02,3.480000e+01,4.358000e+01,3.429000e+01,3.066000e+01,2.918000e+01,2.520000e+01,1.562000e-01,1.428000e-01,1.559000e-01
2.080000e+02,6.423000e+01,8.264000e+01,1.126000e+02,2.609000e+01,3.268000e+01,2.571000e+01,2.298000e+01,2.188000e+01,1.889000e+01,1.652000e-01,1.510000e-01,1.649000e-01
2.090000e+02,6.420000e+01,8.260000e+01,1.125000e+02,2.785000e+01,3.488000e+01,2.744000e+01,2.453000e+01,2.336000e+01,2.016000e+01,1.712000e-01,1.565000e-01,1.708000e-01
2.100000e+02,6.388000e+01,8.219000e+01,1.120000e+02,2.583000e+01,3.235000e+01,2.545000e+01,2.275000e+01,2.166000e+01,1.870000e+01,1.547000e-01,1.414000e-01,1.544000e-01
2.110000e+02,6.416000e+01,8.255000e+01,1.125000e+02,2.669000e+01,3.343000e+01,2.630000e+01,2.351000e+01,2.238000e+01,1.932000e+01,1.967000e-01,1.798000e-01,1.963000e-01
2.120000e+02,6.420000e+01,8.260000e+01,1.125000e+02,3.001000e+01,3.758000e+01,2.957000e+01,2.644000e+01,2.517000e+01,2.173000e+01,1.712000e-01,1.565000e-01,1.708000e-01
2.130000e+02,6.363000e+01,8.187000e+01,1.115000e+02,2.683000e+01,3.360000e+01,2.644000e+01,2.363000e+01,2.250000e+01,1.942000e+01,1.601000e-01,1.463000e-01,1.598000e-01
2.140000e+02,6.377000e+01,8.205000e+01,1.118000e+02,3.151000e+01,3.946000e+01,3.105000e+01,2.776000e+01,2.642000e+01,2.281000e+01,2.016000e-01,1.842000e-01,2.012000e-01
2.150000e+02,6.509000e+01,8.374000e+01,1.141000e+02,2.625000e+01,3.288000e+01,2.587000e+01,2.312000e+01,2.201000e+01,1.900000e+01,1.637000e-01,1.496000e-01,1.634000e-01
2.160000e+02,6.352000e+01,8.172000e+01,1.114000e+02,2.637000e+01,3.303000e+01,2.598000e+01,2.323000e+01,2.211000e+01,1.909000e+01,2.022000e-01,1.848000e-01,2.018000e-01
2.170000e+02,6.453000e+01,8.302000e+01,1.131000e+02,2.753000e+01,3.448000e+01,2.713000e+01,2.425000e+01,2.309000e+01,1.993000e+01,1.893000e-01,1.730000e-01,1.889000e-01
2.180000e+02,6.445000e+01,8.292000e+01,1.130000e+02,3.258000e+01,4.080000e+01,3.210000e+01,2.870000e+01,2.732000e+01,2.359000e+01,1.684000e-01,1.539000e-01,1.680000e-01
2.190000e+02,6.361000e+01,8.184000e+01,1.115000e+02,3.122000e+01,3.910000e+01,3.076000e+01,2.750000e+01,2.618000e+01,2.260000e+01,1.803000e-01,1.648000e-01,1.799000e-01
2.200000e+02,6.417000e+01,8.256000e+01,1.125000e+02,2.772000e+01,3.472000e+01,2.732000e+01,2.442000e+01,2.325000e+01,2.007000e+01,1.729000e-01,1.580000e-01,1.725000e-01
2.210000e+02,6.527000e+01,8.398000e+01,1.144000e+02,3.337000e+01,4.179000e+01,3.288000e+01,2.940000e+01,2.798000e+01,2.416000e+01,1.564000e-01,1.429000e-01,1.561000e-01
2.220000e+02,6.416000e+01,8.255000e+01,1.125000e+02,2.615000e+01,3.275000e+01,2.577000e+01,2.304000e+01,2.193000e+01,1.893000e+01,1.748000e-01,1.597000e-01,1.744000e-01
2.230000e+02,6.424000e+01,8.265000e+01,1.126000e+02,3.492000e+01,4.373000e+01,3.441000e+01,3.076000e+01,2.928000e+01,2.528000e+01,1.806000e-01,1.651000e-01,1.802000e-01
2.240000e+02,6.385000e+01,8.215000e+01,1.119000e+02,3.496000e+01,4.378000e+01,3.445000e+01,3.080000e+01,2.932000e+01,2.531000e+01,2.177000e-01,1.990000e-01,2.172000e-01
2.250000e+02,6.351000e+01,8.171000e+01,1.113000e+02,2.600000e+01,3.256000e+01,2.562000e+01,2.290000e+01,2.180000e+01,1.882000e+01,1.534000e-01,1.402000e-01,1.531000e-01
2.260000e+02,6.436000e+01,8.281000e+01,1.128000e+02,2.909000e+01,3.643000e+01,2.867000e+01,2.563000e+01,2.439000e+01,2.106000e+01,1.847000e-01,1.688000e-01,1.843000e-01
2.270000e+02,6.452000e+01,8.301000e+01,1.131000e+02,2.512000e+01,3.146000e+01,2.475000e+01,2.213000e+01,2.107000e+01,1.819000e+01,1.709000e-01,1.562000e-01,1.705000e-01
2.280000e+02,6.352000e+01,8.172000e+01,1.114000e+02,3.353000e+01,4.199000e+01,3.304000e+01,2.954000e+01,2.812000e+01,2.428000e+01,2.039000e-01,1.863000e-01,2.035000e-01
2.290000e+02,6.412000e+01,8.250000e+01,1.124000e+02,3.320000e+01,4.158000e+01,3.272000e+01,2.925000e+01,2.784000e+01,2.404000e+01,1.661000e-01,1.518000e-01,1.658000e-01
2.300000e+02,6.423000e+01,8.264000e+01,1.126000e+02,2.517000e+01,3.152000e+01,2.480000e+01,2.217000e+01,2.111000e+01,1.822000e+01,1.584000e-01,1.448000e-01,1.581000e-01
2.310000e+02,6.400000e+01,8.234000e+01,1.122000e+02,2.646000e+01,3.314000e+01,2.607000e+01,2.331000e+01,2.219000e+01,1.916000e+01,2.019000e-01,1.845000e-01,2.015000e-01
2.320000e+02,6.365000e+01,8.189000e+01,1.116000e+02,2.884000e+01,3.612000e+01,2.842000e+01,2.541000e+01,2.419000e+01,2.088000e+01,1.722000e-01,1.574000e-01,1.718000e-01
2.330000e+02,6.440000e+01,8.286000e+01,1.129000e+02,2.824000e+01,3.537000e+01,2.783000e+01,2.488000e+01,2.368000e+01,2.045000e+01,1.579000e-01,1.443000e-01,1.576000e-01
2.340000e+02,6.339000e+01,8.156000e+01,1.111000e+02,3.487000e+01,4.367000e+01,3.436000e+01,3.072000e+01,2.924000e+01,2.525000e+01,1.859000e-01,1.699000e-01,1.855000e-01
2.350000e+02,6.426000e+01,8.268000e+01,1.127000e+02,3.343000e+01,4.187000e+01,3.294000e+01,2.945000e+01,2.803000e+01,2.420000e+01,1.586000e-01,1.449000e-01,1.583000e-01
2.360000e+02,6.395000e+01,8.228000e+01,1.121000e+02,3.317000e+01,4.154000e+01,3.269000e+01,2.922000e+01,2.782000e+01,2.402000e+01,1.542000e-01,1.409000e-01,1.539000e-01
2.370000e+02,6.362000e+01,8.185000e+01,1.115000e+02,2.668000e+01,3.341000e+01,2.629000e+01,2.350000e+01,2.237000e+01,1.932000e+01,1.553000e-01,1.419000e-01,1.550000e-01
2.380000e+02,6.403000e+01,8.238000e+01,1.123000e+02,3.045000e+01,3.814000e+01,3.001000e+01,2.682000e+01,2.554000e+01,2.205000e+01,1.704000e-01,1.557000e-01,1.700000e-01
2.390000e+02,6.402000e+01,8.237000e+01,1.122000e+02,3.332000e+01,4.173000e+01,3.283000e+01,2.935000e+01,2.794000e+01,2.412000e+01,1.657000e-01,1.514000e-01,1.654000e-01
2.400000e+02,6.397000e+01,8.230000e+01,1.121000e+02,3.352000e+01,4.198000e+01,3.303000e+01,2.953000e+01,2.811000e+01,2.427000e+01,1.749000e-01,1.598000e-01,1.745000e-01
2.410000e+02,6.373000e+01,8.200000e+01,1.117000e+02,2.823000e+01,3.536000e+01,2.782000e+01,2.487000e+01,2.367000e+01,2.044000e+01,1.747000e-01,1.597000e-01,1.743000e-01
2.420000e+02,6.392000e+01,8.224000e+01,1.121000e+02,3.480000e+01,4.358000e+01,3.429000e+01,3.066000e+01,2.918000e+01,2.520000e+01,1.779000e-01,1.626000e-01,1.775000e-01
2.430000e+02,6.352000e+01,8.172000e+01,1.114000e+02,2.592000e+01,3.246000e+01,2.554000e+01,2.283000e+01,2.174000e+01,1.877000e+01,1.891000e-01,1.728000e-01,1.887000e-01
2.440000e+02,6.411000e+01,8.248000e+01,1.124000e+02,2.586000e+01,3.239000e+01,2.548000e+01,2.278000e+01,2.169000e+01,1.872000e+01,1.744000e-01,1.594000e-01,1.740000e-01
2.450000e+02,6.377000e+01,8.205000e+01,1.118000e+02,3.412000e+01,4.273000e+01,3.362000e+01,3.006000e+01,2.861000e+01,2.470000e+01,1.833000e-01,1.675000e-01,1.829000e-01
2.460000e+02,6.384000e+01,8.214000e+01,1.119000e+02,2.525000e+01,3.162000e+01,2.488000e+01,2.224000e+01,2.117000e+01,1.828000e+01,1.919000e-01,1.754000e-01,1.915000e-01
2.470000e+02,6.292000e+01,8.095000e+01,1.103000e+02,2.897000e+01,3.628000e+01,2.855000e+01,2.552000e+01,2.429000e+01,2.097000e+01,1.729000e-01,1.580000e-01,1.725000e-01
2.480000e+02,6.417000e+01,8.256000e+01,1.125000e+02,3.301000e+01,4.134000e+01,3.253000e+01,2.908000e+01,2.768000e+01,2.390000e+01,1.856000e-01,1.696000e-01,1.852000e-01
2.490000e+02,6.406000e+01,8.242000e+01,1.123000e+02,2.915000e+01,3.651000e+01,2.872000e+01,2.568000e+01,2.445000e+01,2.110000e+01,1.568000e-01,1.433000e-01,1.565000e-01
2.500000e+02,6.381000e+01,8.210000e+01,1.119000e+02,3.182000e+01,3.985000e+01,3.136000e+01,2.803000e+01,2.668000e+01,2.304000e+01,1.622000e-01,1.482000e-01,1.619000e-01
2.510000e+02,6.364000e+01,8.188000e+01,1.116000e+02,3.093000e+01,3.874000e+01,3.048000e+01,2.725000e+01,2.594000e+01,2.239000e+01,1.619000e-01,1.480000e-01,1.616000e-01
2.520000e+02,6.381000e+01,8.210000e+01,1.119000e+02,2.960000e+01,3.707000e+01,2.917000e+01,2.607000e+01,2.482000e+01,2.143000e+01,1.755000e-01,1.604000e-01,1.751000e-01
2.530000e+02,6.382000e+01,8.211000e+01,1.119000e+02,2.518000e+01,3.154000e+01,2.481000e+01,2.218000e+01,2.112000e+01,1.823000e+01,1.627000e-01,1.487000e-01,1.624000e-01
2.540000e+02,6.344000e+01,8.162000e+01,1.112000e+02,3.479000e+01,4.357000e+01,3.428000e+01,3.065000e+01,2.917000e+01,2.519000e+01,1.803000e-01,1.648000e-01,1.799000e-01
2.550000e+02,6.423000e+01,8.264000e+01,1.126000e+02,2.818000e+01,3.529000e+01,2.777000e+01,2.482000e+01,2.363000e+01,2.040000e+01,1.856000e-01,1.696000e-01,1.852000e-01
2.560000e+02,6.359000e+01,8.181000e+01,1.115000e+02,3.315000e+01,4.152000e+01,3.267000e+01,2.920000e+01,2.780000e+01,2.400000e+01,1.723000e-01,1.575000e-01,1.719000e-01
