# Time-averaged data for fix boxsizepressurestretch
# TimeStep v_lx v_ly v_lz v_px v_py v_pz
0 33.9005 292.529 1243.14 -0.730324 -14.2993 60.0765
1000 33.9022 292.392 1244.64 69.3772 -0.183811 -1286.12
2000 33.8977 292.297 1246.14 63.6996 -3.31897 -2121.85
3000 33.9005 292.136 1247.64 -57.2977 -13.9831 -2843.79
4000 33.9045 291.944 1249.14 -7.87227 4.06175 -3611.1
5000 33.8952 291.854 1250.64 97.6453 -24.4622 -4282.57
6000 33.9009 291.679 1252.14 87.3377 -11.5534 -4969.35
7000 33.9045 291.48 1253.64 -21.4166 13.6165 -5722.64
8000 33.8964 291.317 1255.14 70.2394 24.7738 -6462.23
9000 33.8964 291.3 1256.64 -27.4892 -9.80485 -7243.65
10000 33.8946 291.016 1258.14 69.7065 50.1397 -7855.17
11000 33.8839 291.054 1259.64 145.909 -3.702 -8528.33
12000 33.8891 290.881 1261.14 16.5263 33.9558 -8883.91
13000 33.8866 290.765 1262.64 50.1104 15.6609 -9279.27
14000 33.8825 290.819 1264.14 28.0755 -44.4515 -9247.09
15000 33.8777 290.677 1265.64 23.6648 -28.6809 -8864.24
16000 33.8794 290.468 1267.14 -29.9609 39.2856 -8652.57
17000 33.8714 290.401 1268.64 22.1239 12.2874 -8762.26
18000 33.8697 290.428 1270.14 0.961674 18.6552 -8521.43
19000 33.8708 290.478 1271.64 -32.0374 -28.1639 -8574.15
20000 33.876 290.359 1273.14 -100.635 11.1737 -8485.27
21000 33.8685 290.35 1274.64 -2.38855 -3.16722 -8471.27
22000 33.8651 290.275 1276.14 33.1491 15.6312 -8211.47
23000 33.8671 290.222 1277.64 -76.9017 16.3488 -8745.54
24000 33.8593 290.363 1279.14 -1.30222 -4.87073 -9003.73
25000 33.8641 290.217 1280.64 48.7687 44.2625 -8858.01
26000 33.8585 290.333 1282.14 91.3888 33.8367 -8449.88
27000 33.8662 290.487 1283.64 -27.0237 -47.6128 -8149.06
28000 33.8565 290.393 1285.14 66.8557 -11.2944 -8002.76
29000 33.8617 290.353 1286.64 39.7751 16.3424 -7625.31
30000 33.8578 290.123 1288.14 37.2224 57.1731 -7852.52
31000 33.8636 290.257 1289.64 -33.6575 -5.72147 -8213.76
32000 33.8594 290.283 1291.14 1.12195 -3.8263 -8324.1
33000 33.8627 290.295 1292.64 -12.2573 -0.720045 -8485.06
34000 33.8592 290.214 1294.14 3.31915 17.9329 -8679.19
35000 33.8537 290.268 1295.64 89.0891 3.05397 -8486.71
36000 33.861 290.339 1297.14 -58.9368 -3.90974 -8595.14
37000 33.8597 290.313 1298.64 -64.5641 -24.3689 -8808.33
38000 33.8574 290.346 1300.14 -41.7023 -23.8449 -9101.61
39000 33.8589 290.189 1301.64 -38.2027 37.1862 -9571.48
40000 33.8549 290.435 1303.14 4.24231 7.32519 -9508.37
41000 33.8575 290.38 1304.64 -14.317 14.9503 -9424.3
42000 33.8622 290.564 1306.14 -69.7145 -26.0528 -9448.56
43000 33.8608 290.47 1307.64 -50.697 2.10395 -8791.06
44000 33.8573 290.306 1309.14 -27.0871 4.81837 -8365.52
45000 33.8604 290.29 1310.64 -8.84612 11.2698 -8704.76
46000 33.8547 290.365 1312.14 -10.3211 -4.69068 -9190.49
47000 33.8586 290.338 1313.64 -50.5897 9.68742 -9253.96
48000 33.8586 290.382 1315.14 -12.1408 27.2666 -9127.06
49000 33.8561 290.336 1316.64 41.3498 -15.1382 -9586.47
50000 33.8514 290.342 1318.14 99.9048 1.44811 -9987.53
51000 33.8592 290.515 1319.64 -11.6249 -42.8643 -10077.4
52000 33.857 290.363 1321.14 -110.413 9.24074 -10199
53000 33.855 290.482 1322.64 32.0639 -2.10223 -10230.6
54000 33.8512 290.59 1324.14 76.2668 -11.1524 -10228.5
55000 33.8621 290.649 1325.64 -80.9317 -1.30831 -9123.51
56000 33.8593 290.702 1327.14 -1.89294 -39.8498 -8239.36
57000 33.863 290.544 1328.64 -87.8828 -13.0329 -7708.53
58000 33.855 290.441 1330.14 36.3754 19.152 -7918.86
59000 33.8607 290.431 1331.64 -19.8549 -9.83247 -8090.39
60000 33.8596 290.309 1333.14 -38.4777 -31.2323 -8131.75
61000 33.8593 290.199 1334.64 20.5331 5.9812 -8744.88
62000 33.8621 290.204 1336.14 -51.8145 14.947 -9224.77
63000 33.8576 290.309 1337.64 -28.4862 -7.31549 -9461.57
64000 33.8587 290.354 1339.14 54.2331 -23.3167 -9557.94
65000 33.8558 290.386 1340.64 23.3099 -12.7638 -9716.15
66000 33.8541 290.396 1342.14 59.2153 2.75313 -9833.09
67000 33.8592 290.452 1343.64 -15.8823 -35.0378 -8807.52
68000 33.8589 290.317 1345.14 -22.3186 13.9032 -8519.09
69000 33.8613 290.203 1346.64 -30.3962 -34.2292 -8903.61
70000 33.8621 290.268 1348.14 -21.8438 -40.0035 -9117.91
71000 33.8538 290.168 1349.64 183.055 22.2811 -9439.41
72000 33.8579 290.368 1351.14 34.7993 -28.3066 -9454.16
73000 33.8614 290.402 1352.64 0.512151 -21.4897 -9396.73
74000 33.8616 290.284 1354.14 17.1006 -27.7972 -8753.11
75000 33.8652 290.166 1355.64 -137.878 -2.61111 -8510.05
76000 33.8641 290.191 1357.14 -83.7458 -34.8147 -7975.55
77000 33.8616 290.072 1358.64 21.2224 46.5324 -8438.93
78000 33.8661 290.087 1360.14 -80.9304 23.8721 -8891.83
79000 33.8539 290.267 1361.64 92.0927 -17.39 -9243.3
80000 33.8548 290.256 1363.14 103.748 4.64579 -9251.92
81000 33.8614 290.453 1364.64 21.4623 -23.2716 -7934.51
82000 33.8627 290.339 1366.14 48.6807 19.6094 -6996.67
83000 33.8592 290.191 1367.64 31.4377 24.698 -6967.11
84000 33.8649 290.233 1369.14 -82.6271 21.8246 -7444.68
85000 33.8613 290.238 1370.64 62.7576 53.465 -7343.87
86000 33.8658 290.337 1372.14 -8.58086 -11.8915 -6655.87
87000 33.8658 290.193 1373.64 -9.9784 22.0491 -6503.82
88000 33.863 290.194 1375.14 -54.7023 0.890904 -6841.52
89000 33.8571 290.147 1376.64 107.459 6.60263 -7304.91
90000 33.8633 290.185 1378.14 -89.9039 -10.2805 -7696.32
91000 33.8588 290.192 1379.64 4.35041 0.554928 -8125.47
92000 33.8636 290.216 1381.14 -35.4627 24.4555 -7405.55
93000 33.8614 290.294 1382.64 28.8173 11.2215 -6491.76
94000 33.8632 290.269 1384.14 17.5297 18.2465 -6337
95000 33.8575 290.23 1385.64 76.9342 16.8618 -6224.47
96000 33.8632 290.369 1387.14 51.917 -0.478218 -5504.18
97000 33.868 290.297 1388.64 -39.172 45.6427 -5540.99
98000 33.8643 290.319 1390.14 76.7453 -32.0605 -5610.97
99000 33.8622 290.303 1391.64 -17.7995 -13.8685 -5813.38
100000 33.8647 290.286 1393.14 107.052 -7.20239 -5784.35
