0.000000000000000000e+00 0.000000000000000000e+00
1.000000000000000000e+01 1.199571701377299959e-03
2.000000000000000000e+01 2.399151399846033428e-03
3.000000000000000000e+01 3.598667121583964956e-03
4.000000000000000000e+01 4.798238822961264916e-03
5.000000000000000000e+01 5.997818521429998384e-03
6.000000000000000000e+01 7.197390222807298343e-03
7.000000000000000000e+01 8.396969921276031812e-03
8.000000000000000000e+01 9.596485643013963340e-03
9.000000000000000000e+01 1.079605734439104125e-02
1.000000000000000000e+02 1.199563704285977472e-02
1.100000000000000000e+02 1.319520874423729673e-02
1.200000000000000000e+02 1.439478844270603020e-02
1.300000000000000000e+02 1.559430416444373968e-02
1.400000000000000000e+02 1.679387586582103964e-02
1.500000000000000000e+02 1.799345556428977311e-02
1.600000000000000000e+02 1.919302726566707307e-02
1.700000000000000000e+02 2.039260696413580654e-02
1.800000000000000000e+02 2.159212268587373806e-02
1.900000000000000000e+02 2.279169438725103802e-02
2.000000000000000000e+02 2.399121010898896955e-02
2.100000000000000000e+02 2.519084578709729350e-02
2.200000000000000000e+02 2.639036150883500298e-02
2.300000000000000000e+02 2.758999718694310488e-02
2.400000000000000000e+02 2.878951290868103641e-02
2.500000000000000000e+02 2.998902863041874589e-02
2.600000000000000000e+02 3.118866430852706984e-02
2.700000000000000000e+02 3.238818003026500136e-02
2.800000000000000000e+02 3.358781570837310326e-02
2.900000000000000000e+02 3.478733143011103479e-02
3.000000000000000000e+02 3.598684715184874428e-02
3.100000000000000000e+02 3.718648282995706822e-02
3.200000000000000000e+02 3.838599855169477770e-02
3.300000000000000000e+02 3.958563422980287960e-02
3.400000000000000000e+02 4.078514995154103318e-02
3.500000000000000000e+02 4.198466567327874266e-02
3.600000000000000000e+02 4.318430135138706660e-02
3.700000000000000000e+02 4.438381707312477609e-02
3.800000000000000000e+02 4.558345275123287799e-02
3.900000000000000000e+02 4.678296847297080951e-02
4.000000000000000000e+02 4.798248419470851900e-02
4.100000000000000000e+02 4.918211987281706499e-02
4.200000000000000000e+02 5.038163559455477447e-02
4.300000000000000000e+02 5.158127127266287637e-02
4.400000000000000000e+02 5.278078699440080790e-02
4.500000000000000000e+02 5.398030271613851738e-02
4.600000000000000000e+02 5.517993839424684133e-02
4.700000000000000000e+02 5.637945411598455081e-02
4.800000000000000000e+02 5.757908979409265271e-02
4.900000000000000000e+02 5.877860551583080628e-02
5.000000000000000000e+02 5.997812123756851577e-02
5.100000000000000000e+02 6.117775691567683971e-02
5.200000000000000000e+02 6.237727263741454919e-02
5.300000000000000000e+02 6.357690831552265109e-02
5.400000000000000000e+02 6.477642403726058262e-02
5.500000000000000000e+02 6.597593975899851415e-02
5.600000000000000000e+02 6.717557543710683809e-02
5.700000000000000000e+02 6.837509115884454758e-02
5.800000000000000000e+02 6.957472683695264948e-02
5.900000000000000000e+02 7.077424255869058101e-02
6.000000000000000000e+02 7.197375828042829049e-02
6.100000000000000000e+02 7.317339395853661443e-02
6.200000000000000000e+02 7.437290968027454596e-02
6.300000000000000000e+02 7.557254535838264786e-02
6.400000000000000000e+02 7.677206108012057939e-02
6.500000000000000000e+02 7.797157680185828887e-02
6.600000000000000000e+02 7.917121247996661282e-02
6.700000000000000000e+02 8.037072820170432230e-02
6.800000000000000000e+02 8.157036387981242420e-02
6.900000000000000000e+02 8.276987960155057777e-02
7.000000000000000000e+02 8.396939532328828726e-02
7.100000000000000000e+02 8.516903100139661120e-02
7.200000000000000000e+02 8.636854672313432069e-02
7.300000000000000000e+02 8.756818240124242259e-02
7.400000000000000000e+02 8.876769812298035411e-02
7.500000000000000000e+02 8.996721384471806360e-02
7.600000000000000000e+02 9.116684952282638754e-02
7.700000000000000000e+02 9.236636524456431907e-02
7.800000000000000000e+02 9.356600092267242097e-02
7.900000000000000000e+02 9.476551664441035250e-02
8.000000000000000000e+02 9.596503236614806198e-02
8.100000000000000000e+02 9.716466804425638593e-02
8.200000000000000000e+02 9.836418376599409541e-02
8.300000000000000000e+02 9.956381944410219731e-02
8.400000000000000000e+02 1.007633351658403509e-01
8.500000000000000000e+02 1.019628508875780604e-01
8.600000000000000000e+02 1.031624865656863843e-01
8.700000000000000000e+02 1.043620022874240938e-01
8.800000000000000000e+02 1.055616379655321957e-01
8.900000000000000000e+02 1.067611536872701272e-01
9.000000000000000000e+02 1.079606694090080588e-01
9.100000000000000000e+02 1.091603050871163827e-01
9.200000000000000000e+02 1.103598208088540922e-01
9.300000000000000000e+02 1.115594564869621941e-01
9.400000000000000000e+02 1.127589722087001256e-01
9.500000000000000000e+02 1.139584879304378351e-01
9.600000000000000000e+02 1.151581236085461590e-01
9.700000000000000000e+02 1.163576393302840906e-01
9.800000000000000000e+02 1.175572750083921925e-01
9.900000000000000000e+02 1.187567907301301240e-01
1.000000000000000000e+03 1.199563064518678335e-01
