0.000000000000000000e+00 -2.695427300000000059e+01
1.000000000000000000e+01 -1.111858521000000110e+03
2.000000000000000000e+01 -2.402746826000000056e+03
3.000000000000000000e+01 -3.518583740000000034e+03
4.000000000000000000e+01 -4.291033690999999635e+03
5.000000000000000000e+01 -5.355504394999999931e+03
6.000000000000000000e+01 -6.075776855000000069e+03
7.000000000000000000e+01 -6.736869141000000127e+03
8.000000000000000000e+01 -7.240010253999999804e+03
9.000000000000000000e+01 -7.160182128999999804e+03
1.000000000000000000e+02 -7.487416016000000127e+03
1.100000000000000000e+02 -7.840198242000000391e+03
1.200000000000000000e+02 -8.063255858999999873e+03
1.300000000000000000e+02 -8.749185546999999133e+03
1.400000000000000000e+02 -8.881916015999999217e+03
1.500000000000000000e+02 -8.860784180000000561e+03
1.600000000000000000e+02 -9.013251953000000867e+03
1.700000000000000000e+02 -9.057628905999999915e+03
1.800000000000000000e+02 -9.237228515999999217e+03
1.900000000000000000e+02 -9.323570311999999831e+03
2.000000000000000000e+02 -9.406559569999999439e+03
2.100000000000000000e+02 -9.318838867000000391e+03
2.200000000000000000e+02 -9.467915038999999524e+03
2.300000000000000000e+02 -9.125909180000000561e+03
2.400000000000000000e+02 -9.454170898000000307e+03
2.500000000000000000e+02 -9.997584961000000476e+03
2.600000000000000000e+02 -1.047583105500000056e+04
2.700000000000000000e+02 -1.051562793000000056e+04
2.800000000000000000e+02 -1.084937597699999969e+04
2.900000000000000000e+02 -1.065235253899999952e+04
3.000000000000000000e+02 -1.042138574200000039e+04
3.100000000000000000e+02 -9.818617188000000169e+03
3.200000000000000000e+02 -9.208316405999999915e+03
3.300000000000000000e+02 -8.911416992000000391e+03
3.400000000000000000e+02 -9.186062500000000000e+03
3.500000000000000000e+02 -9.635147461000000476e+03
3.600000000000000000e+02 -9.317239257999999609e+03
3.700000000000000000e+02 -7.790201172000000042e+03
3.800000000000000000e+02 -7.518569824000000153e+03
3.900000000000000000e+02 -8.226660155999999915e+03
4.000000000000000000e+02 -8.268791015999999217e+03
4.100000000000000000e+02 -7.556454590000000280e+03
4.200000000000000000e+02 -7.802100097999999889e+03
4.300000000000000000e+02 -6.755240722999999889e+03
4.400000000000000000e+02 -7.081202637000000323e+03
4.500000000000000000e+02 -7.707051757999999609e+03
4.600000000000000000e+02 -8.230326171999999133e+03
4.700000000000000000e+02 -9.181014648000000307e+03
4.800000000000000000e+02 -9.486452148000000307e+03
4.900000000000000000e+02 -8.331132811999999831e+03
5.000000000000000000e+02 -6.542543456999999762e+03
5.100000000000000000e+02 -5.911559570000000349e+03
5.200000000000000000e+02 -6.140813965000000280e+03
5.300000000000000000e+02 -5.607201172000000042e+03
5.400000000000000000e+02 -5.366698242000000391e+03
5.500000000000000000e+02 -5.721666016000000127e+03
5.600000000000000000e+02 -6.321987304999999651e+03
5.700000000000000000e+02 -6.697472168000000238e+03
5.800000000000000000e+02 -6.884154784999999720e+03
5.900000000000000000e+02 -7.205789061999999831e+03
6.000000000000000000e+02 -7.463818358999999873e+03
6.100000000000000000e+02 -6.662053710999999566e+03
6.200000000000000000e+02 -5.842115722999999889e+03
6.300000000000000000e+02 -5.536232422000000042e+03
6.400000000000000000e+02 -6.122577637000000323e+03
6.500000000000000000e+02 -6.542086914000000434e+03
6.600000000000000000e+02 -6.783076659999999720e+03
6.700000000000000000e+02 -6.634719726999999693e+03
6.800000000000000000e+02 -5.730485840000000280e+03
6.900000000000000000e+02 -5.500646972999999889e+03
7.000000000000000000e+02 -6.065590331999999762e+03
7.100000000000000000e+02 -6.136762695000000349e+03
7.200000000000000000e+02 -6.371943358999999873e+03
7.300000000000000000e+02 -6.184028809000000365e+03
7.400000000000000000e+02 -4.784419922000000042e+03
7.500000000000000000e+02 -4.411159179999999651e+03
7.600000000000000000e+02 -4.976023925999999847e+03
7.700000000000000000e+02 -5.691619141000000127e+03
7.800000000000000000e+02 -5.477881347999999889e+03
7.900000000000000000e+02 -5.305931152000000111e+03
8.000000000000000000e+02 -5.077104003999999804e+03
8.100000000000000000e+02 -4.576410155999999915e+03
8.200000000000000000e+02 -3.768241211000000021e+03
8.300000000000000000e+02 -3.330921875000000000e+03
8.400000000000000000e+02 -3.303569336000000021e+03
8.500000000000000000e+02 -3.108681641000000127e+03
8.600000000000000000e+02 -3.290102050999999847e+03
8.700000000000000000e+02 -3.454461425999999847e+03
8.800000000000000000e+02 -3.679107910000000174e+03
8.900000000000000000e+02 -4.094549560999999812e+03
9.000000000000000000e+02 -3.693691650000000209e+03
9.100000000000000000e+02 -3.335812743999999839e+03
9.200000000000000000e+02 -2.690430420000000140e+03
9.300000000000000000e+02 -2.737506347999999889e+03
9.400000000000000000e+02 -3.365688720999999987e+03
9.500000000000000000e+02 -3.411216553000000204e+03
9.600000000000000000e+02 -2.417326660000000174e+03
9.700000000000000000e+02 -1.889229125999999951e+03
9.800000000000000000e+02 -1.743443115000000034e+03
9.900000000000000000e+02 -2.565593506000000161e+03
1.000000000000000000e+03 -2.615967040999999881e+03
