# Time-averaged data for fix boxsizepressurestretch
# TimeStep v_lx v_ly v_lz v_px v_py v_pz
0 33.9094 292.268 828.198 -133.183 -12.8961 42.145
1000 33.8981 292.233 829.198 -4.10152 -2.85616 -839.459
2000 33.896 292.116 830.198 67.4858 21.2097 -1671.19
3000 33.8926 292.127 831.198 15.2526 -35.7983 -2263.91
4000 33.8947 291.933 832.198 59.098 6.79187 -3070.24
5000 33.8983 291.787 833.198 -34.3907 28.7724 -3977.6
6000 33.9012 291.67 834.198 -24.7115 25.6757 -4675.95
7000 33.8933 291.676 835.198 -63.8123 -9.56359 -5476.5
8000 33.901 291.37 836.198 -112.144 52.0429 -6251.78
9000 33.9013 291.438 837.198 -22.9228 17.1607 -7083.49
10000 33.9027 291.241 838.198 -3.79678 4.03816 -7920.33
11000 33.8962 291.234 839.198 -20.531 14.5983 -8569.72
12000 33.9017 291.061 840.198 -18.7275 47.6352 -9176.41
13000 33.8937 291.177 841.198 81.0511 5.45615 -9437.65
14000 33.8881 291.023 842.198 52.3554 25.2337 -9766.68
15000 33.8925 291.086 843.198 -80.2242 40.2089 -9023.44
16000 33.8898 291.193 844.198 -46.2401 -12.1461 -8552.05
17000 33.8779 290.902 845.198 -7.87613 24.1382 -6813.81
18000 33.8783 291.065 846.198 -22.6971 -36.0662 -5792.13
19000 33.8751 290.942 847.198 4.9532 13.55 -4934.03
20000 33.871 290.882 848.198 86.4796 -11.3752 -4785.2
21000 33.8694 290.814 849.198 51.8439 -6.94584 -5032.33
22000 33.8737 290.805 850.198 -30.6111 -65.555 -5449.89
23000 33.8699 290.706 851.198 -29.6018 -54.2201 -5865.16
24000 33.8692 290.577 852.198 35.5519 4.60033 -6569.55
25000 33.867 290.602 853.198 32.4787 18.534 -6693.13
26000 33.875 290.67 854.198 -146.592 34.889 -6244.73
27000 33.8737 290.635 855.198 -74.7594 -6.91059 -6079.11
28000 33.8696 290.521 856.198 -111.263 -4.71073 -5796.64
29000 33.8656 290.49 857.198 -28.3081 19.1133 -6105.72
30000 33.8761 290.611 858.198 -143.509 8.83396 -4862.33
31000 33.8641 290.485 859.198 180.156 18.9025 -5014.69
32000 33.8739 290.338 860.198 -90.4348 27.4666 -5684.89
33000 33.873 290.393 861.198 6.91966 37.6278 -5685.89
34000 33.8659 290.423 862.198 27.4403 -15.4639 -6085.13
35000 33.862 290.382 863.198 79.6946 2.06313 -6210.04
36000 33.8672 290.358 864.198 99.6984 -11.2519 -6636.24
37000 33.8649 290.304 865.198 129.846 13.1777 -6735.83
38000 33.8653 290.372 866.198 79.3373 -22.7991 -7230.96
39000 33.8671 290.28 867.198 4.66547 6.8057 -6910.96
40000 33.863 290.407 868.198 35.7752 39.0732 -6002.77
41000 33.868 290.516 869.198 -12.2988 -10.5257 -5500.63
42000 33.8689 290.493 870.198 23.2941 -18.3994 -5659.86
43000 33.8638 290.319 871.198 -13.9037 46.365 -5260.16
44000 33.8642 290.545 872.198 -4.63414 -32.0258 -4420.72
45000 33.8627 290.521 873.198 128.074 1.34389 -4380.18
46000 33.867 290.365 874.198 -30.4488 39.0442 -4637.83
47000 33.8633 290.512 875.198 127.204 14.4854 -4543.72
48000 33.8673 290.378 876.198 50.2165 -3.92314 -4754.11
49000 33.8633 290.496 877.198 38.859 -34.1904 -4826.58
50000 33.8639 290.49 878.198 26.003 -55.907 -4922.42
51000 33.8675 290.323 879.198 -55.2262 33.4027 -5230.36
52000 33.8641 290.266 880.198 -35.297 52.1541 -5317.34
53000 33.87 290.449 881.198 -21.9946 23.7385 -4301.98
54000 33.871 290.44 882.198 -85.1506 -29.1913 -4059.65
55000 33.8631 290.438 883.198 52.3059 -38.1736 -4751.77
56000 33.868 290.269 884.198 -115.93 -0.157925 -5395.85
57000 33.8679 290.135 885.198 -106.011 -6.98974 -5845.29
58000 33.8669 290.158 886.198 -21.234 14.3 -6201.63
59000 33.8672 290.33 887.198 5.29798 9.16074 -5789.48
60000 33.8706 290.361 888.198 -21.4491 26.0816 -4541.41
61000 33.8674 290.527 889.198 5.81713 -5.98542 -4403.83
62000 33.8679 290.403 890.198 102.539 -6.12087 -3915.22
63000 33.8704 290.455 891.198 -46.275 -50.2377 -3786.99
64000 33.8702 290.383 892.198 -32.9177 -22.588 -3476.73
65000 33.8711 290.234 893.198 -59.7329 14.5328 -4164.19
66000 33.8765 290.192 894.198 -54.9257 27.1621 -4668.87
67000 33.8723 290.328 895.198 -87.7484 -4.36619 -4770.08
68000 33.8653 290.415 896.198 -26.1997 -14.2296 -3837.21
69000 33.8635 290.357 897.198 58.1911 0.230488 -3892.38
70000 33.8708 290.383 898.198 90.9452 -13.7366 -4081.31
71000 33.8687 290.341 899.198 -22.4561 12.4594 -3351.43
72000 33.8718 290.46 900.198 14.4911 -6.26824 -2979.61
73000 33.8684 290.332 901.198 92.8761 6.91814 -2697.85
74000 33.868 290.149 902.198 60.5832 34.401 -3250.49
75000 33.87 290.331 903.198 29.527 7.2612 -3447.89
76000 33.8679 290.413 904.198 29.7458 -59.5238 -3779.43
77000 33.8733 290.412 905.198 100.495 5.91017 -2795.74
78000 33.8714 290.438 906.198 58.9822 -25.3052 -2543.11
79000 33.8722 290.333 907.198 -19.1676 -23.3081 -2843.1
80000 33.8692 290.31 908.198 5.03039 -17.9374 -3116.65
81000 33.8707 290.381 909.198 11.1043 -6.15318 -3041.68
82000 33.8731 290.384 910.198 -4.20179 -10.6988 -2489.21
83000 33.8734 290.447 911.198 -4.97126 19.5669 -2305.97
84000 33.8719 290.473 912.198 -21.4117 -11.7754 -2453.65
85000 33.8782 290.24 913.198 -19.7692 67.8034 -2012.17
86000 33.8716 290.411 914.198 47.2677 2.94654 -1985.09
87000 33.8772 290.197 915.198 2.60738 29.8344 -2396.6
88000 33.8732 290.304 916.198 -14.2622 -15.5248 -2608.63
89000 33.8716 290.469 917.198 -31.3557 -32.5304 -2580.43
90000 33.8784 290.459 918.198 -72.0009 19.458 -1647.03
91000 33.876 290.304 919.198 73.6174 25.6638 -1531.12
92000 33.8695 290.353 920.198 96.3596 6.3704 -1767.27
93000 33.8806 290.373 921.198 -4.56252 13.0246 -1319.91
94000 33.8799 290.591 922.198 -66.1934 -61.7 -1234.28
95000 33.8816 290.31 923.198 -75.6197 22.6437 -1349.17
96000 33.8868 290.349 924.198 -81.784 8.99337 -1366.36
97000 33.8812 290.436 925.198 4.86271 14.2515 -926.173
98000 33.8816 290.442 926.198 -43.772 16.0892 -646.686
99000 33.8775 290.343 927.198 85.0615 33.2522 -836.759
100000 33.8834 290.388 928.198 8.09935 -29.2606 -930.229
