0.000000000000000000e+00 0.000000000000000000e+00
1.000000000000000000e+01 1.195851064820896426e-03
2.000000000000000000e+01 2.391714088391561077e-03
3.000000000000000000e+01 3.587660823211047401e-03
4.000000000000000000e+01 4.783511888031721782e-03
5.000000000000000000e+01 5.979374911602386433e-03
6.000000000000000000e+01 7.175225976423282859e-03
7.000000000000000000e+01 8.371088999993947510e-03
8.000000000000000000e+01 9.567035734813433834e-03
9.000000000000000000e+01 1.076288679963410821e-02
1.000000000000000000e+02 1.195874982320477287e-02
1.100000000000000000e+02 1.315460088802566929e-02
1.200000000000000000e+02 1.435046391159655599e-02
1.300000000000000000e+02 1.554641064641582027e-02
1.400000000000000000e+02 1.674226171123671669e-02
1.500000000000000000e+02 1.793812473480715930e-02
1.600000000000000000e+02 1.913397579962805573e-02
1.700000000000000000e+02 2.032983882319894242e-02
1.800000000000000000e+02 2.152578555801820670e-02
1.900000000000000000e+02 2.272163662283910313e-02
2.000000000000000000e+02 2.391749964640976778e-02
2.100000000000000000e+02 2.511335071123044216e-02
2.200000000000000000e+02 2.630921373480132885e-02
2.300000000000000000e+02 2.750516046962059313e-02
2.400000000000000000e+02 2.870101153444148956e-02
2.500000000000000000e+02 2.989687455801215421e-02
2.600000000000000000e+02 3.109272562283282859e-02
2.700000000000000000e+02 3.228858864640371529e-02
2.800000000000000000e+02 3.348453538122297957e-02
2.900000000000000000e+02 3.468038644604387599e-02
3.000000000000000000e+02 3.587624946961454064e-02
3.100000000000000000e+02 3.707210053443543707e-02
3.200000000000000000e+02 3.826796355800610172e-02
3.300000000000000000e+02 3.946391029282536600e-02
3.400000000000000000e+02 4.065976135764626243e-02
3.500000000000000000e+02 4.185562438121692708e-02
3.600000000000000000e+02 4.305147544603782350e-02
3.700000000000000000e+02 4.424733846960848815e-02
3.800000000000000000e+02 4.544328520442797448e-02
3.900000000000000000e+02 4.663913626924864886e-02
4.000000000000000000e+02 4.783499929281931351e-02
4.100000000000000000e+02 4.903085035764020994e-02
4.200000000000000000e+02 5.022671338121087459e-02
4.300000000000000000e+02 5.142266011603036091e-02
4.400000000000000000e+02 5.261851118085103529e-02
4.500000000000000000e+02 5.381437420442169994e-02
4.600000000000000000e+02 5.501022526924259637e-02
4.700000000000000000e+02 5.620608829281326102e-02
4.800000000000000000e+02 5.740203502763274734e-02
4.900000000000000000e+02 5.859788609245364377e-02
5.000000000000000000e+02 5.979374911602408638e-02
5.100000000000000000e+02 6.098960018084498280e-02
5.200000000000000000e+02 6.218546320441586950e-02
5.300000000000000000e+02 6.338140993923513378e-02
5.400000000000000000e+02 6.457726100405603020e-02
5.500000000000000000e+02 6.577312402762647281e-02
5.600000000000000000e+02 6.696897509244736924e-02
5.700000000000000000e+02 6.816483811601825593e-02
5.800000000000000000e+02 6.936078485083752021e-02
5.900000000000000000e+02 7.055663591565841664e-02
6.000000000000000000e+02 7.175249893922908129e-02
6.100000000000000000e+02 7.294835000404975567e-02
6.200000000000000000e+02 7.414421302762064236e-02
6.300000000000000000e+02 7.534015976243990664e-02
6.400000000000000000e+02 7.653601082726080307e-02
6.500000000000000000e+02 7.773187385083146772e-02
6.600000000000000000e+02 7.892772491565214210e-02
6.700000000000000000e+02 8.012358793922302880e-02
6.800000000000000000e+02 8.131953467404229308e-02
6.900000000000000000e+02 8.251538573886318950e-02
7.000000000000000000e+02 8.371124876243385415e-02
7.100000000000000000e+02 8.490709982725475058e-02
7.200000000000000000e+02 8.610296285082541523e-02
7.300000000000000000e+02 8.729890958564490155e-02
7.400000000000000000e+02 8.849476065046557594e-02
7.500000000000000000e+02 8.969062367403624059e-02
7.600000000000000000e+02 9.088647473885713701e-02
7.700000000000000000e+02 9.208233776242780166e-02
7.800000000000000000e+02 9.327828449724728799e-02
7.900000000000000000e+02 9.447413556206796237e-02
8.000000000000000000e+02 9.566999858563862702e-02
8.100000000000000000e+02 9.686584965045952345e-02
8.200000000000000000e+02 9.806171267403018810e-02
8.300000000000000000e+02 9.925765940884967442e-02
8.400000000000000000e+02 1.004535104736703488e-01
8.500000000000000000e+02 1.016493734972410135e-01
8.600000000000000000e+02 1.028452245620619099e-01
8.700000000000000000e+02 1.040410875856327966e-01
8.800000000000000000e+02 1.052370343204520609e-01
8.900000000000000000e+02 1.064328853852729573e-01
9.000000000000000000e+02 1.076287484088433999e-01
9.100000000000000000e+02 1.088245994736642963e-01
9.200000000000000000e+02 1.100204624972351830e-01
9.300000000000000000e+02 1.112164092320544473e-01
9.400000000000000000e+02 1.124122602968753437e-01
9.500000000000000000e+02 1.136081233204460084e-01
9.600000000000000000e+02 1.148039743852666827e-01
9.700000000000000000e+02 1.159998374088375694e-01
9.800000000000000000e+02 1.171957841436568337e-01
9.900000000000000000e+02 1.183916352084777301e-01
1.000000000000000000e+03 1.195874982320483948e-01
