0.000000000000000000e+00 -7.741670999999999481e+01
1.000000000000000000e+01 -1.020835509999999999e+03
2.000000000000000000e+01 -2.140211670000000140e+03
3.000000000000000000e+01 -3.021411133000000063e+03
4.000000000000000000e+01 -3.840518310999999812e+03
5.000000000000000000e+01 -4.346558105000000069e+03
6.000000000000000000e+01 -4.966648925999999847e+03
7.000000000000000000e+01 -4.416790039000000434e+03
8.000000000000000000e+01 -4.826163574000000153e+03
9.000000000000000000e+01 -5.129314940999999635e+03
1.000000000000000000e+02 -5.201169434000000365e+03
1.100000000000000000e+02 -5.768913574000000153e+03
1.200000000000000000e+02 -5.767042969000000085e+03
1.300000000000000000e+02 -6.014641601999999693e+03
1.400000000000000000e+02 -5.494025878999999804e+03
1.500000000000000000e+02 -5.838621581999999762e+03
1.600000000000000000e+02 -6.285784179999999651e+03
1.700000000000000000e+02 -6.529310547000000042e+03
1.800000000000000000e+02 -6.828890625000000000e+03
1.900000000000000000e+02 -6.950830565999999635e+03
2.000000000000000000e+02 -6.986930175999999847e+03
2.100000000000000000e+02 -6.781428222999999889e+03
2.200000000000000000e+02 -6.747814940999999635e+03
2.300000000000000000e+02 -6.987066894999999931e+03
2.400000000000000000e+02 -6.931013184000000365e+03
2.500000000000000000e+02 -7.505895996000000196e+03
2.600000000000000000e+02 -7.892160644999999931e+03
2.700000000000000000e+02 -8.323310546999999133e+03
2.800000000000000000e+02 -8.543832030999999915e+03
2.900000000000000000e+02 -8.395088867000000391e+03
3.000000000000000000e+02 -7.512812987999999677e+03
3.100000000000000000e+02 -8.173016601999999693e+03
3.200000000000000000e+02 -7.339271972999999889e+03
3.300000000000000000e+02 -7.204188965000000280e+03
3.400000000000000000e+02 -7.794061523000000307e+03
3.500000000000000000e+02 -8.134392090000000280e+03
3.600000000000000000e+02 -7.811587891000000127e+03
3.700000000000000000e+02 -6.388935547000000042e+03
3.800000000000000000e+02 -5.567735840000000280e+03
3.900000000000000000e+02 -5.179013672000000042e+03
4.000000000000000000e+02 -5.449056152000000111e+03
4.100000000000000000e+02 -5.199337402000000111e+03
4.200000000000000000e+02 -5.084523925999999847e+03
4.300000000000000000e+02 -5.176445311999999831e+03
4.400000000000000000e+02 -4.627882811999999831e+03
4.500000000000000000e+02 -5.448223632999999609e+03
4.600000000000000000e+02 -5.525968262000000323e+03
4.700000000000000000e+02 -5.690694824000000153e+03
4.800000000000000000e+02 -5.958330565999999635e+03
4.900000000000000000e+02 -6.098860840000000280e+03
5.000000000000000000e+02 -6.384812012000000323e+03
5.100000000000000000e+02 -5.433845215000000280e+03
5.200000000000000000e+02 -5.454214844000000085e+03
5.300000000000000000e+02 -4.885806152000000111e+03
5.400000000000000000e+02 -4.397614746000000196e+03
5.500000000000000000e+02 -4.796457030999999915e+03
5.600000000000000000e+02 -5.195437987999999677e+03
5.700000000000000000e+02 -5.371800293000000238e+03
5.800000000000000000e+02 -5.512552733999999873e+03
5.900000000000000000e+02 -5.286502440999999635e+03
6.000000000000000000e+02 -5.032341797000000042e+03
6.100000000000000000e+02 -5.182577148000000307e+03
6.200000000000000000e+02 -5.727550780999999915e+03
6.300000000000000000e+02 -5.480705077999999958e+03
6.400000000000000000e+02 -4.325768065999999635e+03
6.500000000000000000e+02 -3.937792235999999775e+03
6.600000000000000000e+02 -4.588544922000000042e+03
6.700000000000000000e+02 -4.912773438000000169e+03
6.800000000000000000e+02 -4.877519043000000238e+03
6.900000000000000000e+02 -4.406426269999999931e+03
7.000000000000000000e+02 -3.901057616999999937e+03
7.100000000000000000e+02 -3.838593993999999839e+03
7.200000000000000000e+02 -3.900333496000000196e+03
7.300000000000000000e+02 -3.628974121000000196e+03
7.400000000000000000e+02 -3.694628662000000077e+03
7.500000000000000000e+02 -3.906769775000000209e+03
7.600000000000000000e+02 -3.425160889000000225e+03
7.700000000000000000e+02 -3.928723389000000225e+03
7.800000000000000000e+02 -3.554306641000000127e+03
7.900000000000000000e+02 -3.498894287000000077e+03
8.000000000000000000e+02 -3.487401855000000069e+03
8.100000000000000000e+02 -2.862695311999999831e+03
8.200000000000000000e+02 -2.972854735999999775e+03
8.300000000000000000e+02 -2.910809082000000217e+03
8.400000000000000000e+02 -3.291803711000000021e+03
8.500000000000000000e+02 -3.606511962999999923e+03
8.600000000000000000e+02 -2.905546143000000029e+03
8.700000000000000000e+02 -2.870136962999999923e+03
8.800000000000000000e+02 -2.923066894999999931e+03
8.900000000000000000e+02 -2.813009032999999818e+03
9.000000000000000000e+02 -2.959765381000000161e+03
9.100000000000000000e+02 -2.572642334000000119e+03
9.200000000000000000e+02 -2.536952636999999868e+03
9.300000000000000000e+02 -2.016456055000000106e+03
9.400000000000000000e+02 -1.874645385999999917e+03
9.500000000000000000e+02 -1.857204833999999892e+03
9.600000000000000000e+02 -2.383694336000000021e+03
9.700000000000000000e+02 -2.197469238000000132e+03
9.800000000000000000e+02 -2.086108397999999852e+03
9.900000000000000000e+02 -1.636341674999999896e+03
1.000000000000000000e+03 -1.566919188999999960e+03
