0.000000e+00 1.000000000000000000e+00
2.000000e+01 9.961400000000000254e-01
4.000000e+01 9.960099999999999509e-01
6.000000e+01 9.962299999999999489e-01
8.000000e+01 9.965699999999999559e-01
1.000000e+02 9.963199999999999834e-01
1.200000e+02 9.961299999999999599e-01
1.400000e+02 9.960999999999999854e-01
1.600000e+02 9.958599999999999675e-01
1.800000e+02 9.957799999999999985e-01
2.000000e+02 9.955899999999999750e-01
2.200000e+02 9.954600000000000115e-01
2.400000e+02 9.956800000000000095e-01
2.600000e+02 9.952299999999999480e-01
2.800000e+02 9.950900000000000301e-01
3.000000e+02 9.951200000000000045e-01
3.200000e+02 9.948399999999999466e-01
3.400000e+02 9.948900000000000521e-01
3.600000e+02 9.948299999999999921e-01
3.800000e+02 9.946399999999999686e-01
4.000000e+02 9.943899999999999961e-01
4.200000e+02 9.943600000000000216e-01
4.400000e+02 9.944100000000000161e-01
4.600000e+02 9.944899999999999851e-01
4.800000e+02 9.943400000000000016e-01
5.000000e+02 9.939900000000000402e-01
