0.000000e+00 1.000000000000000000e+00
2.000000e+01 9.959400000000000475e-01
4.000000e+01 9.956099999999999950e-01
6.000000e+01 9.955500000000000460e-01
8.000000e+01 9.959200000000000275e-01
1.000000e+02 9.957099999999999840e-01
1.200000e+02 9.953999999999999515e-01
1.400000e+02 9.951999999999999735e-01
1.600000e+02 9.953400000000000025e-01
1.800000e+02 9.954300000000000370e-01
2.000000e+02 9.956399999999999695e-01
2.200000e+02 9.955100000000000060e-01
2.400000e+02 9.956000000000000405e-01
2.600000e+02 9.953100000000000280e-01
2.800000e+02 9.953199999999999825e-01
3.000000e+02 9.953100000000000280e-01
3.200000e+02 9.951999999999999735e-01
3.400000e+02 9.953999999999999515e-01
3.600000e+02 9.952800000000000535e-01
3.800000e+02 9.952499999999999680e-01
4.000000e+02 9.953100000000000280e-01
4.200000e+02 9.953499999999999570e-01
4.400000e+02 9.956000000000000405e-01
4.600000e+02 9.955899999999999750e-01
4.800000e+02 9.958200000000000385e-01
5.000000e+02 9.955100000000000060e-01
