0.000000000000000000e+00 1.000000000000000000e+00
0.000000000000000000e+00 9.969999999999999973e-01
0.000000000000000000e+00 9.967700000000000449e-01
0.000000000000000000e+00 9.965000000000000524e-01
0.000000000000000000e+00 9.966399999999999704e-01
0.000000000000000000e+00 9.965300000000000269e-01
0.000000000000000000e+00 9.964300000000000379e-01
0.000000000000000000e+00 9.962600000000000344e-01
0.000000000000000000e+00 9.964600000000000124e-01
0.000000000000000000e+00 9.964600000000000124e-01
0.000000000000000000e+00 9.966699999999999449e-01
0.000000000000000000e+00 9.966800000000000104e-01
0.000000000000000000e+00 9.966899999999999649e-01
0.000000000000000000e+00 9.966500000000000359e-01
0.000000000000000000e+00 9.967700000000000449e-01
0.000000000000000000e+00 9.967099999999999849e-01
0.000000000000000000e+00 9.967799999999999994e-01
0.000000000000000000e+00 9.969999999999999973e-01
0.000000000000000000e+00 9.967899999999999539e-01
0.000000000000000000e+00 9.967500000000000249e-01
0.000000000000000000e+00 9.967300000000000049e-01
0.000000000000000000e+00 9.966899999999999649e-01
0.000000000000000000e+00 9.967099999999999849e-01
0.000000000000000000e+00 9.965800000000000214e-01
0.000000000000000000e+00 9.967099999999999849e-01
0.000000000000000000e+00 9.967300000000000049e-01
