0.000000000000000000e+00 1.000000000000000000e+00
0.000000000000000000e+00 9.959400000000000475e-01
0.000000000000000000e+00 9.956099999999999950e-01
0.000000000000000000e+00 9.955500000000000460e-01
0.000000000000000000e+00 9.959200000000000275e-01
0.000000000000000000e+00 9.957099999999999840e-01
0.000000000000000000e+00 9.953999999999999515e-01
0.000000000000000000e+00 9.951999999999999735e-01
0.000000000000000000e+00 9.953400000000000025e-01
0.000000000000000000e+00 9.954300000000000370e-01
0.000000000000000000e+00 9.956399999999999695e-01
0.000000000000000000e+00 9.955100000000000060e-01
0.000000000000000000e+00 9.956000000000000405e-01
0.000000000000000000e+00 9.953100000000000280e-01
0.000000000000000000e+00 9.953199999999999825e-01
0.000000000000000000e+00 9.953100000000000280e-01
0.000000000000000000e+00 9.951999999999999735e-01
0.000000000000000000e+00 9.953999999999999515e-01
0.000000000000000000e+00 9.952800000000000535e-01
0.000000000000000000e+00 9.952499999999999680e-01
0.000000000000000000e+00 9.953100000000000280e-01
0.000000000000000000e+00 9.953499999999999570e-01
0.000000000000000000e+00 9.956000000000000405e-01
0.000000000000000000e+00 9.955899999999999750e-01
0.000000000000000000e+00 9.958200000000000385e-01
0.000000000000000000e+00 9.955100000000000060e-01
