0.000000e+00 1.000000000000000000e+00
2.000000e+01 9.969999999999999973e-01
4.000000e+01 9.967700000000000449e-01
6.000000e+01 9.965000000000000524e-01
8.000000e+01 9.966399999999999704e-01
1.000000e+02 9.965300000000000269e-01
1.200000e+02 9.964300000000000379e-01
1.400000e+02 9.962600000000000344e-01
1.600000e+02 9.964600000000000124e-01
1.800000e+02 9.964600000000000124e-01
2.000000e+02 9.966699999999999449e-01
2.200000e+02 9.966800000000000104e-01
2.400000e+02 9.966899999999999649e-01
2.600000e+02 9.966500000000000359e-01
2.800000e+02 9.967700000000000449e-01
3.000000e+02 9.967099999999999849e-01
3.200000e+02 9.967799999999999994e-01
3.400000e+02 9.969999999999999973e-01
3.600000e+02 9.967899999999999539e-01
3.800000e+02 9.967500000000000249e-01
4.000000e+02 9.967300000000000049e-01
4.200000e+02 9.966899999999999649e-01
4.400000e+02 9.967099999999999849e-01
4.600000e+02 9.965800000000000214e-01
4.800000e+02 9.967099999999999849e-01
5.000000e+02 9.967300000000000049e-01
