0.000000000000000000e+00 1.000000000000000000e+00
1.000000000000000021e-02 9.977970000000000450e-01
2.000000000000000042e-02 9.912069999999999492e-01
2.999999999999999889e-02 9.802800000000000402e-01
4.000000000000000083e-02 9.651049999999999907e-01
5.000000000000000278e-02 9.457999999999999741e-01
5.999999999999999778e-02 9.225179999999999492e-01
7.000000000000000666e-02 8.954419999999999602e-01
8.000000000000000167e-02 8.647839999999999971e-01
8.999999999999999667e-02 8.307849999999999957e-01
1.000000000000000056e-01 7.937079999999999691e-01
1.100000000000000006e-01 7.538399999999999546e-01
1.199999999999999956e-01 7.114880000000000093e-01
1.300000000000000044e-01 6.669760000000000133e-01
1.400000000000000133e-01 6.206409999999999982e-01
1.499999999999999944e-01 5.728309999999999791e-01
1.600000000000000033e-01 5.239040000000000363e-01
1.700000000000000122e-01 4.742190000000000016e-01
1.799999999999999933e-01 4.241369999999999862e-01
1.900000000000000022e-01 3.740200000000000191e-01
2.000000000000000111e-01 3.242200000000000082e-01
2.099999999999999922e-01 2.750839999999999952e-01
2.200000000000000011e-01 2.269460000000000088e-01
2.300000000000000100e-01 1.801260000000000083e-01
2.399999999999999911e-01 1.349269999999999914e-01
2.500000000000000000e-01 9.163300000000000611e-02
2.600000000000000089e-01 5.050600000000000228e-02
2.700000000000000178e-01 1.178300000000000007e-02
2.800000000000000266e-01 -2.432499999999999940e-02
2.899999999999999800e-01 -5.763200000000000267e-02
2.999999999999999889e-01 -8.798300000000000565e-02
3.099999999999999978e-01 -1.152510000000000062e-01
3.200000000000000067e-01 -1.393389999999999906e-01
3.300000000000000155e-01 -1.601829999999999921e-01
3.400000000000000244e-01 -1.777469999999999883e-01
3.499999999999999778e-01 -1.920260000000000022e-01
3.599999999999999867e-01 -2.030460000000000043e-01
3.699999999999999956e-01 -2.108599999999999919e-01
3.800000000000000044e-01 -2.155499999999999916e-01
3.900000000000000133e-01 -2.172260000000000024e-01
4.000000000000000222e-01 -2.160199999999999898e-01
4.099999999999999756e-01 -2.120879999999999987e-01
4.199999999999999845e-01 -2.056089999999999862e-01
4.299999999999999933e-01 -1.967780000000000085e-01
4.400000000000000022e-01 -1.858080000000000009e-01
4.500000000000000111e-01 -1.729259999999999964e-01
4.600000000000000200e-01 -1.583690000000000098e-01
4.699999999999999734e-01 -1.423830000000000096e-01
4.799999999999999822e-01 -1.252220000000000000e-01
4.899999999999999911e-01 -1.071410000000000001e-01
5.000000000000000000e-01 -8.839600000000000235e-02
5.100000000000000089e-01 -6.924199999999999799e-02
5.200000000000000178e-01 -4.992699999999999916e-02
5.300000000000000266e-01 -3.069399999999999906e-02
5.400000000000000355e-01 -1.177500000000000074e-02
5.500000000000000444e-01 6.609000000000000291e-03
5.600000000000000533e-01 2.425000000000000072e-02
5.699999999999999512e-01 4.095800000000000135e-02
5.799999999999999600e-01 5.655799999999999716e-02
5.899999999999999689e-01 7.089399999999999868e-02
5.999999999999999778e-01 8.383200000000000374e-02
6.099999999999999867e-01 9.525599999999999346e-02
6.199999999999999956e-01 1.050740000000000007e-01
6.300000000000000044e-01 1.132129999999999942e-01
6.400000000000000133e-01 1.196269999999999972e-01
6.500000000000000222e-01 1.242869999999999947e-01
6.600000000000000311e-01 1.271879999999999955e-01
6.700000000000000400e-01 1.283479999999999899e-01
6.800000000000000488e-01 1.278029999999999999e-01
6.899999999999999467e-01 1.256110000000000004e-01
6.999999999999999556e-01 1.218449999999999950e-01
7.099999999999999645e-01 1.165979999999999933e-01
7.199999999999999734e-01 1.099780000000000063e-01
7.299999999999999822e-01 1.021070000000000033e-01
7.399999999999999911e-01 9.311700000000000532e-02
7.500000000000000000e-01 8.315400000000000569e-02
7.600000000000000089e-01 7.236900000000000277e-02
7.700000000000000178e-01 6.092000000000000193e-02
7.800000000000000266e-01 4.896999999999999964e-02
7.900000000000000355e-01 3.668400000000000133e-02
8.000000000000000444e-01 2.422699999999999854e-02
8.100000000000000533e-01 1.176100000000000062e-02
8.199999999999999512e-01 -5.540000000000000219e-04
8.299999999999999600e-01 -1.256499999999999978e-02
8.399999999999999689e-01 -2.412600000000000161e-02
8.499999999999999778e-01 -3.509999999999999926e-02
8.599999999999999867e-01 -4.536099999999999854e-02
8.699999999999999956e-01 -5.479400000000000243e-02
8.800000000000000044e-01 -6.329600000000000504e-02
8.900000000000000133e-01 -7.078099999999999670e-02
9.000000000000000222e-01 -7.717400000000000648e-02
9.100000000000000311e-01 -8.241900000000000615e-02
9.200000000000000400e-01 -8.647299999999999431e-02
9.300000000000000488e-01 -8.931000000000000050e-02
9.399999999999999467e-01 -9.091899999999999982e-02
9.499999999999999556e-01 -9.130499999999999727e-02
9.599999999999999645e-01 -9.049000000000000099e-02
9.699999999999999734e-01 -8.850900000000000434e-02
9.799999999999999822e-01 -8.541100000000000081e-02
9.899999999999999911e-01 -8.125799999999999690e-02
1.000000000000000000e+00 -7.612599999999999922e-02
1.010000000000000009e+00 -7.009999999999999565e-02
1.020000000000000018e+00 -6.327499999999999791e-02
1.030000000000000027e+00 -5.575499999999999901e-02
1.040000000000000036e+00 -4.764999999999999791e-02
1.050000000000000044e+00 -3.907499999999999862e-02
1.060000000000000053e+00 -3.015200000000000172e-02
1.070000000000000062e+00 -2.100000000000000130e-02
1.080000000000000071e+00 -1.174299999999999997e-02
1.090000000000000080e+00 -2.501999999999999884e-03
1.100000000000000089e+00 6.603000000000000362e-03
1.110000000000000098e+00 1.545799999999999952e-02
1.120000000000000107e+00 2.395299999999999860e-02
1.129999999999999893e+00 3.198299999999999754e-02
1.139999999999999902e+00 3.945400000000000296e-02
1.149999999999999911e+00 4.627799999999999969e-02
1.159999999999999920e+00 5.237900000000000195e-02
1.169999999999999929e+00 5.768899999999999723e-02
1.179999999999999938e+00 6.215400000000000091e-02
1.189999999999999947e+00 6.572899999999999576e-02
1.199999999999999956e+00 6.838400000000000034e-02
1.209999999999999964e+00 7.009899999999999465e-02
1.219999999999999973e+00 7.086699999999999944e-02
1.229999999999999982e+00 7.069400000000000683e-02
1.239999999999999991e+00 6.959799999999999320e-02
1.250000000000000000e+00 6.760700000000000043e-02
1.260000000000000009e+00 6.476200000000000012e-02
1.270000000000000018e+00 6.111199999999999966e-02
1.280000000000000027e+00 5.671899999999999858e-02
1.290000000000000036e+00 5.165100000000000247e-02
1.300000000000000044e+00 4.598300000000000304e-02
1.310000000000000053e+00 3.979900000000000104e-02
1.320000000000000062e+00 3.318700000000000122e-02
1.330000000000000071e+00 2.623899999999999844e-02
1.340000000000000080e+00 1.905099999999999849e-02
1.350000000000000089e+00 1.171900000000000025e-02
1.360000000000000098e+00 4.342000000000000373e-03
1.370000000000000107e+00 -2.984000000000000107e-03
1.379999999999999893e+00 -1.016599999999999969e-02
1.389999999999999902e+00 -1.711000000000000021e-02
1.399999999999999911e+00 -2.373099999999999862e-02
1.409999999999999920e+00 -2.994700000000000140e-02
1.419999999999999929e+00 -3.568199999999999844e-02
1.429999999999999938e+00 -4.086900000000000255e-02
1.439999999999999947e+00 -4.544800000000000229e-02
1.449999999999999956e+00 -4.936800000000000216e-02
1.459999999999999964e+00 -5.258600000000000080e-02
1.469999999999999973e+00 -5.507000000000000089e-02
1.479999999999999982e+00 -5.679800000000000126e-02
1.489999999999999991e+00 -5.775799999999999684e-02
1.500000000000000000e+00 -5.794699999999999851e-02
1.510000000000000009e+00 -5.737300000000000039e-02
1.520000000000000018e+00 -5.605399999999999966e-02
1.530000000000000027e+00 -5.401600000000000151e-02
1.540000000000000036e+00 -5.129600000000000132e-02
1.550000000000000044e+00 -4.793700000000000044e-02
1.560000000000000053e+00 -4.399299999999999738e-02
1.570000000000000062e+00 -3.952100000000000057e-02
1.580000000000000071e+00 -3.458699999999999969e-02
1.590000000000000080e+00 -2.926099999999999882e-02
1.600000000000000089e+00 -2.361800000000000010e-02
1.610000000000000098e+00 -1.773399999999999976e-02
1.620000000000000107e+00 -1.169100000000000000e-02
1.629999999999999893e+00 -5.568000000000000033e-03
1.639999999999999902e+00 5.540000000000000219e-04
1.649999999999999911e+00 6.594000000000000035e-03
1.659999999999999920e+00 1.247400000000000071e-02
1.669999999999999929e+00 1.812100000000000169e-02
1.679999999999999938e+00 2.346200000000000022e-02
1.689999999999999947e+00 2.843199999999999894e-02
1.699999999999999956e+00 3.296999999999999931e-02
1.709999999999999964e+00 3.702199999999999935e-02
1.719999999999999973e+00 4.053999999999999965e-02
1.729999999999999982e+00 4.348599999999999688e-02
1.739999999999999991e+00 4.582599999999999868e-02
1.750000000000000000e+00 4.753799999999999693e-02
1.760000000000000009e+00 4.860600000000000337e-02
1.770000000000000018e+00 4.902299999999999713e-02
1.780000000000000027e+00 4.879200000000000204e-02
1.790000000000000036e+00 4.792199999999999932e-02
1.800000000000000044e+00 4.643300000000000205e-02
1.810000000000000053e+00 4.434899999999999953e-02
1.820000000000000062e+00 4.170600000000000002e-02
1.830000000000000071e+00 3.854500000000000287e-02
1.840000000000000080e+00 3.491099999999999759e-02
1.850000000000000089e+00 3.085699999999999901e-02
1.860000000000000098e+00 2.644200000000000023e-02
1.870000000000000107e+00 2.172599999999999879e-02
1.879999999999999893e+00 1.677599999999999925e-02
1.889999999999999902e+00 1.165700000000000069e-02
1.899999999999999911e+00 6.439000000000000279e-03
1.909999999999999920e+00 1.190000000000000085e-03
1.919999999999999929e+00 -4.019000000000000003e-03
1.929999999999999938e+00 -9.121000000000000635e-03
1.939999999999999947e+00 -1.405099999999999925e-02
1.949999999999999956e+00 -1.874500000000000124e-02
1.959999999999999964e+00 -2.314599999999999991e-02
1.969999999999999973e+00 -2.719699999999999895e-02
1.979999999999999982e+00 -3.084999999999999895e-02
1.989999999999999991e+00 -3.406100000000000100e-02
