0.000000000000000000e+00 0.000000000000000000e+00
8.787300000000000111e-01 6.091687000000000296e+01
1.757460000000000022e+00 1.849952000000000041e+01
2.636179999999999968e+00 1.038067999999999991e+01
3.514909999999999979e+00 5.550760000000000360e+00
4.393640000000000434e+00 3.319370000000000154e+00
5.272369999999999557e+00 1.497959999999999958e+00
6.151089999999999947e+00 8.068300000000000471e-01
7.029819999999999958e+00 4.055400000000000116e-01
7.908549999999999969e+00 3.775499999999999967e-01
8.787280000000000868e+00 4.069230000000000125e+00
9.666009999999999991e+00 6.092842999999999876e+01
1.054472999999999949e+01 6.500300000000000189e+00
1.142346000000000039e+01 5.657878000000000185e+01
1.230218999999999951e+01 6.163249999999999673e+00
1.318092000000000041e+01 6.268849999999999589e+00
1.405964999999999954e+01 1.288687999999999967e+01
1.493837000000000081e+01 1.574463000000000079e+01
1.581709999999999994e+01 1.613586000000000098e+01
1.669583000000000084e+01 4.287659999999999805e+00
1.757456000000000174e+01 2.458559999999999857e+00
1.845327999999999946e+01 4.753709999999999880e+00
1.933201000000000036e+01 5.081769999999999676e+00
2.021074000000000126e+01 9.043950000000000600e+00
2.108946999999999861e+01 2.877940000000000165e+00
2.196819999999999951e+01 4.679140000000000299e+00
2.284692000000000078e+01 6.085849999999999760e+00
2.372565000000000168e+01 7.489830000000000432e+00
2.460437999999999903e+01 4.788109999999999644e+00
2.548310999999999993e+01 5.436779999999999724e+00
2.636184000000000083e+01 6.402099999999999902e+00
2.724055999999999855e+01 4.374100000000000321e+00
2.811928999999999945e+01 4.061250000000000249e+00
2.899802000000000035e+01 2.323069999999999968e+00
2.987675000000000125e+01 2.556200000000000028e+00
3.075546999999999898e+01 3.050279999999999880e+00
3.163419999999999987e+01 2.729760000000000186e+00
3.251292999999999722e+01 2.179240000000000066e+00
3.339166000000000167e+01 2.381120000000000125e+00
3.427038999999999902e+01 2.052080000000000126e+00
3.514911000000000030e+01 1.812789999999999901e+00
3.602783999999999764e+01 1.999730000000000008e+00
3.690657000000000210e+01 2.438600000000000101e+00
3.778529999999999944e+01 2.291440000000000143e+00
3.866402999999999679e+01 1.672509999999999941e+00
3.954274999999999807e+01 1.709170000000000078e+00
4.042148000000000252e+01 1.488909999999999956e+00
4.130020999999999987e+01 1.606600000000000028e+00
4.217893999999999721e+01 1.321960000000000024e+00
4.305765999999999849e+01 1.111380000000000035e+00
4.393639000000000294e+01 1.153210000000000068e+00
4.481512000000000029e+01 1.156549999999999967e+00
4.569384999999999764e+01 1.094230000000000036e+00
4.657258000000000209e+01 1.078729999999999967e+00
4.745130000000000337e+01 1.053770000000000095e+00
4.833003000000000071e+01 1.056550000000000100e+00
4.920875999999999806e+01 1.114249999999999963e+00
5.008749000000000251e+01 9.919200000000000239e-01
5.096620999999999668e+01 8.804600000000000204e-01
5.184494000000000113e+01 9.391199999999999548e-01
5.272366999999999848e+01 8.791999999999999815e-01
5.360240000000000293e+01 7.789599999999999858e-01
5.448113000000000028e+01 7.439500000000000002e-01
5.535985000000000156e+01 7.341699999999999893e-01
5.623857999999999890e+01 6.983500000000000263e-01
5.711731000000000336e+01 7.161899999999999933e-01
5.799604000000000070e+01 6.519800000000000040e-01
5.887476999999999805e+01 6.173600000000000199e-01
