0.000000000000000000e+00 0.000000000000000000e+00
8.787300000000000111e-01 5.880199000000000353e+01
1.757460000000000022e+00 1.647031000000000134e+01
2.636179999999999968e+00 8.066050000000000608e+00
3.514909999999999979e+00 3.595990000000000020e+00
4.393640000000000434e+00 1.555099999999999927e+00
5.272369999999999557e+00 4.959899999999999864e-01
6.151089999999999947e+00 1.065609999999999946e+00
7.029819999999999958e+00 2.193770000000000220e+00
7.908549999999999969e+00 2.026699999999999946e+00
8.787280000000000868e+00 2.978829999999999867e+00
9.666009999999999991e+00 7.073150000000000048e+00
1.054472999999999949e+01 3.532039999999999846e+00
1.142346000000000039e+01 9.481999999999999318e+00
1.230218999999999951e+01 7.459349999999999703e+00
1.318092000000000041e+01 1.390011999999999937e+01
1.405964999999999954e+01 1.428603000000000023e+01
1.493837000000000081e+01 1.573901000000000039e+01
1.581709999999999994e+01 1.524872000000000050e+01
1.669583000000000084e+01 6.379609999999999559e+00
1.757456000000000174e+01 5.430740000000000123e+00
1.845327999999999946e+01 6.333059999999999690e+00
1.933201000000000036e+01 6.939919999999999867e+00
2.021074000000000126e+01 7.854260000000000019e+00
2.108946999999999861e+01 5.020400000000000418e+00
2.196819999999999951e+01 4.248579999999999579e+00
2.284692000000000078e+01 3.858260000000000023e+00
2.372565000000000168e+01 7.062280000000000335e+00
2.460437999999999903e+01 5.066510000000000069e+00
2.548310999999999993e+01 3.178920000000000190e+00
2.636184000000000083e+01 3.531590000000000007e+00
2.724055999999999855e+01 3.825369999999999937e+00
2.811928999999999945e+01 3.585379999999999789e+00
2.899802000000000035e+01 2.586430000000000007e+00
2.987675000000000125e+01 2.819869999999999877e+00
3.075546999999999898e+01 3.254059999999999953e+00
3.163419999999999987e+01 3.201470000000000038e+00
3.251292999999999722e+01 2.640429999999999833e+00
3.339166000000000167e+01 2.445009999999999906e+00
3.427038999999999902e+01 2.329099999999999948e+00
3.514911000000000030e+01 1.733119999999999994e+00
3.602783999999999764e+01 1.967740000000000045e+00
3.690657000000000210e+01 1.874319999999999986e+00
3.778529999999999944e+01 1.848940000000000028e+00
3.866402999999999679e+01 1.538000000000000034e+00
3.954274999999999807e+01 1.601509999999999989e+00
4.042148000000000252e+01 1.558159999999999989e+00
4.130020999999999987e+01 1.380489999999999995e+00
4.217893999999999721e+01 1.266499999999999959e+00
4.305765999999999849e+01 1.368919999999999915e+00
4.393639000000000294e+01 1.355399999999999938e+00
4.481512000000000029e+01 1.251849999999999907e+00
4.569384999999999764e+01 1.106980000000000075e+00
4.657258000000000209e+01 1.066969999999999974e+00
4.745130000000000337e+01 1.052059999999999995e+00
4.833003000000000071e+01 1.032389999999999919e+00
4.920875999999999806e+01 9.977800000000000002e-01
5.008749000000000251e+01 9.193900000000000405e-01
5.096620999999999668e+01 8.469100000000000517e-01
5.184494000000000113e+01 8.605399999999999716e-01
5.272366999999999848e+01 8.482600000000000140e-01
5.360240000000000293e+01 7.936800000000000521e-01
5.448113000000000028e+01 7.843499999999999917e-01
5.535985000000000156e+01 7.749800000000000022e-01
5.623857999999999890e+01 7.271499999999999631e-01
5.711731000000000336e+01 7.007799999999999585e-01
5.799604000000000070e+01 6.745499999999999829e-01
5.887476999999999805e+01 6.420299999999999896e-01
