0.000000000000000000e+00 0.000000000000000000e+00
8.787300000000000111e-01 6.010904000000000025e+01
1.757460000000000022e+00 1.732339999999999947e+01
2.636179999999999968e+00 8.883829999999999671e+00
3.514909999999999979e+00 4.045219999999999594e+00
4.393640000000000434e+00 1.934479999999999977e+00
5.272369999999999557e+00 6.998400000000000176e-01
6.151089999999999947e+00 9.089899999999999647e-01
7.029819999999999958e+00 1.560950000000000060e+00
7.908549999999999969e+00 1.559979999999999922e+00
8.787280000000000868e+00 2.284100000000000019e+00
9.666009999999999991e+00 1.370689999999999964e+00
1.054472999999999949e+01 2.748429999999999929e+00
1.142346000000000039e+01 1.221249000000000073e+01
1.230218999999999951e+01 8.264689999999999870e+00
1.318092000000000041e+01 1.397312999999999938e+01
1.405964999999999954e+01 1.545185999999999993e+01
1.493837000000000081e+01 1.653633999999999915e+01
1.581709999999999994e+01 1.566357999999999961e+01
1.669583000000000084e+01 6.915009999999999657e+00
1.757456000000000174e+01 5.427130000000000010e+00
1.845327999999999946e+01 6.456479999999999997e+00
1.933201000000000036e+01 7.335280000000000022e+00
2.021074000000000126e+01 6.914380000000000415e+00
2.108946999999999861e+01 4.504570000000000185e+00
2.196819999999999951e+01 4.081900000000000084e+00
2.284692000000000078e+01 3.297649999999999970e+00
2.372565000000000168e+01 6.347480000000000011e+00
2.460437999999999903e+01 5.380760000000000431e+00
2.548310999999999993e+01 3.275819999999999954e+00
2.636184000000000083e+01 3.917600000000000193e+00
2.724055999999999855e+01 3.961749999999999883e+00
2.811928999999999945e+01 3.399939999999999962e+00
2.899802000000000035e+01 2.680680000000000174e+00
2.987675000000000125e+01 2.865060000000000162e+00
3.075546999999999898e+01 3.342830000000000190e+00
3.163419999999999987e+01 3.515530000000000044e+00
3.251292999999999722e+01 2.626189999999999802e+00
3.339166000000000167e+01 2.226550000000000029e+00
3.427038999999999902e+01 2.404609999999999914e+00
3.514911000000000030e+01 1.790529999999999955e+00
3.602783999999999764e+01 1.821059999999999901e+00
3.690657000000000210e+01 1.898109999999999964e+00
3.778529999999999944e+01 1.974949999999999983e+00
3.866402999999999679e+01 1.498320000000000096e+00
3.954274999999999807e+01 1.589809999999999945e+00
4.042148000000000252e+01 1.448700000000000099e+00
4.130020999999999987e+01 1.459300000000000042e+00
4.217893999999999721e+01 1.296750000000000069e+00
4.305765999999999849e+01 1.365730000000000111e+00
4.393639000000000294e+01 1.370840000000000058e+00
4.481512000000000029e+01 1.282289999999999930e+00
4.569384999999999764e+01 1.201270000000000060e+00
4.657258000000000209e+01 1.143199999999999994e+00
4.745130000000000337e+01 1.052400000000000002e+00
4.833003000000000071e+01 9.920099999999999474e-01
4.920875999999999806e+01 9.412700000000000511e-01
5.008749000000000251e+01 8.852999999999999758e-01
5.096620999999999668e+01 8.201500000000000457e-01
5.184494000000000113e+01 8.221800000000000219e-01
5.272366999999999848e+01 8.312399999999999789e-01
5.360240000000000293e+01 7.939000000000000501e-01
5.448113000000000028e+01 7.901099999999999790e-01
5.535985000000000156e+01 7.909399999999999764e-01
5.623857999999999890e+01 7.600999999999999979e-01
5.711731000000000336e+01 7.398400000000000531e-01
5.799604000000000070e+01 6.868900000000000006e-01
5.887476999999999805e+01 6.476899999999999880e-01
