
# frame count and equilibrium distance between CLm:CL1 and CLm:CL1 in nm, the last line is the average, %d %.6f
1 0.575437
2 0.575302
3 0.576297
4 0.575633
5 0.573054
6 0.570931
7 0.569108
8 0.568410
9 0.565543
10 0.563215
11 0.563838
12 0.558858
13 0.574761
14 0.576513
15 0.575764
16 0.573864
17 0.572974
18 0.569729
19 0.567993
20 0.565510
21 0.566523
22 0.563790
23 0.564995
24 0.563187
25 0.564294
26 0.571313
27 0.569673
28 0.568877
29 0.567747
30 0.567306
31 0.567924
32 0.566829
33 0.566991
34 0.569272
35 0.563829
36 0.564903
37 0.562857
38 0.563803
39 0.566061
40 0.569213
41 0.569430
42 0.571713
43 0.572785
44 0.573330
45 0.570970
46 0.572386
47 0.571737
48 0.569972
49 0.573234
50 0.571958
51 0.574590
52 0.570636
53 0.571719
54 0.572543
55 0.571866
56 0.573214
57 0.571864
58 0.571766
59 0.571992
60 0.570402
61 0.571433
62 0.572609
63 0.573131
64 0.570939
65 0.573844
66 0.571128
67 0.570699
68 0.570794
69 0.572422
70 0.572735
71 0.574421
72 0.572425
73 0.570297
74 0.571788
75 0.574059
76 0.572961
77 0.572559
78 0.570223
79 0.571630
80 0.570923
81 0.572188
82 0.572682
83 0.572725
84 0.570691
85 0.572127
86 0.573592
87 0.571064
88 0.572087
89 0.571535
90 0.571840
91 0.572819
92 0.570480
93 0.570525
94 0.572979
95 0.572079
96 0.572790
97 0.574978
98 0.573350
99 0.569709
100 0.569684
101 0.572220
-1 0.570628
