
# frame count and equilibrium distance between CLm:CL1 and CLm:CL2 in nm, the last line is the average, %d %.6f
1 0.447485
2 0.446199
3 0.446779
4 0.448458
5 0.447963
6 0.447294
7 0.449720
8 0.450722
9 0.450360
10 0.452488
11 0.454184
12 0.458711
13 0.455563
14 0.455353
15 0.454868
16 0.454219
17 0.455809
18 0.455976
19 0.455397
20 0.455803
21 0.457483
22 0.457465
23 0.459006
24 0.464610
25 0.458138
26 0.457902
27 0.457967
28 0.456208
29 0.456800
30 0.458243
31 0.457772
32 0.458995
33 0.461027
34 0.463837
35 0.461502
36 0.461387
37 0.462424
38 0.461986
39 0.461992
40 0.458039
41 0.459811
42 0.460623
43 0.459643
44 0.460132
45 0.460124
46 0.459758
47 0.459490
48 0.458713
49 0.460119
50 0.460284
51 0.459200
52 0.459476
53 0.459530
54 0.459245
55 0.460713
56 0.460521
57 0.460653
58 0.458777
59 0.460564
60 0.459363
61 0.460720
62 0.458324
63 0.461510
64 0.459654
65 0.459157
66 0.459624
67 0.458982
68 0.460024
69 0.458817
70 0.460054
71 0.460313
72 0.460406
73 0.459577
74 0.459559
75 0.460748
76 0.460193
77 0.460317
78 0.460708
79 0.458152
80 0.459836
81 0.459178
82 0.458821
83 0.458238
84 0.462728
85 0.460909
86 0.461569
87 0.459149
88 0.460465
89 0.460211
90 0.459560
91 0.460119
92 0.460447
93 0.460162
94 0.462452
95 0.459834
96 0.460948
97 0.461671
98 0.463984
99 0.460252
100 0.459379
101 0.460117
-1 0.458413
