
# frame count and equilibrium distance between CLm:CL1 and CLm:CL3 in nm, the last line is the average, %d %.6f
1 0.459016
2 0.460469
3 0.460303
4 0.461493
5 0.460083
6 0.459766
7 0.459931
8 0.460264
9 0.459070
10 0.461020
11 0.461253
12 0.466496
13 0.466323
14 0.466964
15 0.467145
16 0.465131
17 0.465913
18 0.464668
19 0.463011
20 0.465507
21 0.463145
22 0.464857
23 0.466400
24 0.471641
25 0.467738
26 0.468449
27 0.468177
28 0.468050
29 0.467012
30 0.466851
31 0.467596
32 0.467643
33 0.467813
34 0.470347
35 0.467415
36 0.468559
37 0.470436
38 0.468624
39 0.469328
40 0.468599
41 0.470102
42 0.471323
43 0.470192
44 0.470007
45 0.470171
46 0.469367
47 0.468823
48 0.467825
49 0.469207
50 0.469964
51 0.470369
52 0.470004
53 0.470690
54 0.470094
55 0.470947
56 0.470879
57 0.469282
58 0.469118
59 0.468894
60 0.470187
61 0.469210
62 0.469654
63 0.470474
64 0.467827
65 0.470031
66 0.469807
67 0.469705
68 0.468194
69 0.470185
70 0.471700
71 0.471774
72 0.469395
73 0.470400
74 0.469452
75 0.470638
76 0.469361
77 0.470937
78 0.471464
79 0.470067
80 0.469818
81 0.469985
82 0.470747
83 0.469862
84 0.470064
85 0.471018
86 0.471207
87 0.469333
88 0.468442
89 0.469208
90 0.469209
91 0.469274
92 0.471340
93 0.468546
94 0.470228
95 0.469967
96 0.471530
97 0.471788
98 0.470544
99 0.470891
100 0.469012
101 0.470248
-1 0.468143
