
# frame count and equilibrium distance between CLm:CL2 and CLm:CL2 in nm, the last line is the average, %d %.6f
1 0.525414
2 0.527638
3 0.527084
4 0.525792
5 0.526747
6 0.526421
7 0.526916
8 0.526263
9 0.527392
10 0.527806
11 0.525225
12 0.533757
13 0.535748
14 0.536624
15 0.536818
16 0.535851
17 0.534365
18 0.534704
19 0.531140
20 0.532457
21 0.532283
22 0.530849
23 0.532495
24 0.534379
25 0.533573
26 0.534554
27 0.535535
28 0.535931
29 0.533532
30 0.535090
31 0.535803
32 0.534635
33 0.533694
34 0.534828
35 0.536781
36 0.534529
37 0.537748
38 0.534596
39 0.536888
40 0.537000
41 0.536549
42 0.538088
43 0.538037
44 0.535869
45 0.537155
46 0.532913
47 0.534774
48 0.534271
49 0.536532
50 0.535461
51 0.535780
52 0.536449
53 0.535587
54 0.534626
55 0.535414
56 0.536270
57 0.536596
58 0.534536
59 0.535854
60 0.537386
61 0.538995
62 0.534588
63 0.535056
64 0.537344
65 0.536781
66 0.537145
67 0.534951
68 0.536521
69 0.535670
70 0.536643
71 0.535755
72 0.536831
73 0.535288
74 0.537062
75 0.536654
76 0.537796
77 0.535603
78 0.537323
79 0.536384
80 0.539541
81 0.536198
82 0.538678
83 0.535298
84 0.537588
85 0.535231
86 0.536557
87 0.534408
88 0.536470
89 0.534274
90 0.535111
91 0.535264
92 0.537973
93 0.533151
94 0.535995
95 0.536178
96 0.535641
97 0.536155
98 0.538753
99 0.535066
100 0.536848
101 0.536388
-1 0.534715
