
# frame count and equilibrium distance between CLm:CL2 and CLm:CL3 in nm, the last line is the average, %d %.6f
1 0.401834
2 0.401558
3 0.402170
4 0.403116
5 0.403239
6 0.404329
7 0.405670
8 0.406682
9 0.408018
10 0.408839
11 0.409972
12 0.405930
13 0.399648
14 0.401179
15 0.402705
16 0.404120
17 0.405240
18 0.406733
19 0.407655
20 0.408993
21 0.409780
22 0.411499
23 0.411879
24 0.410793
25 0.405485
26 0.402677
27 0.403252
28 0.405580
29 0.407814
30 0.409375
31 0.410645
32 0.411707
33 0.411024
34 0.410768
35 0.408022
36 0.409849
37 0.411798
38 0.411792
39 0.410832
40 0.407979
41 0.409669
42 0.410166
43 0.408869
44 0.411045
45 0.409815
46 0.410408
47 0.410973
48 0.409920
49 0.410097
50 0.411771
51 0.410013
52 0.412090
53 0.410941
54 0.411160
55 0.410545
56 0.410297
57 0.408515
58 0.410268
59 0.409794
60 0.410381
61 0.411314
62 0.409686
63 0.411036
64 0.410921
65 0.410508
66 0.411495
67 0.411134
68 0.409892
69 0.409801
70 0.409584
71 0.413377
72 0.410084
73 0.410437
74 0.410488
75 0.411418
76 0.410015
77 0.411180
78 0.410860
79 0.410046
80 0.410010
81 0.410165
82 0.410937
83 0.410588
84 0.410088
85 0.410898
86 0.410618
87 0.409976
88 0.410770
89 0.410160
90 0.410227
91 0.410589
92 0.410484
93 0.410591
94 0.410446
95 0.410137
96 0.410601
97 0.411594
98 0.409995
99 0.409552
100 0.409350
101 0.409944
-1 0.409088
