
# frame count and equilibrium distance between CLm:CL3 and CLm:CL3 in nm, the last line is the average, %d %.6f
1 0.528985
2 0.527109
3 0.527022
4 0.529626
5 0.530102
6 0.527929
7 0.527634
8 0.528069
9 0.527776
10 0.527514
11 0.528593
12 0.535875
13 0.537205
14 0.539126
15 0.537483
16 0.535210
17 0.536820
18 0.534368
19 0.533093
20 0.530644
21 0.533784
22 0.531609
23 0.532377
24 0.535975
25 0.533593
26 0.535641
27 0.534543
28 0.537933
29 0.533124
30 0.535029
31 0.536750
32 0.534117
33 0.535829
34 0.536546
35 0.538107
36 0.537517
37 0.535409
38 0.536745
39 0.536758
40 0.535666
41 0.535495
42 0.537203
43 0.538172
44 0.538583
45 0.536850
46 0.536416
47 0.535783
48 0.534197
49 0.537221
50 0.536447
51 0.538840
52 0.537153
53 0.534882
54 0.536653
55 0.535023
56 0.537641
57 0.536974
58 0.534410
59 0.537380
60 0.534645
61 0.537067
62 0.536142
63 0.535219
64 0.536311
65 0.538250
66 0.538725
67 0.535017
68 0.537617
69 0.537760
70 0.537056
71 0.536008
72 0.539654
73 0.535123
74 0.538386
75 0.537963
76 0.537591
77 0.536558
78 0.537356
79 0.537539
80 0.536323
81 0.536882
82 0.537963
83 0.538213
84 0.538226
85 0.539574
86 0.539048
87 0.536783
88 0.537294
89 0.536670
90 0.536960
91 0.535887
92 0.537866
93 0.534658
94 0.534823
95 0.539041
96 0.537973
97 0.538112
98 0.535700
99 0.537625
100 0.535671
101 0.537043
-1 0.535553
