0.000000000000000000e+00 0.000000000000000000e+00
2.000000000000000042e-03 0.000000000000000000e+00
4.000000000000000083e-03 0.000000000000000000e+00
6.000000000000000125e-03 0.000000000000000000e+00
8.000000000000000167e-03 0.000000000000000000e+00
1.000000000000000021e-02 0.000000000000000000e+00
1.200000000000000025e-02 0.000000000000000000e+00
1.400000000000000029e-02 0.000000000000000000e+00
1.600000000000000033e-02 0.000000000000000000e+00
1.799999999999999864e-02 0.000000000000000000e+00
2.000000000000000042e-02 0.000000000000000000e+00
2.199999999999999872e-02 0.000000000000000000e+00
2.400000000000000050e-02 0.000000000000000000e+00
2.599999999999999881e-02 0.000000000000000000e+00
2.800000000000000058e-02 0.000000000000000000e+00
2.999999999999999889e-02 0.000000000000000000e+00
3.200000000000000067e-02 0.000000000000000000e+00
3.400000000000000244e-02 0.000000000000000000e+00
3.599999999999999728e-02 0.000000000000000000e+00
3.799999999999999906e-02 0.000000000000000000e+00
4.000000000000000083e-02 0.000000000000000000e+00
4.200000000000000261e-02 0.000000000000000000e+00
4.399999999999999745e-02 0.000000000000000000e+00
4.599999999999999922e-02 0.000000000000000000e+00
4.800000000000000100e-02 0.000000000000000000e+00
5.000000000000000278e-02 0.000000000000000000e+00
5.199999999999999761e-02 0.000000000000000000e+00
5.399999999999999939e-02 0.000000000000000000e+00
5.600000000000000117e-02 0.000000000000000000e+00
5.800000000000000294e-02 0.000000000000000000e+00
5.999999999999999778e-02 0.000000000000000000e+00
6.199999999999999956e-02 0.000000000000000000e+00
6.400000000000000133e-02 0.000000000000000000e+00
6.600000000000000311e-02 0.000000000000000000e+00
6.800000000000000488e-02 0.000000000000000000e+00
7.000000000000000666e-02 0.000000000000000000e+00
7.199999999999999456e-02 0.000000000000000000e+00
7.399999999999999634e-02 0.000000000000000000e+00
7.599999999999999811e-02 0.000000000000000000e+00
7.799999999999999989e-02 0.000000000000000000e+00
8.000000000000000167e-02 0.000000000000000000e+00
8.200000000000000344e-02 0.000000000000000000e+00
8.400000000000000522e-02 0.000000000000000000e+00
8.599999999999999312e-02 0.000000000000000000e+00
8.799999999999999489e-02 0.000000000000000000e+00
8.999999999999999667e-02 0.000000000000000000e+00
9.199999999999999845e-02 0.000000000000000000e+00
9.400000000000000022e-02 0.000000000000000000e+00
9.600000000000000200e-02 0.000000000000000000e+00
9.800000000000000377e-02 0.000000000000000000e+00
1.000000000000000056e-01 0.000000000000000000e+00
1.019999999999999934e-01 0.000000000000000000e+00
1.039999999999999952e-01 0.000000000000000000e+00
1.059999999999999970e-01 0.000000000000000000e+00
1.079999999999999988e-01 0.000000000000000000e+00
1.100000000000000006e-01 0.000000000000000000e+00
1.120000000000000023e-01 0.000000000000000000e+00
1.140000000000000041e-01 0.000000000000000000e+00
1.160000000000000059e-01 0.000000000000000000e+00
1.179999999999999938e-01 0.000000000000000000e+00
1.199999999999999956e-01 0.000000000000000000e+00
1.219999999999999973e-01 0.000000000000000000e+00
1.239999999999999991e-01 0.000000000000000000e+00
1.260000000000000009e-01 0.000000000000000000e+00
1.280000000000000027e-01 0.000000000000000000e+00
1.300000000000000044e-01 0.000000000000000000e+00
1.320000000000000062e-01 0.000000000000000000e+00
1.340000000000000080e-01 0.000000000000000000e+00
1.360000000000000098e-01 0.000000000000000000e+00
1.380000000000000115e-01 0.000000000000000000e+00
1.400000000000000133e-01 0.000000000000000000e+00
1.419999999999999873e-01 0.000000000000000000e+00
1.439999999999999891e-01 0.000000000000000000e+00
1.459999999999999909e-01 0.000000000000000000e+00
1.479999999999999927e-01 0.000000000000000000e+00
1.499999999999999944e-01 0.000000000000000000e+00
1.519999999999999962e-01 0.000000000000000000e+00
1.539999999999999980e-01 0.000000000000000000e+00
1.559999999999999998e-01 0.000000000000000000e+00
1.580000000000000016e-01 0.000000000000000000e+00
1.600000000000000033e-01 0.000000000000000000e+00
1.620000000000000051e-01 0.000000000000000000e+00
1.640000000000000069e-01 0.000000000000000000e+00
1.660000000000000087e-01 0.000000000000000000e+00
1.680000000000000104e-01 0.000000000000000000e+00
1.700000000000000122e-01 0.000000000000000000e+00
1.719999999999999862e-01 0.000000000000000000e+00
1.739999999999999880e-01 0.000000000000000000e+00
1.759999999999999898e-01 0.000000000000000000e+00
1.779999999999999916e-01 0.000000000000000000e+00
1.799999999999999933e-01 0.000000000000000000e+00
1.819999999999999951e-01 0.000000000000000000e+00
1.839999999999999969e-01 0.000000000000000000e+00
1.859999999999999987e-01 0.000000000000000000e+00
1.880000000000000004e-01 0.000000000000000000e+00
1.900000000000000022e-01 0.000000000000000000e+00
1.920000000000000040e-01 0.000000000000000000e+00
1.940000000000000058e-01 0.000000000000000000e+00
1.960000000000000075e-01 0.000000000000000000e+00
1.980000000000000093e-01 0.000000000000000000e+00
2.000000000000000111e-01 0.000000000000000000e+00
2.020000000000000129e-01 0.000000000000000000e+00
2.039999999999999869e-01 0.000000000000000000e+00
2.059999999999999887e-01 0.000000000000000000e+00
2.079999999999999905e-01 0.000000000000000000e+00
2.099999999999999922e-01 0.000000000000000000e+00
2.119999999999999940e-01 0.000000000000000000e+00
2.139999999999999958e-01 0.000000000000000000e+00
2.159999999999999976e-01 0.000000000000000000e+00
2.179999999999999993e-01 0.000000000000000000e+00
2.200000000000000011e-01 0.000000000000000000e+00
2.220000000000000029e-01 0.000000000000000000e+00
2.240000000000000047e-01 0.000000000000000000e+00
2.260000000000000064e-01 0.000000000000000000e+00
2.280000000000000082e-01 0.000000000000000000e+00
2.300000000000000100e-01 0.000000000000000000e+00
2.320000000000000118e-01 0.000000000000000000e+00
2.340000000000000135e-01 0.000000000000000000e+00
2.359999999999999876e-01 0.000000000000000000e+00
2.379999999999999893e-01 0.000000000000000000e+00
2.399999999999999911e-01 0.000000000000000000e+00
2.419999999999999929e-01 0.000000000000000000e+00
2.439999999999999947e-01 0.000000000000000000e+00
2.459999999999999964e-01 0.000000000000000000e+00
2.479999999999999982e-01 0.000000000000000000e+00
2.500000000000000000e-01 0.000000000000000000e+00
2.520000000000000018e-01 0.000000000000000000e+00
2.540000000000000036e-01 0.000000000000000000e+00
2.560000000000000053e-01 0.000000000000000000e+00
2.580000000000000071e-01 0.000000000000000000e+00
2.600000000000000089e-01 0.000000000000000000e+00
2.620000000000000107e-01 0.000000000000000000e+00
2.640000000000000124e-01 0.000000000000000000e+00
2.660000000000000142e-01 0.000000000000000000e+00
2.680000000000000160e-01 0.000000000000000000e+00
2.700000000000000178e-01 0.000000000000000000e+00
2.720000000000000195e-01 0.000000000000000000e+00
2.740000000000000213e-01 0.000000000000000000e+00
2.760000000000000231e-01 0.000000000000000000e+00
2.780000000000000249e-01 0.000000000000000000e+00
2.800000000000000266e-01 0.000000000000000000e+00
2.819999999999999729e-01 0.000000000000000000e+00
2.839999999999999747e-01 0.000000000000000000e+00
2.859999999999999765e-01 0.000000000000000000e+00
2.879999999999999782e-01 0.000000000000000000e+00
2.899999999999999800e-01 0.000000000000000000e+00
2.919999999999999818e-01 0.000000000000000000e+00
2.939999999999999836e-01 0.000000000000000000e+00
2.959999999999999853e-01 0.000000000000000000e+00
2.979999999999999871e-01 0.000000000000000000e+00
2.999999999999999889e-01 0.000000000000000000e+00
3.019999999999999907e-01 0.000000000000000000e+00
3.039999999999999925e-01 0.000000000000000000e+00
3.059999999999999942e-01 0.000000000000000000e+00
3.079999999999999960e-01 0.000000000000000000e+00
3.099999999999999978e-01 0.000000000000000000e+00
3.119999999999999996e-01 0.000000000000000000e+00
3.140000000000000013e-01 0.000000000000000000e+00
3.160000000000000031e-01 0.000000000000000000e+00
3.180000000000000049e-01 0.000000000000000000e+00
3.200000000000000067e-01 0.000000000000000000e+00
3.220000000000000084e-01 0.000000000000000000e+00
3.240000000000000102e-01 0.000000000000000000e+00
3.260000000000000120e-01 0.000000000000000000e+00
3.280000000000000138e-01 0.000000000000000000e+00
3.300000000000000155e-01 0.000000000000000000e+00
3.320000000000000173e-01 0.000000000000000000e+00
3.340000000000000191e-01 0.000000000000000000e+00
3.360000000000000209e-01 0.000000000000000000e+00
3.380000000000000226e-01 0.000000000000000000e+00
3.400000000000000244e-01 0.000000000000000000e+00
3.420000000000000262e-01 0.000000000000000000e+00
3.439999999999999725e-01 0.000000000000000000e+00
3.459999999999999742e-01 0.000000000000000000e+00
3.479999999999999760e-01 0.000000000000000000e+00
3.499999999999999778e-01 0.000000000000000000e+00
3.519999999999999796e-01 0.000000000000000000e+00
3.539999999999999813e-01 0.000000000000000000e+00
3.559999999999999831e-01 0.000000000000000000e+00
3.579999999999999849e-01 0.000000000000000000e+00
3.599999999999999867e-01 0.000000000000000000e+00
3.619999999999999885e-01 0.000000000000000000e+00
3.639999999999999902e-01 0.000000000000000000e+00
3.659999999999999920e-01 0.000000000000000000e+00
3.679999999999999938e-01 0.000000000000000000e+00
3.699999999999999956e-01 0.000000000000000000e+00
3.719999999999999973e-01 0.000000000000000000e+00
3.739999999999999991e-01 0.000000000000000000e+00
3.760000000000000009e-01 0.000000000000000000e+00
3.780000000000000027e-01 0.000000000000000000e+00
3.800000000000000044e-01 0.000000000000000000e+00
3.820000000000000062e-01 0.000000000000000000e+00
3.840000000000000080e-01 0.000000000000000000e+00
3.860000000000000098e-01 0.000000000000000000e+00
3.880000000000000115e-01 0.000000000000000000e+00
3.900000000000000133e-01 0.000000000000000000e+00
3.920000000000000151e-01 0.000000000000000000e+00
3.940000000000000169e-01 0.000000000000000000e+00
3.960000000000000187e-01 0.000000000000000000e+00
3.980000000000000204e-01 0.000000000000000000e+00
4.000000000000000222e-01 0.000000000000000000e+00
4.020000000000000240e-01 0.000000000000000000e+00
4.040000000000000258e-01 0.000000000000000000e+00
4.060000000000000275e-01 0.000000000000000000e+00
4.079999999999999738e-01 0.000000000000000000e+00
4.099999999999999756e-01 0.000000000000000000e+00
4.119999999999999774e-01 0.000000000000000000e+00
4.139999999999999791e-01 0.000000000000000000e+00
4.159999999999999809e-01 0.000000000000000000e+00
4.179999999999999827e-01 0.000000000000000000e+00
4.199999999999999845e-01 0.000000000000000000e+00
4.219999999999999862e-01 0.000000000000000000e+00
4.239999999999999880e-01 0.000000000000000000e+00
4.259999999999999898e-01 0.000000000000000000e+00
4.279999999999999916e-01 0.000000000000000000e+00
4.299999999999999933e-01 0.000000000000000000e+00
4.319999999999999951e-01 0.000000000000000000e+00
4.339999999999999969e-01 0.000000000000000000e+00
4.359999999999999987e-01 0.000000000000000000e+00
4.380000000000000004e-01 0.000000000000000000e+00
4.400000000000000022e-01 0.000000000000000000e+00
4.420000000000000040e-01 0.000000000000000000e+00
4.440000000000000058e-01 0.000000000000000000e+00
4.460000000000000075e-01 0.000000000000000000e+00
4.480000000000000093e-01 0.000000000000000000e+00
4.500000000000000111e-01 0.000000000000000000e+00
4.520000000000000129e-01 0.000000000000000000e+00
4.540000000000000147e-01 0.000000000000000000e+00
4.560000000000000164e-01 0.000000000000000000e+00
4.580000000000000182e-01 0.000000000000000000e+00
4.600000000000000200e-01 0.000000000000000000e+00
4.620000000000000218e-01 0.000000000000000000e+00
4.640000000000000235e-01 0.000000000000000000e+00
4.660000000000000253e-01 0.000000000000000000e+00
4.680000000000000271e-01 0.000000000000000000e+00
4.699999999999999734e-01 0.000000000000000000e+00
4.719999999999999751e-01 0.000000000000000000e+00
4.739999999999999769e-01 0.000000000000000000e+00
4.759999999999999787e-01 0.000000000000000000e+00
4.779999999999999805e-01 0.000000000000000000e+00
4.799999999999999822e-01 0.000000000000000000e+00
4.819999999999999840e-01 0.000000000000000000e+00
4.839999999999999858e-01 0.000000000000000000e+00
4.859999999999999876e-01 0.000000000000000000e+00
4.879999999999999893e-01 0.000000000000000000e+00
4.899999999999999911e-01 0.000000000000000000e+00
4.919999999999999929e-01 3.159999999999999832e-04
4.939999999999999947e-01 0.000000000000000000e+00
4.959999999999999964e-01 3.110000000000000243e-04
4.979999999999999982e-01 1.232000000000000022e-03
5.000000000000000000e-01 2.443999999999999992e-03
5.020000000000000018e-01 6.668999999999999581e-03
5.040000000000000036e-01 2.586300000000000057e-02
5.060000000000000053e-01 4.564800000000000108e-02
5.080000000000000071e-01 1.136699999999999933e-01
5.100000000000000089e-01 2.663820000000000077e-01
5.120000000000000107e-01 5.402510000000000367e-01
5.140000000000000124e-01 1.030794999999999906e+00
5.160000000000000142e-01 1.764130999999999894e+00
5.180000000000000160e-01 2.808527000000000218e+00
5.200000000000000178e-01 3.909501000000000115e+00
5.220000000000000195e-01 5.014617000000000324e+00
5.240000000000000213e-01 5.921179000000000414e+00
5.260000000000000231e-01 6.439065000000000261e+00
5.280000000000000249e-01 5.939506999999999870e+00
5.300000000000000266e-01 5.147556999999999938e+00
5.320000000000000284e-01 4.542275000000000063e+00
5.340000000000000302e-01 3.023325999999999958e+00
5.360000000000000320e-01 2.009100999999999804e+00
5.380000000000000338e-01 1.215883999999999965e+00
5.400000000000000355e-01 7.122730000000000450e-01
5.420000000000000373e-01 4.519509999999999916e-01
5.440000000000000391e-01 3.045860000000000234e-01
5.460000000000000409e-01 2.616260000000000252e-01
5.480000000000000426e-01 2.904889999999999972e-01
5.500000000000000444e-01 3.174310000000000187e-01
5.520000000000000462e-01 3.559999999999999831e-01
5.540000000000000480e-01 4.298310000000000186e-01
5.560000000000000497e-01 5.327680000000000193e-01
5.580000000000000515e-01 6.084300000000000264e-01
5.600000000000000533e-01 7.030079999999999663e-01
5.620000000000000551e-01 8.002920000000000034e-01
5.639999999999999458e-01 9.200180000000000025e-01
5.659999999999999476e-01 1.020348000000000033e+00
5.679999999999999494e-01 1.166803999999999952e+00
5.699999999999999512e-01 1.294108999999999954e+00
5.719999999999999529e-01 1.452417000000000069e+00
5.739999999999999547e-01 1.607914999999999983e+00
5.759999999999999565e-01 1.753053999999999890e+00
5.779999999999999583e-01 1.902870999999999979e+00
5.799999999999999600e-01 2.046705000000000219e+00
5.819999999999999618e-01 2.154596000000000178e+00
5.839999999999999636e-01 2.341047999999999796e+00
5.859999999999999654e-01 2.391331000000000095e+00
5.879999999999999671e-01 2.511718999999999813e+00
5.899999999999999689e-01 2.619047999999999821e+00
5.919999999999999707e-01 2.724183000000000021e+00
5.939999999999999725e-01 2.748648000000000202e+00
5.959999999999999742e-01 2.965387999999999913e+00
5.979999999999999760e-01 3.054295000000000204e+00
5.999999999999999778e-01 2.858623999999999832e+00
6.019999999999999796e-01 2.896853000000000122e+00
6.039999999999999813e-01 2.883907999999999916e+00
6.059999999999999831e-01 2.887450999999999990e+00
6.079999999999999849e-01 2.854563000000000184e+00
6.099999999999999867e-01 2.831433999999999784e+00
6.119999999999999885e-01 2.754023999999999806e+00
6.139999999999999902e-01 2.693067999999999795e+00
6.159999999999999920e-01 2.604011999999999993e+00
6.179999999999999938e-01 2.550113000000000074e+00
6.199999999999999956e-01 2.486867000000000161e+00
6.219999999999999973e-01 2.375252000000000141e+00
6.239999999999999991e-01 2.278729999999999922e+00
6.260000000000000009e-01 2.212704000000000004e+00
6.280000000000000027e-01 2.130587999999999926e+00
6.300000000000000044e-01 1.990693000000000046e+00
6.320000000000000062e-01 1.895833000000000101e+00
6.340000000000000080e-01 1.818365999999999927e+00
6.360000000000000098e-01 1.698307000000000011e+00
6.380000000000000115e-01 1.634420999999999902e+00
6.400000000000000133e-01 1.552435000000000009e+00
6.420000000000000151e-01 1.444860000000000033e+00
6.440000000000000169e-01 1.369645000000000001e+00
6.460000000000000187e-01 1.314635999999999916e+00
6.480000000000000204e-01 1.189245000000000108e+00
6.500000000000000222e-01 1.124576000000000020e+00
6.520000000000000240e-01 1.036680999999999964e+00
6.540000000000000258e-01 9.612279999999999713e-01
6.560000000000000275e-01 9.099059999999999926e-01
6.580000000000000293e-01 8.257219999999999560e-01
6.600000000000000311e-01 7.868600000000000039e-01
6.620000000000000329e-01 7.277409999999999712e-01
6.640000000000000346e-01 6.852319999999999522e-01
6.660000000000000364e-01 6.182819999999999983e-01
6.680000000000000382e-01 5.835770000000000124e-01
6.700000000000000400e-01 5.483010000000000383e-01
6.720000000000000417e-01 4.939490000000000269e-01
6.740000000000000435e-01 4.876469999999999971e-01
6.760000000000000453e-01 4.558570000000000122e-01
6.780000000000000471e-01 4.209240000000000204e-01
6.800000000000000488e-01 4.045860000000000012e-01
6.820000000000000506e-01 3.925150000000000028e-01
6.840000000000000524e-01 3.776590000000000225e-01
6.860000000000000542e-01 3.632879999999999998e-01
6.879999999999999449e-01 3.522930000000000228e-01
6.899999999999999467e-01 3.560409999999999964e-01
6.919999999999999485e-01 3.834859999999999935e-01
6.939999999999999503e-01 3.755780000000000229e-01
6.959999999999999520e-01 4.006959999999999966e-01
6.979999999999999538e-01 3.960580000000000211e-01
6.999999999999999556e-01 4.198390000000000177e-01
7.019999999999999574e-01 4.523119999999999918e-01
7.039999999999999591e-01 4.893700000000000272e-01
7.059999999999999609e-01 5.023699999999999832e-01
7.079999999999999627e-01 5.181480000000000530e-01
7.099999999999999645e-01 5.790089999999999959e-01
7.119999999999999662e-01 6.069729999999999848e-01
7.139999999999999680e-01 6.317500000000000338e-01
7.159999999999999698e-01 6.733500000000000041e-01
7.179999999999999716e-01 6.985219999999999763e-01
7.199999999999999734e-01 7.005230000000000068e-01
7.219999999999999751e-01 7.530790000000000539e-01
7.239999999999999769e-01 7.656680000000000152e-01
7.259999999999999787e-01 8.195970000000000200e-01
7.279999999999999805e-01 8.917739999999999556e-01
7.299999999999999822e-01 9.480849999999999556e-01
7.319999999999999840e-01 8.521170000000000133e-01
7.339999999999999858e-01 8.874419999999999531e-01
7.359999999999999876e-01 1.039322000000000079e+00
7.379999999999999893e-01 8.786850000000000493e-01
7.399999999999999911e-01 8.869479999999999587e-01
7.419999999999999929e-01 8.868890000000000384e-01
7.439999999999999947e-01 8.631950000000000456e-01
7.459999999999999964e-01 8.739639999999999631e-01
7.479999999999999982e-01 8.815690000000000470e-01
7.500000000000000000e-01 8.470159999999999911e-01
7.520000000000000018e-01 8.384449999999999958e-01
7.540000000000000036e-01 8.281119999999999592e-01
7.560000000000000053e-01 7.914959999999999773e-01
7.580000000000000071e-01 7.595659999999999634e-01
7.600000000000000089e-01 7.575579999999999536e-01
7.620000000000000107e-01 7.563229999999999675e-01
7.640000000000000124e-01 7.717650000000000343e-01
7.660000000000000142e-01 8.605399999999999716e-01
7.680000000000000160e-01 7.255399999999999627e-01
7.700000000000000178e-01 6.912150000000000238e-01
7.720000000000000195e-01 6.925320000000000364e-01
7.740000000000000213e-01 6.950779999999999736e-01
7.760000000000000231e-01 7.139339999999999575e-01
7.780000000000000249e-01 6.988010000000000055e-01
7.800000000000000266e-01 6.481219999999999759e-01
7.820000000000000284e-01 6.410770000000000080e-01
7.840000000000000302e-01 6.394170000000000131e-01
7.860000000000000320e-01 6.426070000000000393e-01
7.880000000000000338e-01 6.571860000000000479e-01
7.900000000000000355e-01 6.411200000000000232e-01
7.920000000000000373e-01 6.489829999999999766e-01
7.940000000000000391e-01 6.471559999999999535e-01
7.960000000000000409e-01 6.456180000000000252e-01
7.980000000000000426e-01 6.608300000000000285e-01
8.000000000000000444e-01 6.680629999999999624e-01
8.020000000000000462e-01 7.013120000000000465e-01
8.040000000000000480e-01 6.824400000000000466e-01
8.060000000000000497e-01 7.015419999999999989e-01
8.080000000000000515e-01 7.172340000000000382e-01
8.100000000000000533e-01 7.260699999999999932e-01
8.120000000000000551e-01 7.413509999999999822e-01
8.139999999999999458e-01 7.694469999999999921e-01
8.159999999999999476e-01 7.959629999999999761e-01
8.179999999999999494e-01 8.317870000000000541e-01
8.199999999999999512e-01 9.181820000000000537e-01
8.219999999999999529e-01 9.373249999999999638e-01
8.239999999999999547e-01 9.973859999999999948e-01
8.259999999999999565e-01 1.049072999999999922e+00
8.279999999999999583e-01 1.122605000000000075e+00
8.299999999999999600e-01 1.179179999999999895e+00
8.319999999999999618e-01 1.300821999999999923e+00
8.339999999999999636e-01 1.391826000000000008e+00
8.359999999999999654e-01 1.515749999999999931e+00
8.379999999999999671e-01 1.595282000000000089e+00
8.399999999999999689e-01 1.712231999999999976e+00
8.419999999999999707e-01 1.759120000000000017e+00
8.439999999999999725e-01 1.868263999999999925e+00
8.459999999999999742e-01 1.966657000000000100e+00
8.479999999999999760e-01 2.002012000000000125e+00
8.499999999999999778e-01 2.124919999999999920e+00
8.519999999999999796e-01 2.113532999999999884e+00
8.539999999999999813e-01 2.090202000000000115e+00
8.559999999999999831e-01 2.017414000000000041e+00
8.579999999999999849e-01 2.009507999999999850e+00
8.599999999999999867e-01 1.927850000000000064e+00
8.619999999999999885e-01 1.819990999999999914e+00
8.639999999999999902e-01 1.745422000000000029e+00
8.659999999999999920e-01 1.633429999999999938e+00
8.679999999999999938e-01 1.500140000000000029e+00
8.699999999999999956e-01 1.401555000000000106e+00
8.719999999999999973e-01 1.264890000000000070e+00
8.739999999999999991e-01 1.172152000000000083e+00
8.760000000000000009e-01 1.080881999999999898e+00
8.780000000000000027e-01 9.805209999999999759e-01
8.800000000000000044e-01 8.951999999999999957e-01
8.820000000000000062e-01 8.232650000000000245e-01
8.840000000000000080e-01 7.636519999999999975e-01
8.860000000000000098e-01 7.105629999999999447e-01
8.880000000000000115e-01 6.712479999999999558e-01
8.900000000000000133e-01 6.496290000000000120e-01
8.920000000000000151e-01 6.346920000000000339e-01
8.940000000000000169e-01 6.109430000000000138e-01
8.960000000000000187e-01 6.384579999999999700e-01
8.980000000000000204e-01 6.600740000000000496e-01
9.000000000000000222e-01 6.995660000000000212e-01
9.020000000000000240e-01 7.678490000000000038e-01
9.040000000000000258e-01 8.233439999999999648e-01
9.060000000000000275e-01 8.471330000000000249e-01
9.080000000000000293e-01 8.924530000000000518e-01
9.100000000000000311e-01 9.540939999999999976e-01
9.120000000000000329e-01 1.076038000000000050e+00
9.140000000000000346e-01 1.119588999999999945e+00
9.160000000000000364e-01 1.183661999999999992e+00
9.180000000000000382e-01 1.243367000000000111e+00
9.200000000000000400e-01 1.291973000000000038e+00
9.220000000000000417e-01 1.390708999999999973e+00
9.240000000000000435e-01 1.428312999999999944e+00
9.260000000000000453e-01 1.469057999999999975e+00
9.280000000000000471e-01 1.488421999999999912e+00
9.300000000000000488e-01 1.531957999999999931e+00
9.320000000000000506e-01 1.528691000000000022e+00
9.340000000000000524e-01 1.556429999999999980e+00
9.360000000000000542e-01 1.539412999999999920e+00
9.379999999999999449e-01 1.527425000000000033e+00
9.399999999999999467e-01 1.497724000000000055e+00
9.419999999999999485e-01 1.454577000000000009e+00
9.439999999999999503e-01 1.399926999999999921e+00
9.459999999999999520e-01 1.328691999999999984e+00
9.479999999999999538e-01 1.285638000000000059e+00
9.499999999999999556e-01 1.214198000000000111e+00
9.519999999999999574e-01 1.147885000000000044e+00
9.539999999999999591e-01 1.075123999999999969e+00
9.559999999999999609e-01 1.009338000000000068e+00
9.579999999999999627e-01 9.373080000000000300e-01
9.599999999999999645e-01 8.554770000000000429e-01
9.619999999999999662e-01 7.914379999999999749e-01
9.639999999999999680e-01 7.158189999999999831e-01
9.659999999999999698e-01 6.490669999999999495e-01
9.679999999999999716e-01 6.067909999999999693e-01
9.699999999999999734e-01 5.709840000000000471e-01
9.719999999999999751e-01 5.603230000000000155e-01
9.739999999999999769e-01 4.534929999999999795e-01
9.759999999999999787e-01 4.119539999999999869e-01
9.779999999999999805e-01 3.852729999999999766e-01
9.799999999999999822e-01 3.475829999999999753e-01
9.819999999999999840e-01 3.233599999999999808e-01
9.839999999999999858e-01 2.855150000000000188e-01
9.859999999999999876e-01 2.745420000000000083e-01
9.879999999999999893e-01 2.501019999999999910e-01
9.899999999999999911e-01 2.251720000000000110e-01
9.919999999999999929e-01 2.127020000000000022e-01
9.939999999999999947e-01 1.984609999999999985e-01
9.959999999999999964e-01 1.999859999999999971e-01
9.979999999999999982e-01 1.952629999999999921e-01
1.000000000000000000e+00 1.877630000000000132e-01
1.002000000000000002e+00 1.857280000000000042e-01
1.004000000000000004e+00 1.868019999999999958e-01
1.006000000000000005e+00 1.990490000000000037e-01
1.008000000000000007e+00 2.123879999999999935e-01
1.010000000000000009e+00 2.235949999999999882e-01
1.012000000000000011e+00 2.508449999999999847e-01
1.014000000000000012e+00 2.895340000000000136e-01
1.016000000000000014e+00 3.143650000000000055e-01
1.018000000000000016e+00 3.887410000000000032e-01
1.020000000000000018e+00 4.544949999999999823e-01
1.022000000000000020e+00 5.592070000000000096e-01
1.024000000000000021e+00 6.893200000000000438e-01
1.026000000000000023e+00 8.287240000000000162e-01
1.028000000000000025e+00 1.006010000000000071e+00
1.030000000000000027e+00 1.231227999999999989e+00
1.032000000000000028e+00 1.445642000000000094e+00
1.034000000000000030e+00 1.657426000000000066e+00
1.036000000000000032e+00 1.850365999999999955e+00
1.038000000000000034e+00 1.971524000000000054e+00
1.040000000000000036e+00 2.124413999999999803e+00
1.042000000000000037e+00 2.060102000000000100e+00
1.044000000000000039e+00 2.048217999999999872e+00
1.046000000000000041e+00 1.980885000000000007e+00
1.048000000000000043e+00 1.925086000000000075e+00
1.050000000000000044e+00 1.808011000000000035e+00
1.052000000000000046e+00 1.705008000000000079e+00
1.054000000000000048e+00 1.621980999999999895e+00
1.056000000000000050e+00 1.527201999999999948e+00
1.058000000000000052e+00 1.481379999999999919e+00
1.060000000000000053e+00 1.447586999999999957e+00
1.062000000000000055e+00 1.407114999999999894e+00
1.064000000000000057e+00 1.454660999999999982e+00
1.066000000000000059e+00 1.368668999999999913e+00
1.068000000000000060e+00 1.304834000000000049e+00
1.070000000000000062e+00 1.250839000000000034e+00
1.072000000000000064e+00 1.229707000000000106e+00
1.074000000000000066e+00 1.171415000000000095e+00
1.076000000000000068e+00 1.128384999999999971e+00
1.078000000000000069e+00 1.072618000000000071e+00
1.080000000000000071e+00 1.013560999999999934e+00
1.082000000000000073e+00 9.471100000000000074e-01
1.084000000000000075e+00 8.879820000000000491e-01
1.086000000000000076e+00 8.261640000000000095e-01
1.088000000000000078e+00 7.763970000000000038e-01
1.090000000000000080e+00 7.231370000000000298e-01
1.092000000000000082e+00 6.741430000000000478e-01
1.094000000000000083e+00 6.328460000000000196e-01
1.096000000000000085e+00 5.864660000000000428e-01
1.098000000000000087e+00 5.591699999999999449e-01
1.100000000000000089e+00 5.264069999999999583e-01
1.102000000000000091e+00 4.989839999999999831e-01
1.104000000000000092e+00 4.819749999999999868e-01
1.106000000000000094e+00 4.660650000000000071e-01
1.108000000000000096e+00 4.569750000000000201e-01
1.110000000000000098e+00 4.490040000000000142e-01
1.112000000000000099e+00 4.353799999999999892e-01
1.114000000000000101e+00 4.329879999999999840e-01
1.116000000000000103e+00 4.508739999999999970e-01
1.118000000000000105e+00 4.475540000000000074e-01
1.120000000000000107e+00 4.589610000000000078e-01
1.122000000000000108e+00 4.636669999999999958e-01
1.124000000000000110e+00 4.796050000000000035e-01
1.125999999999999890e+00 4.933960000000000012e-01
1.127999999999999892e+00 5.011910000000000531e-01
1.129999999999999893e+00 5.083020000000000316e-01
1.131999999999999895e+00 5.222200000000000175e-01
1.133999999999999897e+00 5.339819999999999567e-01
1.135999999999999899e+00 5.477840000000000487e-01
1.137999999999999901e+00 5.659480000000000066e-01
1.139999999999999902e+00 5.716900000000000315e-01
1.141999999999999904e+00 5.858010000000000161e-01
1.143999999999999906e+00 5.914099999999999913e-01
1.145999999999999908e+00 6.196960000000000246e-01
1.147999999999999909e+00 6.170470000000000121e-01
1.149999999999999911e+00 6.300160000000000204e-01
1.151999999999999913e+00 6.233950000000000324e-01
1.153999999999999915e+00 6.443449999999999456e-01
1.155999999999999917e+00 6.424170000000000158e-01
1.157999999999999918e+00 6.482989999999999586e-01
1.159999999999999920e+00 6.521799999999999820e-01
1.161999999999999922e+00 6.871709999999999763e-01
1.163999999999999924e+00 7.180680000000000396e-01
1.165999999999999925e+00 7.188219999999999610e-01
1.167999999999999927e+00 8.137780000000000014e-01
1.169999999999999929e+00 6.881880000000000219e-01
1.171999999999999931e+00 6.913920000000000066e-01
1.173999999999999932e+00 7.030079999999999663e-01
1.175999999999999934e+00 6.921180000000000110e-01
1.177999999999999936e+00 7.073789999999999800e-01
1.179999999999999938e+00 7.013669999999999627e-01
1.181999999999999940e+00 7.187789999999999457e-01
1.183999999999999941e+00 7.311790000000000234e-01
1.185999999999999943e+00 7.315519999999999801e-01
1.187999999999999945e+00 7.587939999999999685e-01
1.189999999999999947e+00 7.539329999999999643e-01
1.191999999999999948e+00 7.786539999999999573e-01
1.193999999999999950e+00 7.744469999999999965e-01
1.195999999999999952e+00 7.794929999999999914e-01
1.197999999999999954e+00 8.888209999999999722e-01
1.199999999999999956e+00 8.075160000000000116e-01
1.201999999999999957e+00 7.870040000000000369e-01
1.203999999999999959e+00 7.908279999999999754e-01
1.205999999999999961e+00 8.113169999999999549e-01
1.207999999999999963e+00 8.223420000000000174e-01
1.209999999999999964e+00 8.440020000000000300e-01
1.211999999999999966e+00 8.345529999999999893e-01
1.213999999999999968e+00 8.254399999999999515e-01
1.215999999999999970e+00 8.240610000000000435e-01
1.217999999999999972e+00 8.288189999999999724e-01
1.219999999999999973e+00 8.429999999999999716e-01
1.221999999999999975e+00 8.319579999999999753e-01
1.223999999999999977e+00 8.476890000000000258e-01
1.225999999999999979e+00 8.506709999999999550e-01
1.227999999999999980e+00 8.476059999999999706e-01
1.229999999999999982e+00 8.614039999999999475e-01
1.231999999999999984e+00 8.869949999999999779e-01
1.233999999999999986e+00 9.056980000000000031e-01
1.235999999999999988e+00 8.714600000000000124e-01
1.237999999999999989e+00 8.864990000000000370e-01
1.239999999999999991e+00 8.784119999999999706e-01
1.241999999999999993e+00 8.842740000000000045e-01
1.243999999999999995e+00 9.046119999999999717e-01
1.245999999999999996e+00 8.977789999999999937e-01
1.247999999999999998e+00 9.242930000000000312e-01
1.250000000000000000e+00 9.304540000000000033e-01
1.252000000000000002e+00 9.337600000000000344e-01
1.254000000000000004e+00 9.237189999999999568e-01
1.256000000000000005e+00 9.381220000000000114e-01
1.258000000000000007e+00 9.375440000000000440e-01
1.260000000000000009e+00 9.630030000000000534e-01
1.262000000000000011e+00 9.829470000000000152e-01
1.264000000000000012e+00 9.918679999999999719e-01
1.266000000000000014e+00 1.007236999999999938e+00
1.268000000000000016e+00 1.020062000000000024e+00
1.270000000000000018e+00 1.050640000000000018e+00
1.272000000000000020e+00 1.064996999999999971e+00
1.274000000000000021e+00 1.070084999999999953e+00
1.276000000000000023e+00 1.099372999999999934e+00
1.278000000000000025e+00 1.122765999999999931e+00
1.280000000000000027e+00 1.164978999999999987e+00
1.282000000000000028e+00 1.179149999999999920e+00
1.284000000000000030e+00 1.197051000000000087e+00
1.286000000000000032e+00 1.224428999999999990e+00
1.288000000000000034e+00 1.265597000000000083e+00
1.290000000000000036e+00 1.296141999999999905e+00
1.292000000000000037e+00 1.322812000000000099e+00
1.294000000000000039e+00 1.367139000000000104e+00
1.296000000000000041e+00 1.415556000000000036e+00
1.298000000000000043e+00 1.504866999999999955e+00
1.300000000000000044e+00 1.488712000000000035e+00
1.302000000000000046e+00 1.550524000000000013e+00
1.304000000000000048e+00 1.608498999999999901e+00
1.306000000000000050e+00 1.656253999999999893e+00
1.308000000000000052e+00 1.705456000000000083e+00
1.310000000000000053e+00 1.799117000000000077e+00
1.312000000000000055e+00 1.832740999999999953e+00
1.314000000000000057e+00 1.925764000000000031e+00
1.316000000000000059e+00 1.993996000000000102e+00
1.318000000000000060e+00 2.043746000000000063e+00
1.320000000000000062e+00 2.103498000000000090e+00
1.322000000000000064e+00 2.185487000000000180e+00
1.324000000000000066e+00 2.259863000000000177e+00
1.326000000000000068e+00 2.342760999999999871e+00
1.328000000000000069e+00 2.340562999999999949e+00
1.330000000000000071e+00 2.378187000000000051e+00
1.332000000000000073e+00 2.399862999999999857e+00
1.334000000000000075e+00 2.408599000000000157e+00
1.336000000000000076e+00 2.411856000000000222e+00
1.338000000000000078e+00 2.376050000000000217e+00
1.340000000000000080e+00 2.381477999999999984e+00
1.342000000000000082e+00 2.341975999999999836e+00
1.344000000000000083e+00 2.324437000000000086e+00
1.346000000000000085e+00 2.242471999999999799e+00
1.348000000000000087e+00 2.191095999999999933e+00
1.350000000000000089e+00 2.148608999999999991e+00
1.352000000000000091e+00 2.066964000000000024e+00
1.354000000000000092e+00 1.972639000000000031e+00
1.356000000000000094e+00 1.904873000000000038e+00
1.358000000000000096e+00 1.847901000000000016e+00
1.360000000000000098e+00 1.749390999999999918e+00
1.362000000000000099e+00 1.659553999999999974e+00
1.364000000000000101e+00 1.569986000000000104e+00
1.366000000000000103e+00 1.482772999999999897e+00
1.368000000000000105e+00 1.428766999999999898e+00
1.370000000000000107e+00 1.313984000000000041e+00
1.372000000000000108e+00 1.268018000000000089e+00
1.374000000000000110e+00 1.205084000000000044e+00
1.375999999999999890e+00 1.097650999999999932e+00
1.377999999999999892e+00 1.048469000000000095e+00
1.379999999999999893e+00 9.973840000000000483e-01
1.381999999999999895e+00 9.461549999999999683e-01
1.383999999999999897e+00 8.858709999999999640e-01
1.385999999999999899e+00 8.424530000000000074e-01
1.387999999999999901e+00 8.017429999999999835e-01
1.389999999999999902e+00 7.580160000000000231e-01
1.391999999999999904e+00 7.327709999999999502e-01
1.393999999999999906e+00 7.007660000000000000e-01
1.395999999999999908e+00 6.821660000000000501e-01
1.397999999999999909e+00 6.687670000000000003e-01
1.399999999999999911e+00 6.536509999999999820e-01
1.401999999999999913e+00 6.409399999999999542e-01
1.403999999999999915e+00 6.205509999999999637e-01
1.405999999999999917e+00 6.325070000000000414e-01
1.407999999999999918e+00 6.285089999999999844e-01
1.409999999999999920e+00 6.185079999999999467e-01
1.411999999999999922e+00 6.168310000000000182e-01
1.413999999999999924e+00 6.305340000000000389e-01
1.415999999999999925e+00 6.254699999999999704e-01
1.417999999999999927e+00 6.245829999999999993e-01
1.419999999999999929e+00 6.347909999999999942e-01
1.421999999999999931e+00 6.426500000000000545e-01
1.423999999999999932e+00 6.488199999999999523e-01
1.425999999999999934e+00 6.503489999999999549e-01
1.427999999999999936e+00 6.622430000000000261e-01
1.429999999999999938e+00 6.800739999999999563e-01
1.431999999999999940e+00 6.831409999999999982e-01
1.433999999999999941e+00 6.908840000000000536e-01
1.435999999999999943e+00 7.092629999999999768e-01
1.437999999999999945e+00 7.278999999999999915e-01
1.439999999999999947e+00 7.149469999999999992e-01
1.441999999999999948e+00 7.171149999999999469e-01
1.443999999999999950e+00 7.201480000000000103e-01
1.445999999999999952e+00 7.258729999999999905e-01
1.447999999999999954e+00 7.243730000000000446e-01
1.449999999999999956e+00 7.223370000000000068e-01
1.451999999999999957e+00 7.228109999999999813e-01
1.453999999999999959e+00 7.120800000000000463e-01
1.455999999999999961e+00 7.280410000000000492e-01
1.457999999999999963e+00 7.228419999999999845e-01
1.459999999999999964e+00 7.271309999999999718e-01
1.461999999999999966e+00 7.210309999999999775e-01
1.463999999999999968e+00 7.126649999999999929e-01
1.465999999999999970e+00 7.206540000000000168e-01
1.467999999999999972e+00 7.139140000000000486e-01
1.469999999999999973e+00 7.158369999999999456e-01
1.471999999999999975e+00 7.085909999999999709e-01
1.473999999999999977e+00 7.075069999999999970e-01
1.475999999999999979e+00 7.042059999999999986e-01
1.477999999999999980e+00 7.036620000000000097e-01
1.479999999999999982e+00 7.043979999999999686e-01
1.481999999999999984e+00 7.070319999999999938e-01
1.483999999999999986e+00 7.070980000000000043e-01
1.485999999999999988e+00 7.120520000000000183e-01
1.487999999999999989e+00 7.932150000000000034e-01
1.489999999999999991e+00 7.068179999999999463e-01
1.491999999999999993e+00 7.075019999999999643e-01
1.493999999999999995e+00 6.963270000000000293e-01
1.495999999999999996e+00 7.061809999999999476e-01
1.497999999999999998e+00 7.067449999999999566e-01
1.500000000000000000e+00 6.961690000000000378e-01
1.502000000000000002e+00 7.094219999999999970e-01
1.504000000000000004e+00 7.070349999999999691e-01
1.506000000000000005e+00 7.209389999999999965e-01
1.508000000000000007e+00 7.208520000000000483e-01
1.510000000000000009e+00 7.254080000000000528e-01
1.512000000000000011e+00 7.445019999999999971e-01
1.514000000000000012e+00 7.577850000000000419e-01
1.516000000000000014e+00 7.654760000000000453e-01
1.518000000000000016e+00 7.798969999999999514e-01
1.520000000000000018e+00 8.001179999999999959e-01
1.522000000000000020e+00 8.236970000000000125e-01
1.524000000000000021e+00 8.500780000000000003e-01
1.526000000000000023e+00 8.726949999999999985e-01
1.528000000000000025e+00 8.944670000000000121e-01
1.530000000000000027e+00 9.271409999999999929e-01
1.532000000000000028e+00 9.640300000000000535e-01
1.534000000000000030e+00 9.902239999999999931e-01
1.536000000000000032e+00 1.036925000000000097e+00
1.538000000000000034e+00 1.071817000000000020e+00
1.540000000000000036e+00 1.104295999999999944e+00
1.542000000000000037e+00 1.147304000000000102e+00
1.544000000000000039e+00 1.202852999999999950e+00
1.546000000000000041e+00 1.263568999999999942e+00
1.548000000000000043e+00 1.326696000000000097e+00
1.550000000000000044e+00 1.372479999999999922e+00
1.552000000000000046e+00 1.436063000000000089e+00
1.554000000000000048e+00 1.512234999999999996e+00
1.556000000000000050e+00 1.545323999999999920e+00
1.558000000000000052e+00 1.564211999999999936e+00
1.560000000000000053e+00 1.606732000000000049e+00
1.562000000000000055e+00 1.573803999999999981e+00
1.564000000000000057e+00 1.530292999999999903e+00
1.566000000000000059e+00 1.498423000000000060e+00
1.568000000000000060e+00 1.450727000000000100e+00
1.570000000000000062e+00 1.385996999999999924e+00
1.572000000000000064e+00 1.304504000000000108e+00
1.574000000000000066e+00 1.242742000000000013e+00
1.576000000000000068e+00 1.183629999999999960e+00
1.578000000000000069e+00 1.123329999999999940e+00
1.580000000000000071e+00 1.063547999999999938e+00
1.582000000000000073e+00 1.046861000000000042e+00
1.584000000000000075e+00 1.003951999999999956e+00
1.586000000000000076e+00 9.215959999999999708e-01
1.588000000000000078e+00 8.942470000000000141e-01
1.590000000000000080e+00 8.600459999999999772e-01
1.592000000000000082e+00 8.268229999999999746e-01
1.594000000000000083e+00 8.131930000000000547e-01
1.596000000000000085e+00 8.223380000000000134e-01
1.598000000000000087e+00 7.769449999999999967e-01
1.600000000000000089e+00 7.532560000000000366e-01
1.602000000000000091e+00 7.169720000000000537e-01
1.604000000000000092e+00 7.214129999999999709e-01
1.606000000000000094e+00 6.834759999999999724e-01
1.608000000000000096e+00 6.734590000000000298e-01
1.610000000000000098e+00 6.585800000000000542e-01
1.612000000000000099e+00 6.350660000000000194e-01
1.614000000000000101e+00 6.097770000000000135e-01
1.616000000000000103e+00 6.055329999999999879e-01
1.618000000000000105e+00 5.903730000000000366e-01
1.620000000000000107e+00 5.866590000000000416e-01
1.622000000000000108e+00 5.840349999999999708e-01
1.624000000000000110e+00 5.760140000000000260e-01
1.625999999999999890e+00 5.596419999999999728e-01
1.627999999999999892e+00 5.362430000000000252e-01
1.629999999999999893e+00 5.354130000000000278e-01
1.631999999999999895e+00 5.099249999999999616e-01
1.633999999999999897e+00 4.961749999999999772e-01
1.635999999999999899e+00 4.932810000000000250e-01
1.637999999999999901e+00 4.862600000000000255e-01
1.639999999999999902e+00 5.222290000000000543e-01
1.641999999999999904e+00 4.912150000000000127e-01
1.643999999999999906e+00 4.873580000000000134e-01
1.645999999999999908e+00 4.709729999999999750e-01
1.647999999999999909e+00 4.857909999999999728e-01
1.649999999999999911e+00 4.629650000000000154e-01
1.651999999999999913e+00 4.565110000000000001e-01
1.653999999999999915e+00 4.599480000000000235e-01
1.655999999999999917e+00 5.018920000000000048e-01
1.657999999999999918e+00 4.719409999999999994e-01
1.659999999999999920e+00 4.521390000000000131e-01
1.661999999999999922e+00 4.586350000000000149e-01
1.663999999999999924e+00 4.616669999999999940e-01
1.665999999999999925e+00 4.638189999999999813e-01
1.667999999999999927e+00 4.655460000000000154e-01
1.669999999999999929e+00 4.734289999999999887e-01
1.671999999999999931e+00 4.821619999999999795e-01
1.673999999999999932e+00 5.136570000000000302e-01
1.675999999999999934e+00 5.129249999999999643e-01
1.677999999999999936e+00 5.361540000000000195e-01
1.679999999999999938e+00 5.666999999999999815e-01
1.681999999999999940e+00 5.784310000000000285e-01
1.683999999999999941e+00 5.978489999999999638e-01
1.685999999999999943e+00 6.261430000000000051e-01
1.687999999999999945e+00 6.693040000000000100e-01
1.689999999999999947e+00 7.080539999999999612e-01
1.691999999999999948e+00 7.297050000000000480e-01
1.693999999999999950e+00 7.753839999999999621e-01
1.695999999999999952e+00 8.172169999999999712e-01
1.697999999999999954e+00 8.740649999999999809e-01
1.699999999999999956e+00 8.927519999999999900e-01
1.701999999999999957e+00 9.194149999999999823e-01
1.703999999999999959e+00 9.782110000000000527e-01
1.705999999999999961e+00 9.950210000000000443e-01
1.707999999999999963e+00 1.022437999999999958e+00
1.709999999999999964e+00 1.048343999999999943e+00
1.711999999999999966e+00 1.089549000000000101e+00
1.713999999999999968e+00 1.103404000000000051e+00
1.715999999999999970e+00 1.121494999999999909e+00
1.717999999999999972e+00 1.151089999999999947e+00
1.719999999999999973e+00 1.166150000000000020e+00
1.721999999999999975e+00 1.187688000000000077e+00
1.723999999999999977e+00 1.213060000000000027e+00
1.725999999999999979e+00 1.216704000000000008e+00
1.727999999999999980e+00 1.214048999999999934e+00
1.729999999999999982e+00 1.232331000000000065e+00
1.731999999999999984e+00 1.243913999999999964e+00
1.733999999999999986e+00 1.232761999999999913e+00
1.735999999999999988e+00 1.240202000000000027e+00
1.737999999999999989e+00 1.236501000000000072e+00
1.739999999999999991e+00 1.233033000000000046e+00
1.741999999999999993e+00 1.227292999999999967e+00
1.743999999999999995e+00 1.221907999999999994e+00
1.745999999999999996e+00 1.218237999999999932e+00
1.747999999999999998e+00 1.223254000000000064e+00
1.750000000000000000e+00 1.217132000000000103e+00
1.752000000000000002e+00 1.210074000000000094e+00
1.754000000000000004e+00 1.215808999999999918e+00
1.756000000000000005e+00 1.210013999999999923e+00
1.758000000000000007e+00 1.194126000000000021e+00
1.760000000000000009e+00 1.190725999999999951e+00
1.762000000000000011e+00 1.196895000000000042e+00
1.764000000000000012e+00 1.198889000000000093e+00
1.766000000000000014e+00 1.191669000000000089e+00
1.768000000000000016e+00 1.186501000000000028e+00
1.770000000000000018e+00 1.197637999999999980e+00
1.772000000000000020e+00 1.204434000000000005e+00
1.774000000000000021e+00 1.219471999999999889e+00
1.776000000000000023e+00 1.226957999999999993e+00
1.778000000000000025e+00 1.241316000000000086e+00
1.780000000000000027e+00 1.261678000000000077e+00
1.782000000000000028e+00 1.282178000000000040e+00
1.784000000000000030e+00 1.292079999999999895e+00
1.786000000000000032e+00 1.306449999999999889e+00
1.788000000000000034e+00 1.316702999999999957e+00
1.790000000000000036e+00 1.358924999999999939e+00
1.792000000000000037e+00 1.369575999999999905e+00
1.794000000000000039e+00 1.372212999999999905e+00
1.796000000000000041e+00 1.393567999999999918e+00
1.798000000000000043e+00 1.362675000000000081e+00
1.800000000000000044e+00 1.369135999999999909e+00
1.802000000000000046e+00 1.353423999999999960e+00
1.804000000000000048e+00 1.352116000000000096e+00
1.806000000000000050e+00 1.343013999999999930e+00
1.808000000000000052e+00 1.332964000000000038e+00
1.810000000000000053e+00 1.326742000000000088e+00
1.812000000000000055e+00 1.324945999999999957e+00
1.814000000000000057e+00 1.304354999999999931e+00
1.816000000000000059e+00 1.285157000000000105e+00
1.818000000000000060e+00 1.276229000000000058e+00
1.820000000000000062e+00 1.258034000000000097e+00
1.822000000000000064e+00 1.244463000000000097e+00
1.824000000000000066e+00 1.229208000000000078e+00
1.826000000000000068e+00 1.216364999999999919e+00
1.828000000000000069e+00 1.199397999999999964e+00
1.830000000000000071e+00 1.185794000000000015e+00
1.832000000000000073e+00 1.181918000000000024e+00
1.834000000000000075e+00 1.170784999999999965e+00
1.836000000000000076e+00 1.157089999999999952e+00
1.838000000000000078e+00 1.154590999999999923e+00
1.840000000000000080e+00 1.155148999999999981e+00
1.842000000000000082e+00 1.140771999999999897e+00
1.844000000000000083e+00 1.111552000000000096e+00
1.846000000000000085e+00 1.118587999999999916e+00
1.848000000000000087e+00 1.116398000000000001e+00
1.850000000000000089e+00 1.118951999999999947e+00
1.852000000000000091e+00 1.110062000000000104e+00
1.854000000000000092e+00 1.103644000000000069e+00
1.856000000000000094e+00 1.115564999999999918e+00
1.858000000000000096e+00 1.131947999999999954e+00
1.860000000000000098e+00 1.122449000000000030e+00
1.862000000000000099e+00 1.133518000000000026e+00
1.864000000000000101e+00 1.140266999999999920e+00
1.866000000000000103e+00 1.151675999999999922e+00
1.868000000000000105e+00 1.154887999999999915e+00
1.870000000000000107e+00 1.166271000000000058e+00
1.872000000000000108e+00 1.175529999999999964e+00
1.874000000000000110e+00 1.195637000000000061e+00
1.875999999999999890e+00 1.180846999999999980e+00
1.877999999999999892e+00 1.184544000000000041e+00
1.879999999999999893e+00 1.176657999999999982e+00
1.881999999999999895e+00 1.189999999999999947e+00
1.883999999999999897e+00 1.179561000000000082e+00
1.885999999999999899e+00 1.187656999999999963e+00
1.887999999999999901e+00 1.181564000000000059e+00
1.889999999999999902e+00 1.181588000000000083e+00
1.891999999999999904e+00 1.184504000000000001e+00
1.893999999999999906e+00 1.185297999999999963e+00
1.895999999999999908e+00 1.172595999999999972e+00
1.897999999999999909e+00 1.176247000000000043e+00
1.899999999999999911e+00 1.155520000000000103e+00
1.901999999999999913e+00 1.158546999999999993e+00
1.903999999999999915e+00 1.190714000000000050e+00
1.905999999999999917e+00 1.150864000000000109e+00
1.907999999999999918e+00 1.112530999999999937e+00
1.909999999999999920e+00 1.084967999999999932e+00
1.911999999999999922e+00 1.072267999999999999e+00
1.913999999999999924e+00 1.052216000000000040e+00
1.915999999999999925e+00 1.036450000000000093e+00
1.917999999999999927e+00 1.036493000000000109e+00
1.919999999999999929e+00 1.004704999999999959e+00
1.921999999999999931e+00 9.834089999999999776e-01
1.923999999999999932e+00 9.723549999999999693e-01
1.925999999999999934e+00 9.530089999999999950e-01
1.927999999999999936e+00 9.177290000000000170e-01
1.929999999999999938e+00 9.124790000000000401e-01
1.931999999999999940e+00 8.915929999999999689e-01
1.933999999999999941e+00 8.637510000000000465e-01
1.935999999999999943e+00 8.580809999999999826e-01
1.937999999999999945e+00 8.476390000000000313e-01
1.939999999999999947e+00 8.352020000000000000e-01
1.941999999999999948e+00 8.301460000000000505e-01
1.943999999999999950e+00 8.014919999999999822e-01
1.945999999999999952e+00 8.001279999999999504e-01
1.947999999999999954e+00 7.864980000000000304e-01
1.949999999999999956e+00 7.911489999999999911e-01
1.951999999999999957e+00 7.953599999999999559e-01
1.953999999999999959e+00 7.917640000000000233e-01
1.955999999999999961e+00 7.851219999999999866e-01
1.957999999999999963e+00 7.927459999999999507e-01
1.959999999999999964e+00 8.052120000000000388e-01
1.961999999999999966e+00 8.167489999999999473e-01
1.963999999999999968e+00 8.230439999999999978e-01
1.965999999999999970e+00 8.353169999999999762e-01
1.967999999999999972e+00 8.536500000000000199e-01
1.969999999999999973e+00 8.881320000000000325e-01
1.971999999999999975e+00 9.065100000000000380e-01
1.973999999999999977e+00 9.101200000000000401e-01
1.975999999999999979e+00 9.485989999999999700e-01
1.977999999999999980e+00 9.692969999999999642e-01
1.979999999999999982e+00 9.914300000000000335e-01
1.981999999999999984e+00 1.008669999999999956e+00
1.983999999999999986e+00 1.037368000000000068e+00
1.985999999999999988e+00 1.076489000000000029e+00
1.987999999999999989e+00 1.096467999999999998e+00
1.989999999999999991e+00 1.120103999999999989e+00
1.991999999999999993e+00 1.145543999999999896e+00
1.993999999999999995e+00 1.172724000000000100e+00
1.995999999999999996e+00 1.181170000000000053e+00
1.997999999999999998e+00 1.196299000000000001e+00
2.000000000000000000e+00 1.226461999999999941e+00
2.001999999999999780e+00 1.238772999999999902e+00
2.004000000000000004e+00 1.238620999999999972e+00
2.005999999999999783e+00 1.245967000000000047e+00
2.008000000000000007e+00 1.231840999999999964e+00
2.009999999999999787e+00 1.239851000000000036e+00
2.012000000000000011e+00 1.235662999999999956e+00
2.013999999999999790e+00 1.211800999999999906e+00
2.016000000000000014e+00 1.206642999999999910e+00
2.017999999999999794e+00 1.184609999999999941e+00
2.020000000000000018e+00 1.156595000000000040e+00
2.021999999999999797e+00 1.139388000000000067e+00
2.024000000000000021e+00 1.115409000000000095e+00
2.025999999999999801e+00 1.091458999999999957e+00
2.028000000000000025e+00 1.073059999999999903e+00
2.029999999999999805e+00 1.048262999999999945e+00
2.032000000000000028e+00 1.026161000000000101e+00
2.033999999999999808e+00 1.006404000000000076e+00
2.036000000000000032e+00 9.808970000000000189e-01
2.037999999999999812e+00 9.510659999999999670e-01
2.040000000000000036e+00 9.304449999999999665e-01
2.041999999999999815e+00 9.093860000000000277e-01
2.044000000000000039e+00 8.983320000000000194e-01
2.045999999999999819e+00 8.841890000000000027e-01
2.048000000000000043e+00 8.614389999999999548e-01
2.049999999999999822e+00 8.493629999999999791e-01
2.052000000000000046e+00 8.463680000000000092e-01
2.053999999999999826e+00 8.334789999999999699e-01
2.056000000000000050e+00 8.415850000000000275e-01
2.057999999999999829e+00 8.377799999999999692e-01
2.060000000000000053e+00 8.364979999999999638e-01
2.061999999999999833e+00 8.479539999999999855e-01
2.064000000000000057e+00 8.645260000000000167e-01
2.065999999999999837e+00 8.897469999999999546e-01
2.068000000000000060e+00 9.219089999999999785e-01
2.069999999999999840e+00 9.602559999999999985e-01
2.072000000000000064e+00 9.722619999999999596e-01
2.073999999999999844e+00 9.896110000000000184e-01
2.076000000000000068e+00 1.008555000000000090e+00
2.077999999999999847e+00 1.038906000000000107e+00
2.080000000000000071e+00 1.020871000000000084e+00
2.081999999999999851e+00 1.017338000000000076e+00
2.084000000000000075e+00 1.004018999999999995e+00
2.085999999999999854e+00 9.923669999999999991e-01
2.088000000000000078e+00 9.865260000000000140e-01
2.089999999999999858e+00 9.647750000000000492e-01
2.092000000000000082e+00 9.543249999999999789e-01
2.093999999999999861e+00 9.384550000000000392e-01
2.096000000000000085e+00 9.201820000000000555e-01
2.097999999999999865e+00 9.196919999999999540e-01
2.100000000000000089e+00 9.112369999999999637e-01
2.101999999999999869e+00 9.178530000000000300e-01
2.104000000000000092e+00 9.269370000000000109e-01
2.105999999999999872e+00 9.241070000000000118e-01
2.108000000000000096e+00 9.298779999999999824e-01
2.109999999999999876e+00 9.325860000000000261e-01
2.112000000000000099e+00 9.519009999999999971e-01
2.113999999999999879e+00 9.436870000000000536e-01
2.116000000000000103e+00 9.392660000000000453e-01
2.117999999999999883e+00 9.478170000000000206e-01
2.120000000000000107e+00 9.478849999999999776e-01
2.121999999999999886e+00 9.559769999999999657e-01
2.124000000000000110e+00 9.477480000000000349e-01
2.125999999999999890e+00 9.580340000000000522e-01
2.128000000000000114e+00 9.672950000000000159e-01
2.129999999999999893e+00 9.614660000000000428e-01
2.132000000000000117e+00 9.529870000000000285e-01
2.133999999999999897e+00 9.480640000000000178e-01
2.136000000000000121e+00 9.401869999999999949e-01
2.137999999999999901e+00 9.357919999999999572e-01
2.140000000000000124e+00 9.319439999999999946e-01
2.141999999999999904e+00 9.173249999999999460e-01
2.144000000000000128e+00 9.424420000000000019e-01
2.145999999999999908e+00 9.393280000000000518e-01
2.148000000000000131e+00 9.127380000000000493e-01
2.149999999999999911e+00 9.066300000000000470e-01
2.152000000000000135e+00 8.978739999999999499e-01
2.153999999999999915e+00 8.969749999999999668e-01
2.156000000000000139e+00 8.907650000000000290e-01
2.157999999999999918e+00 8.970380000000000020e-01
2.160000000000000142e+00 8.987579999999999458e-01
2.161999999999999922e+00 9.404360000000000497e-01
2.164000000000000146e+00 8.986530000000000351e-01
2.165999999999999925e+00 9.049390000000000489e-01
2.168000000000000149e+00 9.057020000000000071e-01
2.169999999999999929e+00 8.994269999999999765e-01
2.172000000000000153e+00 8.974670000000000147e-01
2.173999999999999932e+00 8.909679999999999822e-01
2.176000000000000156e+00 8.962560000000000526e-01
2.177999999999999936e+00 8.904560000000000253e-01
2.180000000000000160e+00 8.838190000000000213e-01
2.181999999999999940e+00 8.859869999999999690e-01
2.184000000000000163e+00 8.774769999999999515e-01
2.185999999999999943e+00 8.701229999999999798e-01
2.188000000000000167e+00 8.727500000000000258e-01
2.189999999999999947e+00 8.649010000000000309e-01
2.192000000000000171e+00 8.703750000000000098e-01
2.193999999999999950e+00 8.760310000000000041e-01
2.196000000000000174e+00 8.651860000000000106e-01
2.197999999999999954e+00 8.600179999999999492e-01
2.200000000000000178e+00 8.585620000000000474e-01
2.201999999999999957e+00 8.500410000000000466e-01
2.204000000000000181e+00 8.448679999999999524e-01
2.205999999999999961e+00 8.441549999999999887e-01
2.208000000000000185e+00 8.335489999999999844e-01
2.209999999999999964e+00 8.387660000000000116e-01
2.212000000000000188e+00 8.485340000000000105e-01
2.213999999999999968e+00 8.613490000000000313e-01
2.216000000000000192e+00 8.461969999999999770e-01
2.217999999999999972e+00 8.800689999999999902e-01
2.220000000000000195e+00 8.337029999999999719e-01
2.221999999999999975e+00 8.302730000000000388e-01
2.224000000000000199e+00 8.302310000000000523e-01
2.225999999999999979e+00 8.237419999999999742e-01
2.228000000000000203e+00 8.253279999999999506e-01
2.229999999999999982e+00 8.275679999999999703e-01
2.232000000000000206e+00 8.186660000000000048e-01
2.233999999999999986e+00 8.258529999999999482e-01
2.236000000000000210e+00 8.195320000000000382e-01
2.237999999999999989e+00 8.155099999999999572e-01
2.240000000000000213e+00 7.983280000000000376e-01
2.241999999999999993e+00 7.834729999999999750e-01
2.244000000000000217e+00 7.912559999999999594e-01
2.245999999999999996e+00 7.847650000000000459e-01
2.248000000000000220e+00 7.746979999999999977e-01
2.250000000000000000e+00 7.793729999999999825e-01
2.251999999999999780e+00 7.670219999999999816e-01
2.254000000000000004e+00 7.508979999999999544e-01
2.255999999999999783e+00 7.532910000000000439e-01
2.258000000000000007e+00 7.543509999999999938e-01
2.259999999999999787e+00 7.526840000000000197e-01
2.262000000000000011e+00 7.478510000000000435e-01
2.263999999999999790e+00 7.566410000000000080e-01
2.266000000000000014e+00 7.480759999999999632e-01
2.267999999999999794e+00 7.550980000000000469e-01
2.270000000000000018e+00 7.584189999999999543e-01
2.271999999999999797e+00 7.685340000000000504e-01
2.274000000000000021e+00 7.844189999999999774e-01
2.275999999999999801e+00 7.800719999999999876e-01
2.278000000000000025e+00 8.055860000000000243e-01
2.279999999999999805e+00 8.205949999999999633e-01
2.282000000000000028e+00 8.396150000000000002e-01
2.283999999999999808e+00 8.622370000000000312e-01
2.286000000000000032e+00 8.762569999999999526e-01
2.287999999999999812e+00 8.927829999999999933e-01
2.290000000000000036e+00 9.222369999999999735e-01
2.291999999999999815e+00 9.529870000000000285e-01
2.294000000000000039e+00 9.737940000000000484e-01
2.295999999999999819e+00 9.915709999999999802e-01
2.298000000000000043e+00 1.032230999999999899e+00
2.299999999999999822e+00 1.046740000000000004e+00
2.302000000000000046e+00 1.088802000000000048e+00
2.303999999999999826e+00 1.100389000000000062e+00
2.306000000000000050e+00 1.125050000000000106e+00
2.307999999999999829e+00 1.153122999999999898e+00
2.310000000000000053e+00 1.168744000000000005e+00
2.311999999999999833e+00 1.178685999999999900e+00
2.314000000000000057e+00 1.194231999999999960e+00
2.315999999999999837e+00 1.205128999999999895e+00
2.318000000000000060e+00 1.228556999999999899e+00
2.319999999999999840e+00 1.232645999999999908e+00
2.322000000000000064e+00 1.233006000000000046e+00
2.323999999999999844e+00 1.242075000000000040e+00
2.326000000000000068e+00 1.247128000000000014e+00
2.327999999999999847e+00 1.245978000000000030e+00
2.330000000000000071e+00 1.246674999999999978e+00
2.331999999999999851e+00 1.250920999999999950e+00
2.334000000000000075e+00 1.289123000000000019e+00
2.335999999999999854e+00 1.256455000000000100e+00
2.338000000000000078e+00 1.256045999999999996e+00
2.339999999999999858e+00 1.264804000000000039e+00
2.342000000000000082e+00 1.253754999999999953e+00
2.343999999999999861e+00 1.264753000000000016e+00
2.346000000000000085e+00 1.266748999999999903e+00
2.347999999999999865e+00 1.266456000000000026e+00
2.350000000000000089e+00 1.276856999999999909e+00
2.351999999999999869e+00 1.270944999999999991e+00
2.354000000000000092e+00 1.267352000000000034e+00
2.355999999999999872e+00 1.262821999999999889e+00
2.358000000000000096e+00 1.261317000000000021e+00
2.359999999999999876e+00 1.270424999999999915e+00
2.362000000000000099e+00 1.261978000000000044e+00
2.363999999999999879e+00 1.258807000000000009e+00
2.366000000000000103e+00 1.251082999999999945e+00
2.367999999999999883e+00 1.273047999999999957e+00
2.370000000000000107e+00 1.269554000000000071e+00
2.371999999999999886e+00 1.245298999999999934e+00
2.374000000000000110e+00 1.232941999999999982e+00
2.375999999999999890e+00 1.220962000000000103e+00
2.378000000000000114e+00 1.206348999999999894e+00
2.379999999999999893e+00 1.191399000000000097e+00
2.382000000000000117e+00 1.173488000000000087e+00
2.383999999999999897e+00 1.168252000000000068e+00
2.386000000000000121e+00 1.165127000000000024e+00
2.387999999999999901e+00 1.154387999999999970e+00
2.390000000000000124e+00 1.138171000000000044e+00
2.391999999999999904e+00 1.130808999999999953e+00
2.394000000000000128e+00 1.132223999999999897e+00
2.395999999999999908e+00 1.135650999999999966e+00
2.398000000000000131e+00 1.105637999999999899e+00
2.399999999999999911e+00 1.082823000000000091e+00
2.402000000000000135e+00 1.067986000000000102e+00
2.403999999999999915e+00 1.053747999999999907e+00
2.406000000000000139e+00 1.041932999999999998e+00
2.407999999999999918e+00 1.028769999999999962e+00
2.410000000000000142e+00 1.018944999999999990e+00
2.411999999999999922e+00 1.014972999999999903e+00
2.414000000000000146e+00 1.001757999999999926e+00
2.415999999999999925e+00 9.907620000000000315e-01
2.418000000000000149e+00 9.767780000000000351e-01
2.419999999999999929e+00 9.604369999999999852e-01
2.422000000000000153e+00 9.603289999999999882e-01
2.423999999999999932e+00 9.608440000000000314e-01
2.426000000000000156e+00 9.500849999999999573e-01
2.427999999999999936e+00 9.309030000000000360e-01
2.430000000000000160e+00 9.186309999999999754e-01
2.431999999999999940e+00 9.149659999999999460e-01
2.434000000000000163e+00 9.107070000000000443e-01
2.435999999999999943e+00 8.990339999999999998e-01
2.438000000000000167e+00 8.961630000000000429e-01
2.439999999999999947e+00 9.048150000000000359e-01
2.442000000000000171e+00 8.802330000000000432e-01
2.443999999999999950e+00 8.866889999999999494e-01
2.446000000000000174e+00 8.872339999999999671e-01
2.447999999999999954e+00 8.845439999999999969e-01
2.450000000000000178e+00 8.934769999999999657e-01
2.451999999999999957e+00 8.895060000000000189e-01
2.454000000000000181e+00 8.983240000000000114e-01
2.455999999999999961e+00 8.991050000000000431e-01
2.458000000000000185e+00 9.035819999999999963e-01
2.459999999999999964e+00 9.071420000000000039e-01
2.462000000000000188e+00 9.216069999999999540e-01
2.463999999999999968e+00 9.273219999999999796e-01
2.466000000000000192e+00 9.266440000000000232e-01
2.467999999999999972e+00 9.482930000000000526e-01
2.470000000000000195e+00 9.668759999999999577e-01
2.471999999999999975e+00 9.687320000000000375e-01
2.474000000000000199e+00 9.786230000000000206e-01
2.475999999999999979e+00 9.772399999999999975e-01
2.478000000000000203e+00 9.906840000000000090e-01
2.479999999999999982e+00 9.960989999999999567e-01
2.482000000000000206e+00 1.003991000000000078e+00
2.483999999999999986e+00 1.022010000000000085e+00
2.486000000000000210e+00 1.020240000000000036e+00
2.487999999999999989e+00 1.041169999999999929e+00
2.490000000000000213e+00 1.046999000000000013e+00
2.491999999999999993e+00 1.059028999999999998e+00
2.494000000000000217e+00 1.065647999999999929e+00
2.495999999999999996e+00 1.062148000000000092e+00
2.498000000000000220e+00 1.069293999999999967e+00
2.500000000000000000e+00 1.070669000000000093e+00
2.501999999999999780e+00 1.084041000000000032e+00
2.504000000000000004e+00 1.091145000000000032e+00
2.505999999999999783e+00 1.085406000000000093e+00
2.508000000000000007e+00 1.104986999999999941e+00
2.509999999999999787e+00 1.098943000000000003e+00
2.512000000000000011e+00 1.094081999999999999e+00
2.513999999999999790e+00 1.100405000000000078e+00
2.516000000000000014e+00 1.098587999999999898e+00
2.517999999999999794e+00 1.117180999999999980e+00
2.520000000000000018e+00 1.120529000000000108e+00
2.521999999999999797e+00 1.112274999999999903e+00
2.524000000000000021e+00 1.105501999999999985e+00
2.525999999999999801e+00 1.094908999999999910e+00
2.528000000000000025e+00 1.093987999999999960e+00
2.529999999999999805e+00 1.084721999999999964e+00
2.532000000000000028e+00 1.089723999999999915e+00
2.533999999999999808e+00 1.085140999999999911e+00
2.536000000000000032e+00 1.095779999999999976e+00
2.537999999999999812e+00 1.097509999999999986e+00
2.540000000000000036e+00 1.081633000000000067e+00
2.541999999999999815e+00 1.093020000000000103e+00
2.544000000000000039e+00 1.084902999999999951e+00
2.545999999999999819e+00 1.082562000000000024e+00
2.548000000000000043e+00 1.088093999999999895e+00
2.549999999999999822e+00 1.084041000000000032e+00
2.552000000000000046e+00 1.088284000000000029e+00
2.553999999999999826e+00 1.089806999999999970e+00
2.556000000000000050e+00 1.093814000000000064e+00
2.557999999999999829e+00 1.080219999999999958e+00
2.560000000000000053e+00 1.083728999999999942e+00
2.561999999999999833e+00 1.083769999999999900e+00
2.564000000000000057e+00 1.075321999999999889e+00
2.565999999999999837e+00 1.077482999999999969e+00
2.568000000000000060e+00 1.077828999999999926e+00
2.569999999999999840e+00 1.075601000000000029e+00
