0.000000e+00 3.138856999999999786e+00
4.000000e+00 3.140763000000000194e+00
8.000000e+00 3.140483000000000136e+00
1.200000e+01 3.138717999999999897e+00
1.600000e+01 3.139775999999999900e+00
2.000000e+01 3.140178999999999832e+00
2.400000e+01 3.208692999999999795e+00
2.800000e+01 3.207764000000000060e+00
3.200000e+01 3.204371000000000080e+00
3.600000e+01 3.205921000000000021e+00
4.000000e+01 3.204473000000000127e+00
4.400000e+01 3.205832000000000015e+00
4.800000e+01 3.202609999999999957e+00
5.200000e+01 3.206500000000000128e+00
5.600000e+01 3.207364999999999799e+00
6.000000e+01 3.204555000000000042e+00
6.400000e+01 3.209254000000000051e+00
6.800000e+01 3.205592000000000219e+00
7.200000e+01 3.202417000000000069e+00
7.600000e+01 3.205890999999999824e+00
8.000000e+01 3.202246000000000148e+00
8.400000e+01 3.205417000000000183e+00
8.800000e+01 3.205331000000000152e+00
9.200000e+01 3.205652999999999864e+00
9.600000e+01 3.203396000000000132e+00
1.000000e+02 3.203488999999999809e+00
1.040000e+02 3.203943999999999903e+00
1.080000e+02 3.204673999999999801e+00
1.120000e+02 3.203711999999999893e+00
1.160000e+02 3.202271000000000090e+00
1.200000e+02 3.201337999999999795e+00
1.240000e+02 3.205458999999999836e+00
1.280000e+02 3.202199999999999935e+00
1.320000e+02 3.203526999999999791e+00
1.360000e+02 3.203651999999999944e+00
1.400000e+02 3.204610999999999876e+00
1.440000e+02 3.206703000000000081e+00
1.480000e+02 3.204263999999999779e+00
1.520000e+02 3.207017000000000007e+00
1.560000e+02 3.203091000000000133e+00
1.600000e+02 3.203412999999999844e+00
1.640000e+02 3.204746000000000095e+00
1.680000e+02 3.208040000000000003e+00
1.720000e+02 3.208133000000000123e+00
1.760000e+02 3.204899999999999860e+00
1.800000e+02 3.203476000000000212e+00
1.840000e+02 3.204743000000000119e+00
1.880000e+02 3.204829999999999846e+00
1.920000e+02 3.207059000000000104e+00
1.960000e+02 3.206104999999999983e+00
2.000000e+02 3.203545999999999783e+00
2.040000e+02 3.204766999999999921e+00
2.080000e+02 3.205271999999999899e+00
2.120000e+02 3.200817999999999941e+00
2.160000e+02 3.206036999999999804e+00
2.200000e+02 3.202960000000000029e+00
2.240000e+02 3.205489000000000033e+00
2.280000e+02 3.202830000000000066e+00
2.320000e+02 3.206007000000000051e+00
2.360000e+02 3.203378999999999976e+00
2.400000e+02 3.204759999999999831e+00
2.440000e+02 3.206929000000000141e+00
2.480000e+02 3.202723999999999904e+00
2.520000e+02 3.203558999999999823e+00
2.560000e+02 3.202599000000000196e+00
2.600000e+02 3.201953000000000049e+00
2.640000e+02 3.204403999999999808e+00
2.680000e+02 3.205023000000000177e+00
2.720000e+02 3.206049999999999844e+00
2.760000e+02 3.205178000000000083e+00
2.800000e+02 3.203231999999999857e+00
2.840000e+02 3.205201999999999884e+00
2.880000e+02 3.204209000000000085e+00
2.920000e+02 3.201661000000000090e+00
2.960000e+02 3.203746999999999900e+00
3.000000e+02 3.205058999999999880e+00
3.040000e+02 3.207108999999999988e+00
3.080000e+02 3.205656999999999979e+00
3.120000e+02 3.204162000000000177e+00
3.160000e+02 3.205033999999999939e+00
3.200000e+02 3.204537000000000191e+00
3.240000e+02 3.205001999999999907e+00
3.280000e+02 3.205576000000000203e+00
3.320000e+02 3.204677000000000220e+00
3.360000e+02 3.205725999999999853e+00
3.400000e+02 3.203953999999999969e+00
3.440000e+02 3.206212999999999980e+00
3.480000e+02 3.203717999999999844e+00
3.520000e+02 3.203491000000000088e+00
3.560000e+02 3.204699999999999882e+00
3.600000e+02 3.205182000000000198e+00
3.640000e+02 3.205579999999999874e+00
3.680000e+02 3.201540000000000052e+00
3.720000e+02 3.203491999999999784e+00
3.760000e+02 3.205543000000000031e+00
3.800000e+02 3.203409999999999869e+00
3.840000e+02 3.206583999999999879e+00
3.880000e+02 3.205468000000000206e+00
3.920000e+02 3.202487000000000084e+00
3.960000e+02 3.202418999999999905e+00
4.000000e+02 3.204349000000000114e+00
4.040000e+02 3.204969000000000179e+00
4.080000e+02 3.204015000000000057e+00
4.120000e+02 3.204692000000000096e+00
4.160000e+02 3.206449999999999800e+00
4.200000e+02 3.201592000000000215e+00
4.240000e+02 3.205509000000000164e+00
4.280000e+02 3.202503999999999795e+00
4.320000e+02 3.207555999999999852e+00
4.360000e+02 3.205878999999999923e+00
4.400000e+02 3.204260999999999804e+00
4.440000e+02 3.201751999999999931e+00
4.480000e+02 3.205351999999999979e+00
4.520000e+02 3.205254000000000048e+00
4.560000e+02 3.202932000000000112e+00
4.600000e+02 3.203193999999999875e+00
4.640000e+02 3.203113000000000099e+00
4.680000e+02 3.206001000000000101e+00
4.720000e+02 3.202652000000000054e+00
4.760000e+02 3.204099999999999948e+00
4.800000e+02 3.204324000000000172e+00
4.840000e+02 3.200867999999999824e+00
4.880000e+02 3.203667999999999960e+00
4.920000e+02 3.203762999999999916e+00
4.960000e+02 3.204073000000000171e+00
5.000000e+02 3.203481000000000023e+00
