0.000000000000000000e+00 3.138856999999999786e+00 2.369851999999999848e+00 2.542084000000000010e+00 2.761606000000000005e+00
0.000000000000000000e+00 3.140763000000000194e+00 2.375519999999999854e+00 2.541892999999999958e+00 2.761245000000000172e+00
0.000000000000000000e+00 3.140483000000000136e+00 2.374589999999999979e+00 2.543540000000000134e+00 2.759886999999999979e+00
0.000000000000000000e+00 3.138717999999999897e+00 2.374176999999999982e+00 2.542556999999999956e+00 2.757134999999999891e+00
0.000000000000000000e+00 3.139775999999999900e+00 2.374241000000000046e+00 2.543492000000000086e+00 2.758624999999999883e+00
0.000000000000000000e+00 3.140178999999999832e+00 2.375138999999999889e+00 2.543788000000000160e+00 2.758500000000000174e+00
0.000000000000000000e+00 3.208692999999999795e+00 2.487604000000000148e+00 2.520258999999999805e+00 2.837524999999999853e+00
0.000000000000000000e+00 3.207764000000000060e+00 2.488698999999999995e+00 2.517040999999999862e+00 2.837318999999999924e+00
0.000000000000000000e+00 3.204371000000000080e+00 2.490588999999999942e+00 2.510517999999999805e+00 2.833771000000000040e+00
0.000000000000000000e+00 3.205921000000000021e+00 2.491537000000000113e+00 2.513770000000000060e+00 2.833563999999999972e+00
0.000000000000000000e+00 3.204473000000000127e+00 2.490571999999999786e+00 2.510730999999999824e+00 2.833825000000000038e+00
0.000000000000000000e+00 3.205832000000000015e+00 2.494688000000000017e+00 2.509542999999999857e+00 2.834331999999999852e+00
0.000000000000000000e+00 3.202609999999999957e+00 2.490413999999999906e+00 2.509006999999999987e+00 2.831277000000000044e+00
0.000000000000000000e+00 3.206500000000000128e+00 2.496951000000000143e+00 2.507814999999999905e+00 2.835382000000000069e+00
0.000000000000000000e+00 3.207364999999999799e+00 2.494296999999999986e+00 2.510794999999999888e+00 2.837035000000000196e+00
0.000000000000000000e+00 3.204555000000000042e+00 2.493536000000000197e+00 2.508512000000000075e+00 2.833372999999999919e+00
0.000000000000000000e+00 3.209254000000000051e+00 2.496249999999999858e+00 2.512703999999999827e+00 2.837898000000000032e+00
0.000000000000000000e+00 3.205592000000000219e+00 2.494638999999999829e+00 2.508553000000000033e+00 2.834709000000000145e+00
0.000000000000000000e+00 3.202417000000000069e+00 2.494349000000000149e+00 2.505041999999999991e+00 2.830887999999999849e+00
0.000000000000000000e+00 3.205890999999999824e+00 2.495587000000000000e+00 2.508665000000000145e+00 2.834455999999999865e+00
0.000000000000000000e+00 3.202246000000000148e+00 2.489920000000000133e+00 2.509017000000000053e+00 2.830881999999999898e+00
0.000000000000000000e+00 3.205417000000000183e+00 2.490708999999999840e+00 2.513295999999999975e+00 2.833568000000000087e+00
0.000000000000000000e+00 3.205331000000000152e+00 2.491016999999999815e+00 2.512701999999999991e+00 2.833629999999999871e+00
0.000000000000000000e+00 3.205652999999999864e+00 2.495490999999999904e+00 2.508121000000000045e+00 2.834480000000000111e+00
0.000000000000000000e+00 3.203396000000000132e+00 2.491115999999999886e+00 2.510010999999999992e+00 2.831550000000000011e+00
0.000000000000000000e+00 3.203488999999999809e+00 2.494937999999999878e+00 2.505980000000000096e+00 2.831964000000000148e+00
0.000000000000000000e+00 3.203943999999999903e+00 2.492564999999999920e+00 2.509224000000000121e+00 2.832212000000000174e+00
0.000000000000000000e+00 3.204673999999999801e+00 2.492252000000000134e+00 2.509259999999999824e+00 2.834106999999999932e+00
0.000000000000000000e+00 3.203711999999999893e+00 2.493481000000000058e+00 2.507498000000000005e+00 2.832412999999999847e+00
0.000000000000000000e+00 3.202271000000000090e+00 2.489597999999999978e+00 2.509393000000000207e+00 2.830881000000000203e+00
0.000000000000000000e+00 3.201337999999999795e+00 2.494515999999999956e+00 2.503273000000000081e+00 2.829865999999999993e+00
0.000000000000000000e+00 3.205458999999999836e+00 2.494210999999999956e+00 2.509962999999999944e+00 2.833539000000000030e+00
0.000000000000000000e+00 3.202199999999999935e+00 2.490061999999999998e+00 2.508944000000000063e+00 2.830718000000000067e+00
0.000000000000000000e+00 3.203526999999999791e+00 2.490400000000000169e+00 2.510562000000000182e+00 2.831986999999999810e+00
0.000000000000000000e+00 3.203651999999999944e+00 2.488736999999999977e+00 2.511979999999999880e+00 2.832479999999999887e+00
0.000000000000000000e+00 3.204610999999999876e+00 2.494920000000000027e+00 2.507068999999999992e+00 2.833553999999999906e+00
0.000000000000000000e+00 3.206703000000000081e+00 2.497533999999999921e+00 2.507814000000000210e+00 2.835325000000000095e+00
0.000000000000000000e+00 3.204263999999999779e+00 2.493114999999999970e+00 2.508456999999999937e+00 2.833133000000000123e+00
0.000000000000000000e+00 3.207017000000000007e+00 2.493071000000000037e+00 2.511916999999999955e+00 2.836333000000000215e+00
0.000000000000000000e+00 3.203091000000000133e+00 2.493679000000000201e+00 2.506377000000000077e+00 2.831827000000000094e+00
0.000000000000000000e+00 3.203412999999999844e+00 2.492786000000000168e+00 2.508612999999999982e+00 2.831357000000000124e+00
0.000000000000000000e+00 3.204746000000000095e+00 2.492065999999999892e+00 2.510850000000000026e+00 2.833028000000000102e+00
0.000000000000000000e+00 3.208040000000000003e+00 2.494761000000000006e+00 2.511858000000000146e+00 2.837219000000000158e+00
0.000000000000000000e+00 3.208133000000000123e+00 2.490971000000000046e+00 2.515347999999999917e+00 2.837661999999999907e+00
0.000000000000000000e+00 3.204899999999999860e+00 2.494489000000000178e+00 2.508893000000000040e+00 2.832971999999999824e+00
0.000000000000000000e+00 3.203476000000000212e+00 2.492948999999999860e+00 2.507833000000000201e+00 2.832052000000000014e+00
0.000000000000000000e+00 3.204743000000000119e+00 2.487591000000000108e+00 2.514718999999999927e+00 2.833518999999999899e+00
0.000000000000000000e+00 3.204829999999999846e+00 2.493660999999999905e+00 2.509942999999999813e+00 2.832616999999999940e+00
0.000000000000000000e+00 3.207059000000000104e+00 2.489640000000000075e+00 2.516512000000000082e+00 2.835367999999999888e+00
0.000000000000000000e+00 3.206104999999999983e+00 2.493939000000000128e+00 2.511150000000000215e+00 2.834187000000000012e+00
0.000000000000000000e+00 3.203545999999999783e+00 2.489916000000000018e+00 2.511458999999999886e+00 2.831662999999999819e+00
0.000000000000000000e+00 3.204766999999999921e+00 2.493222999999999967e+00 2.509234999999999882e+00 2.833486000000000171e+00
0.000000000000000000e+00 3.205271999999999899e+00 2.493570000000000064e+00 2.510812000000000044e+00 2.832929000000000030e+00
0.000000000000000000e+00 3.200817999999999941e+00 2.490235999999999894e+00 2.507400000000000073e+00 2.828806999999999849e+00
0.000000000000000000e+00 3.206036999999999804e+00 2.497053999999999885e+00 2.507213999999999832e+00 2.834773999999999905e+00
0.000000000000000000e+00 3.202960000000000029e+00 2.491410000000000124e+00 2.509643000000000068e+00 2.830633999999999872e+00
0.000000000000000000e+00 3.205489000000000033e+00 2.492335000000000189e+00 2.511333000000000037e+00 2.834042999999999868e+00
0.000000000000000000e+00 3.202830000000000066e+00 2.490813999999999862e+00 2.510609999999999786e+00 2.830004000000000186e+00
0.000000000000000000e+00 3.206007000000000051e+00 2.495090999999999948e+00 2.509190999999999949e+00 2.834680999999999784e+00
0.000000000000000000e+00 3.203378999999999976e+00 2.488837000000000188e+00 2.512563999999999798e+00 2.831259000000000192e+00
0.000000000000000000e+00 3.204759999999999831e+00 2.490261999999999976e+00 2.512522000000000144e+00 2.833162999999999876e+00
0.000000000000000000e+00 3.206929000000000141e+00 2.494247000000000103e+00 2.512744999999999784e+00 2.834363999999999884e+00
0.000000000000000000e+00 3.202723999999999904e+00 2.491009000000000029e+00 2.509047999999999945e+00 2.830979999999999830e+00
0.000000000000000000e+00 3.203558999999999823e+00 2.490819999999999812e+00 2.510108999999999924e+00 2.832089999999999996e+00
0.000000000000000000e+00 3.202599000000000196e+00 2.489313999999999805e+00 2.510758000000000045e+00 2.830670000000000019e+00
0.000000000000000000e+00 3.201953000000000049e+00 2.490901000000000032e+00 2.508366999999999791e+00 2.829927000000000081e+00
0.000000000000000000e+00 3.204403999999999808e+00 2.493475000000000108e+00 2.509577000000000169e+00 2.832142000000000159e+00
0.000000000000000000e+00 3.205023000000000177e+00 2.489752000000000187e+00 2.512798000000000087e+00 2.833965000000000067e+00
0.000000000000000000e+00 3.206049999999999844e+00 2.493789000000000033e+00 2.511210000000000164e+00 2.834140999999999799e+00
0.000000000000000000e+00 3.205178000000000083e+00 2.489250999999999880e+00 2.513948000000000071e+00 2.833730000000000082e+00
0.000000000000000000e+00 3.203231999999999857e+00 2.494873999999999814e+00 2.506329000000000029e+00 2.831134000000000039e+00
0.000000000000000000e+00 3.205201999999999884e+00 2.491568000000000005e+00 2.512010000000000076e+00 2.833467000000000180e+00
0.000000000000000000e+00 3.204209000000000085e+00 2.488335000000000186e+00 2.513933999999999891e+00 2.832355000000000178e+00
0.000000000000000000e+00 3.201661000000000090e+00 2.490371000000000112e+00 2.508290000000000131e+00 2.829809000000000019e+00
0.000000000000000000e+00 3.203746999999999900e+00 2.488868000000000080e+00 2.512288999999999994e+00 2.832301999999999875e+00
0.000000000000000000e+00 3.205058999999999880e+00 2.490759999999999863e+00 2.512769000000000030e+00 2.833187000000000122e+00
0.000000000000000000e+00 3.207108999999999988e+00 2.494908000000000126e+00 2.510908000000000140e+00 2.835817000000000032e+00
0.000000000000000000e+00 3.205656999999999979e+00 2.490348000000000006e+00 2.513501999999999903e+00 2.834245000000000125e+00
0.000000000000000000e+00 3.204162000000000177e+00 2.488288999999999973e+00 2.513812999999999853e+00 2.832396999999999831e+00
0.000000000000000000e+00 3.205033999999999939e+00 2.496614000000000111e+00 2.506561000000000039e+00 2.833467999999999876e+00
0.000000000000000000e+00 3.204537000000000191e+00 2.491486000000000089e+00 2.510174000000000127e+00 2.833661999999999903e+00
0.000000000000000000e+00 3.205001999999999907e+00 2.492116999999999916e+00 2.511595999999999940e+00 2.832898999999999834e+00
0.000000000000000000e+00 3.205576000000000203e+00 2.493564999999999809e+00 2.510266000000000108e+00 2.834103999999999957e+00
0.000000000000000000e+00 3.204677000000000220e+00 2.490765000000000118e+00 2.511986999999999970e+00 2.833006000000000135e+00
0.000000000000000000e+00 3.205725999999999853e+00 2.494127999999999901e+00 2.509622999999999937e+00 2.834515000000000118e+00
0.000000000000000000e+00 3.203953999999999969e+00 2.492774999999999963e+00 2.509040999999999855e+00 2.832212000000000174e+00
0.000000000000000000e+00 3.206212999999999980e+00 2.494002000000000052e+00 2.511007999999999907e+00 2.834496000000000127e+00
0.000000000000000000e+00 3.203717999999999844e+00 2.491722999999999910e+00 2.509908999999999946e+00 2.831836000000000020e+00
0.000000000000000000e+00 3.203491000000000088e+00 2.494349000000000149e+00 2.507230999999999987e+00 2.831389000000000156e+00
0.000000000000000000e+00 3.204699999999999882e+00 2.492198000000000135e+00 2.510785999999999962e+00 2.832861999999999991e+00
0.000000000000000000e+00 3.205182000000000198e+00 2.490747999999999962e+00 2.512750000000000039e+00 2.833486000000000171e+00
0.000000000000000000e+00 3.205579999999999874e+00 2.490876000000000090e+00 2.512579000000000118e+00 2.834426999999999808e+00
0.000000000000000000e+00 3.201540000000000052e+00 2.492846000000000117e+00 2.505978999999999957e+00 2.829398999999999997e+00
0.000000000000000000e+00 3.203491999999999784e+00 2.491020999999999930e+00 2.510326000000000057e+00 2.831573000000000118e+00
0.000000000000000000e+00 3.205543000000000031e+00 2.495826000000000100e+00 2.508294999999999941e+00 2.833785999999999916e+00
0.000000000000000000e+00 3.203409999999999869e+00 2.488014999999999866e+00 2.512855000000000061e+00 2.831784999999999997e+00
0.000000000000000000e+00 3.206583999999999879e+00 2.492926999999999893e+00 2.511943000000000037e+00 2.835459999999999869e+00
0.000000000000000000e+00 3.205468000000000206e+00 2.492478000000000193e+00 2.511552000000000007e+00 2.833676999999999779e+00
0.000000000000000000e+00 3.202487000000000084e+00 2.489097999999999811e+00 2.510707000000000022e+00 2.830651000000000028e+00
0.000000000000000000e+00 3.202418999999999905e+00 2.486276000000000153e+00 2.513730999999999938e+00 2.830292000000000030e+00
0.000000000000000000e+00 3.204349000000000114e+00 2.490336000000000105e+00 2.511718999999999813e+00 2.832882999999999818e+00
0.000000000000000000e+00 3.204969000000000179e+00 2.488993999999999929e+00 2.513507999999999853e+00 2.833874999999999922e+00
0.000000000000000000e+00 3.204015000000000057e+00 2.492421000000000220e+00 2.509834000000000120e+00 2.831961000000000173e+00
0.000000000000000000e+00 3.204692000000000096e+00 2.493196000000000190e+00 2.509999000000000091e+00 2.832663999999999849e+00
0.000000000000000000e+00 3.206449999999999800e+00 2.492942000000000213e+00 2.512720999999999982e+00 2.834449999999999914e+00
0.000000000000000000e+00 3.201592000000000215e+00 2.492013000000000034e+00 2.506178999999999935e+00 2.830074999999999896e+00
0.000000000000000000e+00 3.205509000000000164e+00 2.493767000000000067e+00 2.509967000000000059e+00 2.834035000000000082e+00
0.000000000000000000e+00 3.202503999999999795e+00 2.490925999999999974e+00 2.509541000000000022e+00 2.830114000000000019e+00
0.000000000000000000e+00 3.207555999999999852e+00 2.494743999999999851e+00 2.511976999999999904e+00 2.836030000000000051e+00
0.000000000000000000e+00 3.205878999999999923e+00 2.489505999999999997e+00 2.514886000000000177e+00 2.834258000000000166e+00
0.000000000000000000e+00 3.204260999999999804e+00 2.493303000000000047e+00 2.508377999999999997e+00 2.833025999999999822e+00
0.000000000000000000e+00 3.201751999999999931e+00 2.487765000000000004e+00 2.511420000000000208e+00 2.829524999999999846e+00
0.000000000000000000e+00 3.205351999999999979e+00 2.492548000000000208e+00 2.510162999999999922e+00 2.834581000000000017e+00
0.000000000000000000e+00 3.205254000000000048e+00 2.490539000000000058e+00 2.513128000000000029e+00 2.833495999999999793e+00
0.000000000000000000e+00 3.202932000000000112e+00 2.492611000000000132e+00 2.508398999999999823e+00 2.830611000000000210e+00
0.000000000000000000e+00 3.203193999999999875e+00 2.492865999999999804e+00 2.507960999999999885e+00 2.831369000000000025e+00
0.000000000000000000e+00 3.203113000000000099e+00 2.492802999999999880e+00 2.507801999999999865e+00 2.831380999999999926e+00
0.000000000000000000e+00 3.206001000000000101e+00 2.488525000000000098e+00 2.516547000000000089e+00 2.833919999999999995e+00
0.000000000000000000e+00 3.202652000000000054e+00 2.494419999999999860e+00 2.506295999999999857e+00 2.830251000000000072e+00
0.000000000000000000e+00 3.204099999999999948e+00 2.488385000000000069e+00 2.513530999999999960e+00 2.832419999999999938e+00
0.000000000000000000e+00 3.204324000000000172e+00 2.495372000000000146e+00 2.507137999999999867e+00 2.832446000000000019e+00
0.000000000000000000e+00 3.200867999999999824e+00 2.492605000000000182e+00 2.505371999999999932e+00 2.828628999999999838e+00
0.000000000000000000e+00 3.203667999999999960e+00 2.493541000000000007e+00 2.507372000000000156e+00 2.832371999999999890e+00
0.000000000000000000e+00 3.203762999999999916e+00 2.494547999999999988e+00 2.507179999999999964e+00 2.831871000000000027e+00
0.000000000000000000e+00 3.204073000000000171e+00 2.490803000000000100e+00 2.510632000000000197e+00 2.832807999999999993e+00
0.000000000000000000e+00 3.203481000000000023e+00 2.495975000000000055e+00 2.505870999999999960e+00 2.831131000000000064e+00
