0.000000e+00 3.134749999999999925e+00
1.000000e+01 3.306270000000000042e+00
2.000000e+01 3.298729999999999940e+00
3.000000e+01 3.298620000000000108e+00
4.000000e+01 3.294020000000000170e+00
5.000000e+01 3.297180000000000000e+00
6.000000e+01 3.297810000000000130e+00
7.000000e+01 3.297109999999999985e+00
8.000000e+01 3.297919999999999963e+00
9.000000e+01 3.298210000000000086e+00
1.000000e+02 3.296650000000000080e+00
1.100000e+02 3.295469999999999899e+00
1.200000e+02 3.295339999999999936e+00
1.300000e+02 3.294119999999999937e+00
1.400000e+02 3.295770000000000088e+00
1.500000e+02 3.296339999999999826e+00
1.600000e+02 3.299090000000000078e+00
1.700000e+02 3.295279999999999987e+00
1.800000e+02 3.292749999999999844e+00
1.900000e+02 3.295160000000000089e+00
2.000000e+02 3.295549999999999979e+00
2.100000e+02 3.293610000000000149e+00
2.200000e+02 3.294630000000000170e+00
2.300000e+02 3.294490000000000141e+00
2.400000e+02 3.295580000000000176e+00
2.500000e+02 3.293239999999999945e+00
2.600000e+02 3.294309999999999850e+00
2.700000e+02 3.293219999999999814e+00
2.800000e+02 3.292159999999999975e+00
2.900000e+02 3.294049999999999923e+00
3.000000e+02 3.293649999999999967e+00
3.100000e+02 3.294810000000000016e+00
3.200000e+02 3.293820000000000192e+00
3.300000e+02 3.294220000000000148e+00
3.400000e+02 3.292339999999999822e+00
3.500000e+02 3.293190000000000062e+00
3.600000e+02 3.291700000000000070e+00
3.700000e+02 3.292489999999999917e+00
3.800000e+02 3.292269999999999808e+00
3.900000e+02 3.291619999999999990e+00
4.000000e+02 3.290939999999999976e+00
4.100000e+02 3.292600000000000193e+00
4.200000e+02 3.292650000000000077e+00
4.300000e+02 3.292409999999999837e+00
4.400000e+02 3.292040000000000077e+00
4.500000e+02 3.291809999999999903e+00
4.600000e+02 3.291630000000000056e+00
4.700000e+02 3.292199999999999793e+00
4.800000e+02 3.290059999999999985e+00
4.900000e+02 3.288489999999999913e+00
5.000000e+02 3.290099999999999802e+00
