0.000000000000000000e+00 3.134749999999999925e+00 2.369759999999999867e+00 2.537139999999999951e+00 2.756899999999999906e+00
0.000000000000000000e+00 3.306270000000000042e+00 2.353460000000000107e+00 2.766410000000000036e+00 2.944650000000000212e+00
0.000000000000000000e+00 3.298729999999999940e+00 2.354169999999999874e+00 2.758169999999999789e+00 2.934899999999999842e+00
0.000000000000000000e+00 3.298620000000000108e+00 2.353089999999999904e+00 2.759450000000000180e+00 2.934320000000000039e+00
0.000000000000000000e+00 3.294020000000000170e+00 2.348710000000000075e+00 2.757490000000000219e+00 2.929330000000000211e+00
0.000000000000000000e+00 3.297180000000000000e+00 2.352040000000000131e+00 2.758610000000000007e+00 2.932700000000000085e+00
0.000000000000000000e+00 3.297810000000000130e+00 2.350190000000000001e+00 2.760559999999999903e+00 2.933759999999999923e+00
0.000000000000000000e+00 3.297109999999999985e+00 2.352360000000000007e+00 2.758309999999999818e+00 2.932570000000000121e+00
0.000000000000000000e+00 3.297919999999999963e+00 2.351090000000000124e+00 2.760819999999999830e+00 2.933059999999999778e+00
0.000000000000000000e+00 3.298210000000000086e+00 2.350049999999999972e+00 2.761870000000000047e+00 2.933549999999999880e+00
0.000000000000000000e+00 3.296650000000000080e+00 2.349959999999999827e+00 2.760429999999999939e+00 2.931480000000000086e+00
0.000000000000000000e+00 3.295469999999999899e+00 2.351490000000000080e+00 2.757779999999999898e+00 2.930079999999999796e+00
0.000000000000000000e+00 3.295339999999999936e+00 2.348030000000000062e+00 2.760759999999999881e+00 2.929759999999999920e+00
0.000000000000000000e+00 3.294119999999999937e+00 2.351589999999999847e+00 2.756489999999999885e+00 2.928179999999999783e+00
0.000000000000000000e+00 3.295770000000000088e+00 2.349470000000000169e+00 2.759339999999999904e+00 2.930909999999999904e+00
0.000000000000000000e+00 3.296339999999999826e+00 2.350630000000000219e+00 2.759710000000000107e+00 2.930919999999999970e+00
0.000000000000000000e+00 3.299090000000000078e+00 2.351220000000000088e+00 2.762459999999999916e+00 2.934039999999999981e+00
0.000000000000000000e+00 3.295279999999999987e+00 2.351109999999999811e+00 2.758620000000000072e+00 2.929170000000000051e+00
0.000000000000000000e+00 3.292749999999999844e+00 2.350299999999999834e+00 2.755949999999999900e+00 2.926639999999999908e+00
0.000000000000000000e+00 3.295160000000000089e+00 2.351659999999999862e+00 2.757769999999999833e+00 2.929269999999999818e+00
0.000000000000000000e+00 3.295549999999999979e+00 2.352889999999999926e+00 2.757429999999999826e+00 2.929469999999999796e+00
0.000000000000000000e+00 3.293610000000000149e+00 2.350729999999999986e+00 2.756479999999999819e+00 2.927740000000000009e+00
0.000000000000000000e+00 3.294630000000000170e+00 2.350600000000000023e+00 2.757559999999999789e+00 2.929110000000000102e+00
0.000000000000000000e+00 3.294490000000000141e+00 2.351919999999999789e+00 2.756299999999999972e+00 2.928929999999999811e+00
0.000000000000000000e+00 3.295580000000000176e+00 2.353880000000000194e+00 2.755999999999999783e+00 2.930099999999999927e+00
0.000000000000000000e+00 3.293239999999999945e+00 2.351820000000000022e+00 2.755250000000000199e+00 2.927169999999999828e+00
0.000000000000000000e+00 3.294309999999999850e+00 2.351490000000000080e+00 2.756380000000000052e+00 2.928799999999999848e+00
0.000000000000000000e+00 3.293219999999999814e+00 2.353800000000000114e+00 2.753600000000000048e+00 2.927109999999999879e+00
0.000000000000000000e+00 3.292159999999999975e+00 2.350750000000000117e+00 2.754480000000000040e+00 2.926330000000000098e+00
0.000000000000000000e+00 3.294049999999999923e+00 2.351550000000000029e+00 2.756079999999999863e+00 2.928440000000000154e+00
0.000000000000000000e+00 3.293649999999999967e+00 2.349779999999999980e+00 2.757309999999999928e+00 2.927810000000000024e+00
0.000000000000000000e+00 3.294810000000000016e+00 2.350680000000000103e+00 2.757919999999999927e+00 2.929110000000000102e+00
0.000000000000000000e+00 3.293820000000000192e+00 2.351809999999999956e+00 2.755860000000000198e+00 2.927919999999999856e+00
0.000000000000000000e+00 3.294220000000000148e+00 2.352250000000000174e+00 2.756149999999999878e+00 2.928189999999999849e+00
0.000000000000000000e+00 3.292339999999999822e+00 2.352090000000000014e+00 2.754350000000000076e+00 2.925780000000000047e+00
0.000000000000000000e+00 3.293190000000000062e+00 2.353089999999999904e+00 2.754370000000000207e+00 2.926880000000000148e+00
0.000000000000000000e+00 3.291700000000000070e+00 2.352370000000000072e+00 2.753070000000000128e+00 2.925339999999999829e+00
0.000000000000000000e+00 3.292489999999999917e+00 2.352489999999999970e+00 2.753849999999999909e+00 2.926280000000000214e+00
0.000000000000000000e+00 3.292269999999999808e+00 2.352910000000000057e+00 2.753049999999999997e+00 2.926200000000000134e+00
0.000000000000000000e+00 3.291619999999999990e+00 2.351630000000000109e+00 2.753229999999999844e+00 2.925600000000000200e+00
0.000000000000000000e+00 3.290939999999999976e+00 2.352660000000000196e+00 2.752040000000000042e+00 2.924360000000000070e+00
0.000000000000000000e+00 3.292600000000000193e+00 2.354680000000000106e+00 2.752829999999999888e+00 2.925720000000000098e+00
0.000000000000000000e+00 3.292650000000000077e+00 2.354049999999999976e+00 2.752629999999999910e+00 2.926520000000000010e+00
0.000000000000000000e+00 3.292409999999999837e+00 2.353920000000000012e+00 2.753140000000000143e+00 2.925609999999999822e+00
0.000000000000000000e+00 3.292040000000000077e+00 2.354070000000000107e+00 2.752170000000000005e+00 2.925580000000000069e+00
0.000000000000000000e+00 3.291809999999999903e+00 2.352370000000000072e+00 2.753470000000000084e+00 2.925199999999999800e+00
0.000000000000000000e+00 3.291630000000000056e+00 2.353959999999999830e+00 2.752089999999999925e+00 2.924809999999999910e+00
0.000000000000000000e+00 3.292199999999999793e+00 2.352840000000000042e+00 2.753449999999999953e+00 2.925720000000000098e+00
0.000000000000000000e+00 3.290059999999999985e+00 2.354319999999999968e+00 2.749730000000000008e+00 2.923210000000000086e+00
0.000000000000000000e+00 3.288489999999999913e+00 2.352090000000000014e+00 2.749540000000000095e+00 2.921660000000000146e+00
0.000000000000000000e+00 3.290099999999999802e+00 2.352390000000000203e+00 2.751310000000000144e+00 2.923369999999999802e+00
