0.000000e+00 2.999999999999999864e-07
1.000000e+01 3.376993999999999829e-01
2.000000e+01 3.333021999999999929e-01
3.000000e+01 3.360337999999999936e-01
4.000000e+01 3.345447999999999755e-01
5.000000e+01 3.344868999999999759e-01
6.000000e+01 3.352208999999999883e-01
7.000000e+01 3.343463999999999881e-01
8.000000e+01 3.373488000000000042e-01
9.000000e+01 3.378879000000000188e-01
1.000000e+02 3.380715000000000248e-01
1.100000e+02 3.369612000000000163e-01
1.200000e+02 3.407043000000000155e-01
1.300000e+02 3.374190000000000245e-01
1.400000e+02 3.360671000000000075e-01
1.500000e+02 3.380718999999999808e-01
1.600000e+02 3.411691000000000029e-01
1.700000e+02 3.386490999999999807e-01
1.800000e+02 3.364701999999999971e-01
1.900000e+02 3.370479000000000114e-01
2.000000e+02 3.367589000000000277e-01
2.100000e+02 3.364617999999999776e-01
2.200000e+02 3.375716999999999746e-01
2.300000e+02 3.347872000000000070e-01
2.400000e+02 3.355389999999999762e-01
2.500000e+02 3.362725999999999771e-01
2.600000e+02 3.351346000000000047e-01
2.700000e+02 3.341840999999999839e-01
2.800000e+02 3.370203999999999978e-01
2.900000e+02 3.362564000000000108e-01
3.000000e+02 3.358675999999999884e-01
3.100000e+02 3.389535000000000187e-01
3.200000e+02 3.363236000000000003e-01
3.300000e+02 3.397233000000000058e-01
3.400000e+02 3.369862000000000135e-01
3.500000e+02 3.363753999999999911e-01
3.600000e+02 3.334765000000000090e-01
3.700000e+02 3.361659000000000175e-01
3.800000e+02 3.342010000000000258e-01
3.900000e+02 3.344364000000000225e-01
4.000000e+02 3.343104000000000076e-01
4.100000e+02 3.364249999999999741e-01
4.200000e+02 3.351706999999999881e-01
4.300000e+02 3.357589000000000268e-01
4.400000e+02 3.351971000000000256e-01
4.500000e+02 3.355711000000000110e-01
4.600000e+02 3.359272999999999842e-01
4.700000e+02 3.353228999999999793e-01
4.800000e+02 3.336682000000000259e-01
4.900000e+02 3.325008999999999881e-01
5.000000e+02 3.344177999999999873e-01
