# Time-averaged data for fix forceanddisplacementstretch
# TimeStep f_stretch[1] f_stretch[2] f_stretch[3] f_stretch[4] f_stretch[5] f_stretch[6] f_stretch[7]
0 0 0 0 0 30.7285 30.7293 0
100 9.10932 -0.611367 0.121904 9.13063 30.6485 31.0313 0.261406
200 14.7065 -0.955271 0.196216 14.7388 30.5685 31.186 1.18321
300 15.9789 -0.636065 0.194788 15.9927 30.4885 31.1584 2.17249
400 22.0302 -0.763634 0.229522 22.0446 30.4085 31.3316 3.74437
500 13.5338 -0.725226 0.158286 13.5541 30.3285 30.8964 5.1624
600 17.8731 -1.07541 0.22608 17.9069 30.2485 30.9985 6.40266
700 9.97719 -0.623421 0.11915 9.99736 30.1685 30.5876 7.76178
800 7.34294 -0.493058 0.103784 7.36021 30.0885 30.3972 8.32832
900 17.6683 -1.07296 0.203645 17.702 30.0085 30.7499 9.36427
1000 28.783 -1.34843 0.209065 28.8153 29.9285 31.1349 11.2038
1100 26.9452 -1.29875 0.193094 26.9772 29.8485 30.978 13.3367
1200 17.8315 -0.994267 -0.00293214 17.8592 29.7685 30.5165 15.1055
1300 13.8536 -1.03182 0.186802 13.8933 29.6885 30.2706 16.4616
1400 21.3496 -1.37546 0.276239 21.3956 29.6085 30.5045 18.0179
1500 17.7299 -1.03343 0.258646 17.7619 29.5285 30.2725 19.7297
1600 30.4078 -1.69572 0.451729 30.4584 29.4485 30.7237 21.5918
1700 34.028 -2.17306 0.309991 34.0988 29.3685 30.796 24.0379
1800 27.5758 -1.1313 0.198584 27.5998 29.2885 30.4441 26.5601
1900 22.3579 -1.30433 0.171472 22.3965 29.2085 30.1464 28.5149
2000 24.0708 -1.82564 0.200062 24.1407 29.1285 30.1394 30.3828
2100 27.0017 -1.83958 0.347641 27.0666 29.0485 30.1818 32.6161
2200 20.6301 -1.50682 0.26184 20.6867 28.9685 29.8348 34.3196
2300 39.4101 -2.32016 0.169887 39.4787 28.8885 30.5411 36.6204
2400 42.4673 -2.05106 0.127779 42.5169 28.8085 30.5882 39.8357
2500 31.7268 -1.83545 0.444413 31.783 28.7285 30.0591 42.5311
2600 34.768 -2.2939 0.253411 34.8445 28.6485 30.1072 45.198
2700 24.8911 -1.92785 0.295432 24.9674 28.5685 29.6139 47.5995
2800 30.7295 -2.11877 0.564166 30.8077 28.4885 29.7783 49.8421
2900 38.3956 -2.70394 0.645274 38.4961 28.4085 30.02 52.6248
3000 41.1495 -2.83594 0.37768 41.2488 28.3285 30.0552 55.8124
3100 35.2212 -2.01601 0.298438 35.2801 28.2485 29.7254 59.2052
3200 32.8682 -2.09014 0.214074 32.9353 28.1685 29.5473 61.9804
3300 37.0708 -2.983 0.357234 37.1923 28.0885 29.6454 64.7837
3400 34.0048 -2.58245 0.303287 34.1041 28.0085 29.4362 67.5941
3500 34.3935 -2.40827 0.485634 34.4812 27.9285 29.372 70.1951
3600 48.924 -3.32418 0.542416 49.0398 27.8485 29.9012 73.4848
3700 48.8798 -2.93866 0.229443 48.9686 27.7685 29.8182 77.3411
3800 40.23 -2.24042 0.201471 40.2928 27.6885 29.3752 81.0722
3900 39.8249 -3.13431 0.523878 39.9514 27.6085 29.2809 84.1792
4000 44.4721 -3.56415 0.555967 44.6182 27.5285 29.3961 87.632
4100 37.8082 -2.76876 0.283857 37.9105 27.4485 29.0355 91.0451
4200 43.9375 -3.01586 0.438197 44.043 27.3685 29.2121 94.364
4300 52.3722 -3.66192 0.661228 52.5043 27.2885 29.4861 98.3616
4400 45.9394 -3.3652 0.321654 46.0636 27.2085 29.1366 102.361
4500 51.0327 -3.47101 0.665561 51.155 27.1285 29.2697 106.232
4600 46.0177 -3.49591 0.372973 46.1518 27.0485 28.9803 110.376
4700 49.0391 -3.89043 0.485515 49.1956 26.9685 29.0277 114.131
4800 50.0632 -3.52454 0.52455 50.1898 26.8885 28.9893 118.181
4900 54.2194 -4.40927 0.371216 54.3997 26.8085 29.0854 121.998
5000 57.4125 -4.50081 0.76633 57.5938 26.7285 29.1391 126.659
5100 51.1372 -3.74895 0.440701 51.2764 26.6485 28.7947 130.948
5200 59.9915 -3.8928 0.3468 60.1186 26.5685 29.0847 135.421
5300 53.5114 -4.84501 0.479987 53.7324 26.4885 28.7375 139.93
5400 50.7891 -4.48585 0.092627 50.9869 26.4085 28.5426 144.006
5500 56.2042 -4.52105 0.339376 56.3868 26.3285 28.6886 148.486
5600 58.3693 -4.96977 0.90431 58.5875 26.2485 28.7006 153.275
5700 59.3339 -4.57659 0.205347 59.5105 26.1685 28.6593 158.119
5800 57.5354 -4.30077 0.533583 57.6984 26.0885 28.5034 162.966
5900 61.9323 -5.51938 0.524852 62.18 26.0085 28.611 167.791
6000 55.0247 -5.25721 -0.0886849 55.2754 25.9285 28.2421 172.6
6100 53.8275 -4.23417 0.0857561 53.9938 25.8485 28.1084 176.818
6200 65.0681 -4.72753 0.362398 65.2406 25.7685 28.499 181.729
6300 62.9026 -4.64066 0.531621 63.0758 25.6885 28.3284 186.853
6400 61.2601 -4.88164 1.26242 61.4672 25.6085 28.1811 191.437
6500 69.5951 -4.9076 0.637745 69.7708 25.5285 28.4486 196.74
6600 72.2651 -5.97635 0.43537 72.5131 25.4485 28.4833 202.286
6700 63.8838 -5.44601 -0.0966255 64.1156 25.3685 28.0519 207.78
6800 58.9035 -5.29828 0.00329342 59.1413 25.2885 27.7638 212.665
6900 69.1128 -6.03345 0.370188 69.3767 25.2085 28.1121 217.874
7000 71.6845 -5.84036 0.604774 71.9245 25.1285 28.1387 223.85
7100 63.561 -5.35235 0.33009 63.7868 25.0485 27.7182 229.215
7200 74.5541 -6.91557 -0.141877 74.8743 24.9685 28.1021 234.724
7300 69.2265 -6.02975 0.331239 69.4894 24.8885 27.7968 240.53
7400 69.6168 -5.34876 0.460226 69.8235 24.8085 27.7308 245.85
7500 73.9871 -5.61594 0.462891 74.2014 24.7285 27.8339 251.587
7600 75.8623 -6.59857 0.144355 76.1489 24.6485 27.8354 257.674
7700 72.2065 -6.41743 0.399572 72.4922 24.5685 27.6024 263.83
7800 71.5012 -6.24666 0.588328 71.776 24.4885 27.4925 269.419
7900 82.2191 -7.05542 0.353642 82.5221 24.4085 27.8621 275.641
8000 72.2241 -7.0278 -0.198934 72.5655 24.3285 27.3655 281.825
8100 79.1901 -6.86951 -0.391989 79.4884 24.2485 27.5752 287.875
8200 76.6367 -6.12688 -0.00843039 76.8812 24.1685 27.3861 294.208
8300 74.1225 -5.53163 0.20214 74.3289 24.0885 27.1993 300.174
8400 88.7994 -6.99953 0.371959 89.0756 24.0085 27.7363 306.613
8500 82.6166 -6.80146 0.162424 82.8963 23.9285 27.3977 313.592
8600 72.3589 -5.41735 -0.601576 72.564 23.8485 26.8854 319.69
8700 78.9236 -6.12969 -0.261746 79.1617 23.7685 27.0815 325.656
8800 85.3413 -6.62979 -0.0131273 85.5984 23.6885 27.2708 331.995
8900 88.1769 -6.32211 0.207809 88.4035 23.6085 27.3082 339.027
9000 79.4125 -6.71191 0.243563 79.696 23.5285 26.8638 345.716
9100 81.5583 -7.52835 -0.430523 81.9061 23.4485 26.8763 352.067
9200 81.121 -6.53613 -0.628245 81.3863 23.3685 26.7746 358.667
9300 91.5712 -6.91814 1.26816 91.8409 23.2885 27.132 365.418
9400 91.89 -7.53221 0.567632 92.1999 23.2085 27.067 372.739
9500 84.4331 -7.04339 -0.650553 84.7288 23.1285 26.6744 379.776
9600 79.3549 -6.22804 -0.799986 79.6029 23.0485 26.3799 386.537
9700 78.6898 -5.91641 -0.515131 78.9136 22.9685 26.2711 393.016
9800 77.4062 -5.32214 0.504251 77.5906 22.8885 26.1357 399.239
9900 77.1469 -5.069 0.0838642 77.3133 22.8085 26.0441 405.411
10000 80.0621 -4.05187 0.420606 80.1656 22.7285 26.0835 411.759
10100 81.9426 -5.31006 0.616734 82.1167 22.6485 26.0851 418.254
10200 80.6763 -5.36772 0.356264 80.8555 22.5685 25.9524 424.686
10300 72.1241 -4.71291 0.478365 72.2795 22.4885 25.5135 430.829
10400 72.5981 -3.78955 0.518719 72.6988 22.4085 25.4511 436.487
10500 78.4767 -4.8048 0.94244 78.6293 22.3285 25.6192 442.529
10600 77.7366 -4.26106 0.790306 77.8573 22.2485 25.5069 448.722
10700 71.9819 -3.39952 0.0477977 72.0622 22.1685 25.1844 454.529
10800 82.8869 -4.16935 -0.380422 82.9925 22.0885 25.5618 460.65
10900 76.9584 -4.79335 -0.158799 77.1077 22.0085 25.2355 467.101
11000 75.7992 -5.75745 -0.021963 76.0176 21.9285 25.1099 473.076
11100 85.8033 -5.738 0.542747 85.9967 21.8485 25.4475 479.351
11200 86.4784 -5.13834 0.0572913 86.631 21.7685 25.394 486.422
11300 81.9702 -5.06886 -0.371383 82.1276 21.6885 25.1256 493.321
11400 78.9201 -4.54695 -0.195829 79.0512 21.6085 24.9169 499.921
11500 81.0538 -4.7642 -0.0429184 81.1937 21.5285 24.9265 506.208
11600 83.574 -5.05064 0.673963 83.7292 21.4485 24.9526 512.625
11700 85.0787 -4.54174 -0.55494 85.2017 21.3685 24.9342 519.463
11800 86.6254 -5.7601 -1.02431 86.8227 21.2885 24.922 526.22
11900 86.5808 -5.85073 -0.263923 86.7786 21.2085 24.8402 533.342
12000 91.2858 -6.49747 0.234198 91.517 21.1285 24.9584 540.47
12100 96.4976 -6.61693 0.377712 96.7249 21.0485 25.0963 547.959
12200 89.3887 -4.91458 0.416737 89.5247 20.9685 24.7151 555.42
12300 83.3624 -4.67504 0.183316 83.4936 20.8885 24.3827 562.437
12400 78.0737 -4.92321 -0.872205 78.2336 20.8085 24.0827 568.748
12500 85.4196 -4.73913 -0.616715 85.5532 20.7285 24.3089 575.323
12600 89.5656 -3.64057 0.0256392 89.6395 20.6485 24.3999 582.4
12700 82.6406 -4.02975 -0.140509 82.7389 20.5685 24.0312 589.276
12800 87.5624 -5.0771 -0.833946 87.7134 20.4885 24.1593 596.081
12900 85.3099 -4.27235 -1.29094 85.4266 20.4085 23.9836 603.033
13000 83.1993 -5.45292 -1.00121 83.3838 20.3285 23.8181 609.898
13100 86.2063 -5.01094 -0.917432 86.3567 20.2485 23.8625 616.677
13200 85.8411 -4.52411 -0.465212 85.9615 20.1685 23.766 623.632
13300 88.1049 -3.91956 -0.873485 88.1964 20.0885 23.7795 630.782
13400 91.9702 -3.99995 -0.68314 92.0597 20.0085 23.8612 638.039
13500 90.4082 -5.95004 -1.53984 90.6168 19.9285 23.7208 645.325
13600 93.4907 -6.48478 -0.643522 93.7175 19.8485 23.7705 652.911
13700 94.1762 -4.30307 -1.16158 94.2816 19.7685 23.7141 660.391
13800 96.8018 -4.60551 -0.406909 96.9121 19.6885 23.7442 667.971
13900 97.7333 -5.77773 -0.0062431 97.904 19.6085 23.7057 675.646
14000 97.5045 -4.91279 -0.193645 97.6284 19.5285 23.6141 683.476
14100 94.3442 -3.6774 -0.635924 94.4179 19.4485 23.3998 691.048
14200 91.0991 -4.95584 -0.771391 91.237 19.3685 23.1867 698.434
14300 95.5633 -5.76636 -1.35749 95.7467 19.2885 23.2954 705.991
14400 93.8191 -4.59489 -1.59128 93.945 19.2085 23.14 713.636
14500 100.733 -5.18837 -1.15461 100.874 19.1285 23.3499 721.246
14600 103.118 -5.38776 0.203151 103.259 19.0485 23.3697 729.51
14700 97.1548 -6.26099 0.0754706 97.3563 18.9685 23.0428 737.464
14800 98.7191 -5.84186 -1.29108 98.9002 18.8885 23.0274 745.29
14900 98.5887 -4.98321 -0.847459 98.7182 18.8085 22.9397 753.466
15000 105.746 -5.12883 -1.40351 105.88 18.7285 23.1594 761.753
15100 97.0544 -5.06723 -1.49394 97.1981 18.6485 22.7161 769.823
15200 97.0299 -5.19317 -1.81078 97.1857 18.5685 22.6356 777.714
15300 102.313 -6.62117 -0.933943 102.531 18.4885 22.7793 785.754
15400 104.098 -5.26102 -1.42642 104.241 18.4085 22.7708 793.839
15500 104.954 -3.26167 -1.65146 105.018 18.3285 22.7233 802.152
15600 107.39 -4.77784 -2.46097 107.525 18.2485 22.7482 810.602
15700 107.433 -3.90461 -1.46213 107.514 18.1685 22.6678 819.302
15800 107.887 -5.5218 -0.173996 108.028 18.0885 22.6093 827.741
15900 108.956 -3.41485 -1.61186 109.021 18.0085 22.5708 836.673
16000 100.798 -5.53215 -1.66026 100.963 17.9285 22.1537 845.068
16100 104.273 -5.02334 -2.07579 104.415 17.8485 22.2181 853.17
16200 108.499 -4.48872 -3.03085 108.634 17.7685 22.3146 861.827
16300 106.665 -4.75903 -1.84317 106.787 17.6885 22.1573 870.38
16400 112.559 -6.2747 -0.799376 112.736 17.6085 22.3263 879.01
16500 105.087 -6.36887 -1.03616 105.285 17.5285 21.9345 887.607
16600 106.453 -6.64893 -0.981283 106.665 17.4485 21.9123 896.207
16700 106.92 -6.23264 -3.19658 107.149 17.3685 21.8525 904.741
16800 99.2741 -7.15571 -2.82572 99.5717 17.2885 21.4555 913.214
16900 95.9285 -6.32432 -2.13767 96.1605 17.2085 21.2327 921.055
17000 89.6174 -5.8329 -1.45053 89.8187 17.1285 20.8874 928.453
17100 90.38 -6.66435 -2.5309 90.6607 17.0485 20.8426 935.703
17200 91.284 -5.50922 -2.73822 91.4911 16.9685 20.7974 942.954
17300 90.799 -3.95855 -2.73343 90.9263 16.8885 20.6937 950.279
17400 90.5166 -5.36479 -3.09489 90.7282 16.8085 20.6054 957.477
17500 97.6316 -7.21798 -3.24714 97.9519 16.7285 20.8277 965.105
17600 94.1307 -5.4805 -2.45866 94.3222 16.6485 20.5958 973.027
17700 98.6885 -5.4575 -2.51215 98.8712 16.5685 20.7062 980.615
17800 101.878 -6.79621 -2.37106 102.132 16.4885 20.7626 988.652
17900 96.6086 -6.26506 -2.97578 96.8572 16.4085 20.4619 996.728
18000 98.7895 -5.61823 -2.65001 98.9846 16.3285 20.4709 1004.59
18100 104.203 -6.56877 -3.26211 104.461 16.2485 20.62 1012.64
18200 98.3225 -5.39189 -2.00491 98.4907 16.1685 20.2902 1020.79
18300 103.786 -6.24856 -1.99047 103.993 16.0885 20.4405 1028.89
18400 101.201 -6.74781 -1.27256 101.434 16.0085 20.2534 1037.08
18500 104.085 -5.75985 -1.33068 104.253 15.9285 20.2913 1045.33
18600 99.7596 -6.01531 -3.44075 100 15.8485 20.0334 1053.59
18700 95.7678 -4.19136 -3.5404 95.9248 15.7685 19.7829 1061.65
18800 96.4923 -3.80237 -2.94592 96.6121 15.6885 19.7316 1069.15
18900 106.792 -6.17781 -1.95221 106.988 15.6085 20.0858 1077.45
19000 106.744 -3.83759 -1.53545 106.824 15.5285 19.9989 1085.99
19100 106.968 -5.32391 -1.8028 107.115 15.4485 19.9311 1094.38
19200 113.695 -7.51222 -4.25202 114.022 15.3685 20.1401 1103.13
19300 109.637 -6.11776 -3.0144 109.849 15.2885 19.8855 1112.28
19400 107.537 -6.56374 -2.76479 107.772 15.2085 19.7186 1120.95
19500 109.742 -7.50048 -1.93001 110.015 15.1285 19.7324 1129.78
19600 111.213 -4.74468 -1.52803 111.325 15.0485 19.7072 1138.77
19700 112.767 -5.31231 -3.46835 112.945 14.9685 19.695 1147.72
19800 111.363 -5.38784 -1.40016 111.502 14.8885 19.5546 1156.58
19900 109.621 -5.97698 -4.49319 109.876 14.8085 19.4066 1165.49
20000 111.932 -5.47965 -3.51918 112.122 14.7285 19.4206 1174.23
20100 113.161 -4.1799 -3.83913 113.304 14.6485 19.39 1183.36
20200 111.46 -6.35284 -2.64216 111.672 14.5685 19.2417 1192.34
20300 114.985 -5.81991 -3.51801 115.186 14.4885 19.3088 1201.64
20400 113.904 -4.77285 -3.52837 114.059 14.4085 19.1816 1210.7
20500 119.067 -5.96794 -3.44884 119.267 14.3285 19.3195 1220.04
20600 115.227 -5.49878 -3.53833 115.412 14.2485 19.0782 1229.53
20700 114.517 -4.34939 -3.20396 114.644 14.1685 18.9661 1238.62
20800 116.009 -3.01173 -2.91181 116.084 14.0885 18.9464 1247.85
20900 119.935 -6.2796 -3.82447 120.16 14.0085 19.0369 1257.38
21000 119.721 -8.01755 -4.43168 120.071 13.9285 18.9532 1267.2
21100 121.883 -5.08863 -3.35141 122.035 13.8485 18.9554 1276.9
21200 128.086 -3.72744 -3.53653 128.189 13.7685 19.1329 1287.02
21300 124.464 -7.63537 -3.18934 124.739 13.6885 18.9085 1297.16
21400 130.952 -5.39199 -4.22562 131.131 13.6085 19.0959 1307.49
21500 118.098 -4.72012 -2.54852 118.219 13.5285 18.4757 1317.35
21600 118.905 -4.28819 -4.18263 119.056 13.4485 18.4307 1326.7
21700 128.603 -3.7537 -3.70127 128.711 13.3685 18.7547 1336.76
21800 116.857 -3.48876 -1.70681 116.921 13.2885 18.1814 1346.39
21900 123.333 -3.71017 -1.35221 123.397 13.2085 18.3723 1355.91
22000 124.245 -4.70919 -2.19012 124.353 13.1285 18.3323 1366.04
22100 123.521 -4.81619 -4.57928 123.699 13.0485 18.225 1376.12
22200 114.791 -4.40277 -3.30965 114.923 12.9685 17.7778 1385.67
22300 111.085 -4.35696 -2.97747 111.211 12.8885 17.5424 1394.69
22400 113.867 -6.83327 -2.21577 114.093 12.8085 17.5831 1403.54
22500 103.378 -8.73535 -1.43419 103.756 12.7285 17.0705 1412.26
22600 96.523 -6.95983 -2.71967 96.8118 12.6485 16.7 1420.24
22700 94.4601 -7.90832 -1.80703 94.8077 12.5685 16.5361 1427.88
22800 100.779 -8.18616 -3.52974 101.172 12.4885 16.7224 1435.81
22900 92.0098 -6.23882 -2.83284 92.2646 12.4085 16.2697 1443.59
23000 84.1977 -6.11465 -3.22124 84.4809 12.3285 15.864 1450.46
23100 87.9633 -5.25995 -4.66551 88.2438 12.2485 15.9415 1457.66
23200 92.7468 -7.00499 -6.39473 93.2305 12.1685 16.0701 1465.05
23300 91.9445 -6.36939 -3.87217 92.2462 12.0885 15.949 1472.31
23400 102.556 -7.8702 -3.56829 102.919 12.0085 16.3155 1480.17
23500 98.783 -6.19818 -5.31343 99.1197 11.9285 16.0765 1488.29
23600 95.3242 -7.21635 -4.09871 95.6848 11.8485 15.8528 1496
23700 96.8102 -7.51219 -4.99026 97.2294 11.7685 15.8375 1503.61
23800 96.7244 -6.42718 -5.51818 97.0947 11.6885 15.7518 1511.61
23900 105.664 -6.06739 -5.04886 105.959 11.6085 16.0427 1519.68
24000 102.669 -7.41071 -3.09771 102.983 11.5285 15.8382 1528.03
24100 105.767 -8.72225 -4.59236 106.226 11.4485 15.8939 1536.4
24200 105.354 -7.17935 -6.0381 105.771 11.3685 15.7948 1544.97
24300 101.814 -7.9703 -5.30477 102.263 11.2885 15.5681 1553.38
24400 100.765 -7.92548 -4.7587 101.188 11.2085 15.4431 1561.63
24500 97.1867 -8.94391 -3.5824 97.6631 11.1285 15.2156 1569.44
24600 102.204 -9.07976 -1.31717 102.615 11.0485 15.3428 1577.14
24700 107.451 -8.018 -1.50244 107.761 10.9685 15.4781 1585.73
24800 105.283 -7.12897 -1.52064 105.535 10.8885 15.305 1593.98
24900 102.488 -8.69083 -3.24024 102.907 10.8085 15.115 1602.35
25000 105.893 -8.38074 -4.2643 106.31 10.7285 15.1774 1610.82
25100 99.7607 -6.64028 -1.42316 99.9916 10.6485 14.833 1619.09
25200 104.345 -6.17459 -1.75919 104.542 10.5685 14.9434 1627.19
25300 107.807 -9.24391 1.4544 108.213 10.4885 15.017 1635.62
25400 106.829 -8.49446 -0.0538118 107.167 10.4085 14.8932 1644.12
25500 106.377 -8.02932 -1.34356 106.688 10.3285 14.7932 1652.67
25600 99.5063 -5.52126 -2.18585 99.6833 10.2485 14.4201 1660.79
25700 91.5478 -4.09461 -0.890822 91.6436 10.1685 14.0037 1668.51
25800 91.6781 -5.86933 0.581611 91.8676 10.0885 13.9331 1675.74
25900 99.5141 -7.24054 1.21293 99.7846 10.0085 14.1844 1683.52
26000 99.5771 -5.02322 0.539061 99.7052 9.92848 14.101 1691.62
26100 94.9821 -7.36935 -2.69293 95.3056 9.84848 13.837 1699.33
26200 100.567 -5.95204 -1.84802 100.76 9.76848 13.9852 1707.24
26300 96.8573 -3.93292 0.0329569 96.9371 9.68848 13.7452 1715.26
26400 94.6893 -4.84495 -0.516097 94.8146 9.60848 13.5764 1722.95
26500 106.705 -4.73424 1.15787 106.816 9.52848 13.9986 1730.88
26600 110.364 -4.88778 0.00848179 110.472 9.44848 14.0716 1739.78
26700 105.981 -6.35412 -0.256424 106.171 9.36848 13.8116 1748.42
26800 106.32 -6.0594 -1.60036 106.505 9.28848 13.7456 1756.98
26900 112.604 -6.19147 1.90127 112.79 9.20848 13.9285 1765.75
27000 107.533 -5.81569 3.54015 107.748 9.12848 13.6376 1774.6
27100 106.923 -5.40957 2.3418 107.085 9.04848 13.5298 1783.23
27200 110.629 -5.09615 0.94626 110.751 8.96848 13.6032 1791.96
27300 109.905 -7.45072 1.39163 110.166 8.88848 13.4987 1800.83
27400 109.593 -7.13634 -1.96888 109.843 8.80848 13.4052 1809.81
27500 103.677 -5.91186 -1.50339 103.856 8.72848 13.0747 1818.41
27600 113.506 -6.12236 -0.0189566 113.671 8.64848 13.4054 1827.11
27700 114.29 -5.70784 2.23444 114.454 8.56848 13.3581 1836.39
27800 112.514 -5.91453 1.62037 112.681 8.48848 13.2039 1845.29
27900 114.689 -7.02795 -1.39533 114.913 8.40848 13.2173 1854.47
28000 117.224 -4.95681 -0.774431 117.331 8.32848 13.2385 1863.8
28100 118.707 -3.44736 3.24838 118.801 8.24848 13.22 1873.38
28200 116.575 -6.93633 2.84443 116.816 8.16848 13.057 1882.84
28300 119.548 -4.9516 1.96069 119.667 8.08848 13.0963 1892.36
28400 117.089 -6.79388 1.89825 117.301 8.00848 12.9173 1901.82
28500 116.433 -6.66677 -0.00776061 116.624 7.92848 12.8089 1911.13
28600 118.862 -5.84858 -2.13487 119.025 7.84848 12.8294 1920.72
28700 120.989 -5.39382 -1.6683 121.121 7.76848 12.8371 1930.37
28800 130.351 -6.90378 -0.195938 130.534 7.68848 13.1509 1940.36
28900 122.726 -6.34378 -0.45437 122.891 7.60848 12.7512 1950.64
29000 121.107 -3.5995 -1.46453 121.169 7.52848 12.5991 1960.37
29100 123.479 -6.05722 1.57057 123.637 7.44848 12.6224 1970.22
29200 120.887 -5.92443 2.19218 121.052 7.36848 12.4342 1979.95
29300 117.278 -3.99869 3.74692 117.406 7.28848 12.2017 1989.55
29400 119.566 -4.45776 -0.341648 119.65 7.20848 12.2156 1999.27
29500 125.578 -2.51229 -1.95323 125.619 7.12848 12.3853 2009.25
29600 115.921 -2.70674 -0.923771 115.956 7.04848 11.901 2018.84
29700 119.164 -5.68281 -1.66226 119.311 6.96848 11.9614 2028.24
29800 127.317 -4.29635 -0.652308 127.391 6.88848 12.2195 2038.1
29900 119.154 -4.42928 2.70298 119.267 6.80848 11.7995 2047.9
30000 119.887 -2.52716 1.427 119.922 6.72848 11.747 2057.4
30100 127.92 -3.85789 -1.73151 127.99 6.64848 12.0045 2067.44
30200 128.869 -7.21307 -0.896712 129.073 6.56848 11.9698 2077.68
30300 133.134 -6.40323 0.0312073 133.288 6.48848 12.0662 2088.08
30400 130.716 -4.48465 -1.82566 130.806 6.40848 11.8823 2098.6
30500 129.014 -7.92507 -1.4335 129.266 6.32848 11.7379 2108.95
30600 132.421 -5.309 -1.69907 132.539 6.24848 11.7948 2119.53
30700 136.273 -7.52681 -3.58866 136.528 6.16848 11.8817 2130.35
30800 133.142 -7.21771 -3.67335 133.388 6.08848 11.6704 2141.17
30900 132.787 -4.00049 0.488462 132.848 6.00848 11.5678 2151.77
31000 133.035 -5.80636 0.642533 133.164 5.92848 11.501 2162.56
31100 138.433 -6.88209 -2.10081 138.62 5.84848 11.6493 2173.45
31200 138.246 -6.14581 -1.3866 138.389 5.76848 11.5596 2184.59
31300 138.075 -6.83551 -2.64432 138.269 5.68848 11.4746 2195.67
31400 137.221 -6.97033 -2.71261 137.425 5.60848 11.3593 2206.75
31500 139.129 -0.312571 -2.92705 139.161 5.52848 11.3519 2217.87
31600 138.181 -1.19674 -0.401466 138.186 5.44848 11.2311 2228.82
31700 138.735 -3.82678 -0.836281 138.79 5.36848 11.1764 2239.72
31800 133.893 -1.24797 -0.879705 133.901 5.28848 10.8918 2250.74
31900 131.778 -0.79326 -0.486541 131.782 5.20848 10.7232 2261.51
32000 122.168 -3.24845 -4.4211 122.291 5.12848 10.2461 2271.67
32100 128.225 -5.95562 -8.01004 128.613 5.04848 10.4306 2281.81
32200 133.413 -2.19637 0.356671 133.431 4.96848 10.5522 2292.32
32300 130.519 -5.22409 0.71997 130.625 4.88848 10.3548 2302.98
32400 124.822 -2.63431 -0.442461 124.851 4.80848 10.0332 2313.4
32500 122.057 -1.15873 -3.24115 122.106 4.72848 9.8383 2323.21
32600 125.568 -7.40508 -4.8468 125.879 4.64848 9.9162 2333.02
32700 112.24 -8.6493 -3.83054 112.638 4.56848 9.28216 2342.45
32800 104.979 -5.63562 -5.22603 105.26 4.48848 8.89346 2351.03
32900 96.1834 -3.30906 -2.61467 96.2758 4.40848 8.43756 2359.09
33000 97.0659 -4.38852 -0.767808 97.168 4.32848 8.39489 2366.83
33100 87.1967 -3.00542 -3.69781 87.3268 4.24848 7.90312 2374.26
33200 88.3444 -7.51681 -1.68668 88.6797 4.16848 7.87973 2381.32
33300 85.1426 -6.38543 -5.94836 85.5887 4.08848 7.6704 2388.17
33400 82.5102 -5.98673 -2.97151 82.7805 4.00848 7.4729 2394.99
33500 87.3044 -9.45745 -1.25517 87.8241 3.92848 7.60393 2401.71
33600 95.3242 -9.70522 0.747528 95.8199 3.84848 7.85848 2409.13
33700 87.8791 -8.65825 -5.27608 88.462 3.76848 7.47062 2416.45
33800 101.088 -7.52363 -10.9306 101.955 3.68848 7.95518 2423.92
33900 94.28 -11.0183 -10.2899 95.4777 3.60848 7.60416 2432.14
34000 96.0434 -6.27942 -9.01088 96.6694 3.52848 7.57402 2439.82
34100 94.0436 -4.20231 -4.90159 94.2649 3.44848 7.39342 2447.5
34200 98.1314 -4.59601 -3.46946 98.3002 3.36848 7.48226 2455.19
34300 106.195 -6.65335 -6.91209 106.627 3.28848 7.75068 2463.37
34400 100.977 -5.77378 -5.74654 101.305 3.20848 7.44797 2471.74
34500 100.432 -6.13555 -9.14914 101.034 3.12848 7.35665 2479.7
34600 105.662 -10.0202 -8.04777 106.44 3.04848 7.50285 2488
34700 100.198 -5.60583 -5.07701 100.483 2.96848 7.17358 2496.21
34800 100.569 -8.51429 -4.59189 101.034 2.88848 7.11663 2504.3
34900 102.155 -0.902935 -8.87319 102.543 2.80848 7.09979 2512.38
35000 103.038 -6.60062 -8.82815 103.626 2.72848 7.0651 2520.52
35100 97.13 -8.50703 -8.93074 97.91 2.64848 6.74593 2528.78
35200 101.282 -3.48525 -8.66524 101.712 2.56848 6.825 2536.75
35300 98.8854 -9.8913 -9.65809 99.8471 2.48848 6.66698 2544.81
35400 87.3432 -4.71579 -10.607 88.1112 2.40848 6.09594 2552.38
35500 88.7427 -1.46777 -7.60036 89.0797 2.32848 6.05646 2559.33
35600 93.1266 -5.4717 -9.79849 93.8003 2.24848 6.17398 2566.71
35700 94.6552 -6.68568 -8.85043 95.3028 2.16848 6.15685 2574.2
35800 95.3539 -5.28363 -9.80995 96.0027 2.08848 6.10613 2581.76
35900 90.6513 -10.3196 -12.38 92.0729 2.00848 5.8617 2589.28
36000 87.1937 -4.41815 -14.296 88.4683 1.92848 5.63088 2596.42
36100 80.9286 -9.09829 -11.2585 82.213 1.84848 5.28915 2603.53
36200 87.0033 -5.73418 -5.02849 87.3369 1.76848 5.42355 2610.3
36300 89.0617 -5.77674 -11.7979 90.0252 1.68848 5.45603 2617.43
36400 93.3893 -10.7077 -11.1178 94.6563 1.60848 5.56979 2624.8
36500 79.6342 -5.30583 -12.6335 80.8044 1.52848 4.91022 2631.81
36600 76.3718 -9.89159 -9.76299 77.6261 1.44848 4.69723 2638.13
36700 80.7529 -14.8186 -9.74524 82.6776 1.36848 4.8286 2644.56
36800 87.8702 -7.15204 -9.53591 88.675 1.28848 4.99953 2651.39
36900 82.8687 -9.74279 -4.1611 83.5431 1.20848 4.70481 2658.2
37000 81.8937 -10.5948 -2.41406 82.6115 1.12848 4.58583 2664.66
37100 85.1979 -3.44289 -4.50047 85.3862 1.04848 4.62192 2671.47
37200 81.0466 -5.23989 -1.43135 81.2285 0.96848 4.36796 2678.17
37300 86.4772 -8.21154 -3.41611 86.9333 0.88848 4.52666 2684.89
37400 77.1828 -8.72032 -2.97819 77.7309 0.80848 4.06162 2691.62
37500 78.8145 -8.57807 -3.96734 79.3792 0.72848 4.05058 2697.68
37600 80.9814 -6.51769 -5.6784 81.4414 0.64848 4.05687 2704.13
37700 92.7997 -4.86707 -0.849809 92.9311 0.56848 4.45761 2711.08
37800 94.3248 -3.7797 1.82187 94.4181 0.48848 4.43983 2718.39
37900 85.7084 -4.76895 -9.24639 86.3375 0.40848 4.02173 2725.55
38000 82.9983 -15.9315 -2.1506 84.5408 0.32848 3.86655 2732.48
38100 80.9626 -7.6847 -0.288721 81.327 0.24848 3.65208 2739
38200 80.8789 -8.49388 -2.50154 81.3622 0.16848 3.57356 2745.38
38300 85.4499 -11.7136 -6.82899 86.5189 0.0884798 3.70932 2752.03
38400 85.1062 -13.0303 -1.96917 86.1204 0.00847984 3.61264 2758.91
38500 84.4663 -7.31812 -6.62309 85.041 -0.0715202 3.48748 2765.59
38600 87.0224 -8.53908 -4.98865 87.5826 -0.15152 3.51382 2772.55
38700 81.2125 -12.9967 -3.00257 82.3006 -0.23152 3.21282 2779.43
38800 81.668 -17.469 -6.20076 83.7453 -0.31152 3.19327 2786
38900 80.2031 -14.9376 -4.27149 81.694 -0.39152 3.02744 2792.61
39000 72.4519 -8.87784 -13.682 74.265 -0.47152 2.6366 2798.86
39100 84.5398 -15.2678 -3.62935 85.9841 -0.55152 3.04694 2805.47
39200 73.197 -9.05266 -2.6331 73.8017 -0.63152 2.45722 2811.73
39300 77.4685 -15.01 -8.67694 79.3848 -0.71152 2.61082 2817.84
39400 64.494 -14.9539 -3.44884 66.2948 -0.79152 1.98312 2823.75
39500 76.7696 -8.6022 -12.5241 78.2587 -0.87152 2.4037 2829.58
39600 73.4511 -14.3987 -9.12696 75.4035 -0.95152 2.20424 2835.6
39700 75.1699 -9.33566 -12.356 76.7485 -1.03152 2.18052 2841.75
39800 70.4115 -11.3766 -10.8751 72.149 -1.11152 1.90807 2847.93
39900 74.7875 -13.2292 -13.4475 77.1298 -1.19152 2.03647 2853.83
40000 72.1784 -7.98606 -19.3234 75.1458 -1.27152 1.87346 2859.84
