# Frame count, minimum, maximum and average direction angle, %d %.6f %.6f %.6f
1 2.000915 2.632711 2.323666
2 2.015671 2.611804 2.305258
3 1.980939 2.598384 2.279357
4 1.959413 2.625101 2.263790
5 1.929330 2.543498 2.248167
6 1.867229 2.575933 2.228732
7 1.639462 2.694074 2.204130
8 1.479534 2.698674 2.195436
9 1.750206 2.745379 2.177404
10 1.753775 2.598177 2.151390
11 1.771456 2.587339 2.134421
12 1.764381 2.680493 2.120983
13 1.726029 2.679806 2.108625
14 1.409546 2.648857 2.097637
15 1.637757 2.729611 2.088087
16 1.555078 2.529592 2.058974
17 1.592305 2.550009 2.045035
18 1.573847 2.477440 2.025716
19 1.600969 2.770198 2.019345
20 1.595615 2.546098 2.010396
21 1.511614 2.501807 1.966363
22 1.408306 2.438586 1.970390
23 1.536709 2.361010 1.964729
24 1.565907 2.445216 1.952112
25 1.553793 2.392009 1.938244
26 1.623680 2.531098 1.939557
27 1.323535 2.524764 1.925789
28 1.415591 2.371353 1.883593
29 1.471071 2.277811 1.879859
30 1.382512 2.342196 1.876045
31 1.271763 2.602838 1.869330
32 1.254486 2.571244 1.855351
33 1.398816 2.636471 1.861183
34 1.082068 2.811138 1.851356
35 1.210678 2.833515 1.833257
36 0.926807 2.850961 1.861342
37 1.137262 2.841436 1.910448
38 1.155476 2.791928 1.900211
39 1.280461 2.893348 1.947620
40 1.468168 2.933944 1.948349
41 1.515795 2.821293 1.943488
42 1.493337 2.961982 1.950069
43 1.503670 2.808314 1.944282
44 1.509104 2.970244 1.952811
45 1.476772 2.929994 1.943153
46 1.530722 2.939893 1.952053
47 1.427712 3.000454 1.950966
48 1.507878 2.928207 1.948576
49 1.423539 2.857193 1.952846
50 1.414663 2.874082 1.944215
51 1.226663 2.883631 1.949814
52 1.539649 2.821906 1.948048
53 1.435937 2.923665 1.948422
54 1.449477 2.945369 1.947422
55 1.087891 3.014990 1.952611
56 1.434100 2.957881 1.946804
57 1.262513 2.937004 1.949621
58 1.483067 2.872481 1.942132
59 1.426621 2.804007 1.946040
60 1.481067 2.736032 1.944659
61 1.288452 2.911399 1.948871
