# Time-averaged data for fix boxsizepressurestretch
# TimeStep v_lx v_ly v_lz v_px v_py v_pz
0 50.6342 48.923 51.885 1208.95 -141.102 -113.081
1000 50.6167 50.123 51.8577 438.516 -2544.12 -226.763
2000 50.6671 51.323 51.7781 -528.911 -3806.3 792.898
3000 50.6809 52.523 51.8703 -944.802 -5569.53 -1240.85
4000 50.5363 53.723 51.8027 56.0586 -6199.36 -701.967
5000 50.5553 54.923 51.819 -234.854 -6538.91 -1191.91
6000 50.5087 56.123 51.7648 -899.189 -3659.72 641.719
7000 50.8178 57.323 51.893 148.606 -408.367 180.703
8000 50.7763 58.523 51.936 946.754 -133.356 -334.603
9000 50.871 59.723 51.8972 143.361 -92.4685 -153.887
10000 50.8557 60.923 51.9252 -220.111 22.3037 -255.279
11000 50.7771 62.123 51.8613 498.466 52.4125 823.929
12000 50.7959 63.323 51.8868 33.0858 80.0463 170.245
13000 50.7973 64.523 51.8412 441.175 -132.521 767.506
14000 50.7539 65.723 51.8691 -40.5222 63.7345 457.979
15000 50.767 66.923 51.9331 812.392 3.25625 -325.065
16000 50.8537 68.123 51.9474 241.033 139.629 -613.085
17000 50.8374 69.323 51.9384 20.0543 -83.3296 -667.66
18000 50.847 70.523 51.8648 -304.222 38.2744 710.902
19000 50.7507 71.723 51.8532 846.494 -23.8183 601.778
20000 50.7728 72.923 51.9747 -279.565 -109.065 -1083.04
