# Time-averaged data for fix boxsizepressurestretch
# TimeStep v_lx v_ly v_lz v_px v_py v_pz
0 70.114 69.1921 51.934 -629.147 -655.014 231.535
1000 69.1609 70.3921 51.9492 -313.631 -1864.64 43.5713
2000 68.2693 71.5921 51.9561 73.1448 -2542.52 35.3745
3000 67.6204 72.7921 51.9346 -354.134 -4206.42 426.428
4000 66.874 73.9921 51.9472 10.315 -4419.08 119.367
5000 66.1084 75.1921 51.9784 225.374 -5160.67 -708.494
6000 66.4757 76.3921 51.8709 285.478 -3216.01 949.634
7000 65.4306 77.5921 51.8439 -112.345 -1035.9 1283.33
8000 64.0042 78.7921 51.9029 135.301 -787.783 100.966
9000 63.3104 79.9921 51.9271 188.479 -2382.45 -253.713
10000 62.5824 81.1921 51.9332 -208.993 -4090.43 -878.362
11000 61.8176 82.3921 51.9549 107.996 -5167.66 -1007.18
12000 61.3207 83.5921 51.9405 99.0452 -6204.58 -372.035
13000 61.8348 84.7921 51.881 58.2332 -4163.1 587.195
14000 61.4038 85.9921 51.8912 -204.475 -1189.24 195.171
15000 59.9306 87.1921 51.8785 -304.414 -722.954 209.318
16000 59.197 88.3921 51.8796 178.002 -1638.9 151.721
17000 58.4953 89.5921 51.9189 -101.682 -3429.52 -89.6593
18000 58.2766 90.7921 51.8985 -44.6188 -4345.17 119.09
19000 58.2075 91.9921 51.9118 -141.625 -4359.94 -495.963
20000 58.2751 93.1921 51.9165 -37.7152 -2391.93 -906.594
21000 57.9084 94.3921 51.8357 157.745 -1913.32 734.474
22000 56.8132 95.5921 51.8532 -142.884 196.45 572.106
23000 56.2658 96.7921 51.8437 118.739 -1516.04 829.151
24000 55.7868 97.9921 51.915 114.658 -3162.15 -549.123
25000 55.8757 99.1921 51.9006 -114.324 -4112.77 -208.011
26000 55.5581 100.392 51.8818 -39.7413 -4084.33 -252.054
27000 55.5368 101.592 51.8937 145.982 -2173.86 -768.367
28000 55.4146 102.792 51.8579 40.7625 -2996.68 196.365
29000 55.4089 103.992 51.8868 -20.8962 -3406.3 -184.879
30000 55.9026 105.192 51.8735 -163.127 -984.32 -446.86
31000 55.5467 106.392 51.8803 15.2237 -1839.83 -619.071
32000 55.4736 107.592 51.8637 77.6948 -2274.11 -123.874
33000 55.7878 108.792 51.8614 128.675 -1255.82 73.5845
34000 55.6179 109.992 51.8979 13.1308 -1333.57 -364.351
35000 55.8441 111.192 51.8192 44.7017 -563.303 585.471
36000 56.1747 112.392 51.8199 -119.39 -346.118 354.088
37000 56.0559 113.592 51.8339 -176.253 -796.478 356.243
38000 56.4295 114.792 51.817 -85.6843 -43.5874 592.609
39000 56.355 115.992 51.8187 186.555 200.654 331.433
40000 56.2533 117.192 51.8537 53.7914 -463.088 -325.905
41000 56.3436 118.392 51.8551 -12.816 -399.891 -643.536
42000 56.4747 119.592 51.8164 -141.486 -164.376 161.583
43000 56.4383 120.792 51.8225 71.3377 50.6026 157.598
44000 56.3022 121.992 51.8837 1.32814 13.1932 -460.472
45000 56.4634 123.192 51.8721 26.794 -6.86447 -523.869
46000 56.4463 124.392 51.8355 2.35997 4.96775 -108.98
47000 56.5366 125.592 51.8478 -71.6376 -140.926 -289.036
48000 56.4734 126.792 51.84 7.38923 52.3434 -317.54
49000 56.3641 127.992 51.8089 192.55 -23.9029 559.285
50000 56.3718 129.192 51.8281 6.48176 -2.97194 344.305
51000 56.3296 130.392 51.8179 -68.9997 -530.527 546.445
52000 56.4374 131.592 51.886 -2.28727 24.8073 -840.344
53000 56.4804 132.792 51.8147 -59.182 155.816 402.388
54000 56.5277 133.992 51.8364 -105.677 -67.7651 -281.989
55000 56.5132 135.192 51.8118 96.3334 420.064 340.619
56000 56.4699 136.392 51.8779 -19.6072 183.59 -622.851
57000 56.4577 137.592 51.8894 -35.0834 -75.4924 -711.669
58000 56.1813 138.792 51.8798 172.543 -263.106 -538.809
59000 56.5992 139.992 51.8012 -169.427 -213.172 352.635
60000 56.3829 141.192 51.8634 -43.2169 18.2987 -391.256
