# Time-averaged data for fix boxsizepressurestretch
# TimeStep v_lx v_ly v_lz v_px v_py v_pz
0 48.6235 50.7895 51.9242 264.337 -445.195 -138.514
1000 48.5634 51.9895 51.9636 179.793 -8836.13 -1756.42
2000 48.3977 53.1895 51.8301 148.253 -11849.6 993.417
3000 48.1795 54.3895 51.8964 -4.9705 -1372.82 118.758
4000 47.7904 55.5895 51.9567 297.89 -4865.4 -654.73
5000 47.8895 56.7895 51.9399 143.224 -5683.09 -491.171
6000 48.2202 57.9895 51.9292 285.953 -1824.32 523.581
7000 48.1053 59.1895 51.9453 219.969 -1748.86 -38.5757
8000 48.0904 60.3895 51.967 296.733 -2454.45 209.242
9000 48.3154 61.5895 52.0104 -21.801 -285.491 16.9644
10000 48.449 62.7895 51.8491 -63.8059 -176.197 413.137
11000 48.335 63.9895 51.9323 209.414 -1218.12 -621.111
12000 48.3879 65.1895 51.8233 159.246 -38.7768 441.506
13000 48.5157 66.3895 51.8466 -195.87 171.813 -640.563
14000 48.4271 67.5895 51.8239 -58.1873 485.126 224.413
15000 48.2323 68.7895 51.8307 -11.1152 -673.434 114.281
16000 48.1866 69.9895 51.801 129.151 -763.958 477.211
17000 48.2221 71.1895 51.8246 211.031 295.798 -57.5711
18000 48.2879 72.3895 51.7468 -45.2965 310.193 1482.46
19000 48.1657 73.5895 51.7807 163.111 -289.056 819.242
20000 48.359 74.7895 51.8094 41.2107 682.648 445.842
