# Time-averaged data for fix boxsizepressurestretch
# TimeStep v_lx v_ly v_lz v_px v_py v_pz
0 70.1834 68.9866 103.372 -126.379 -79.4965 85.2339
100 70.1308 69.0138 103.772 -116.34 -70.5993 -2040.38
200 69.9267 69.1099 104.172 235.56 51.0063 -3862.96
300 69.9366 69.0204 104.572 309.165 295.402 -5692.72
400 70.0045 68.9467 104.972 -167.528 -157.873 -6823.48
500 70.1738 68.7213 105.372 -433.138 -191.009 -8044.42
600 69.9642 68.8962 105.772 -17.4553 -53.139 -9097.89
700 70.0311 68.7876 106.172 76.8134 261.664 -9292.36
800 69.8631 68.9221 106.572 145.526 26.7018 -8610.06
900 70.1299 68.6624 106.972 -127.024 120.243 -8072.78
1000 69.9352 68.8563 107.372 -68.5097 -85.368 -8291.69
1100 69.9531 68.8357 107.772 -48.0906 121.115 -6911.84
1200 69.9437 68.9983 108.172 46.7572 8.93057 -5475.87
1300 69.9047 68.9694 108.572 -103.448 -83.5302 -5542.35
1400 69.871 69.0045 108.972 -30.5998 -55.469 -4923.39
1500 69.8016 68.9927 109.372 162.046 179.572 -3809.97
1600 69.702 69.1965 109.772 122.488 101.011 -3770.52
1700 69.6748 69.1847 110.172 -47.1587 69.2671 -3391.18
1800 69.7391 69.1963 110.572 -173.767 -140.525 -2597.22
1900 69.6935 69.2046 110.972 -60.934 -128.816 -2058.1
2000 69.7084 69.2518 111.372 -151.709 -16.2762 -2919.56
2100 69.4466 69.3791 111.772 136.684 -46.5332 -2230.37
2200 69.6165 69.2025 112.172 17.3934 24.7748 -2203.32
2300 69.5867 69.2153 112.572 76.8801 18.3589 -2432.34
2400 69.6805 69.1332 112.972 57.7092 232.899 -2333.34
2500 69.5735 69.2706 113.372 -46.4453 -162.429 -2738.07
2600 69.7305 69.2153 113.772 -208.391 -163.715 -2589.35
2700 69.7729 69.0927 114.172 -63.8778 139.421 -2072.79
2800 69.7108 69.1315 114.572 279.441 239.606 -2444.51
2900 69.7308 69.1639 114.972 71.9939 122.214 -1855.42
3000 69.6385 69.2442 115.372 -29.5906 -163.482 -1612.18
3100 69.7669 69.1424 115.772 -41.6905 -83.0452 -1626.61
3200 69.8255 69.1554 116.172 -134.997 -65.3906 -1416.84
3300 69.9303 69.0707 116.572 -167.372 -52.7014 -1261.44
3400 69.7354 69.1796 116.972 208.848 -12.7204 -1327
3500 69.9397 68.9394 117.372 207.843 204.563 -869.14
3600 69.8392 69.1721 117.772 162.35 -31.4324 -877.374
3700 70.2446 68.93 118.172 -233.405 -36.1768 -371.482
3800 70.1536 68.9463 118.572 -50.2264 49.4581 -836.869
3900 70.1066 69.0136 118.972 8.50767 -82.1377 -86.4875
