0.000000000000000000e+00 0.000000000000000000e+00
1.000000000000000000e+01 9.252635124131991518e-03
2.000000000000000000e+01 1.850508519741222990e-02
3.000000000000000000e+01 2.775772032154444346e-02
4.000000000000000000e+01 3.701017039482445981e-02
5.000000000000000000e+01 4.626271299353068578e-02
6.000000000000000000e+01 5.551534811766267730e-02
7.000000000000000000e+01 6.476779819094269364e-02
8.000000000000000000e+01 7.402043331507490720e-02
9.000000000000000000e+01 8.327288338835492354e-02
1.000000000000000000e+02 9.252542598706114951e-02
1.100000000000000000e+02 1.017780611111931410e-01
1.200000000000000000e+02 1.110305111844733794e-01
1.300000000000000000e+02 1.202831463086055930e-01
1.400000000000000000e+02 1.295355963818856093e-01
1.500000000000000000e+02 1.387881389805918353e-01
1.600000000000000000e+02 1.480407741047238268e-01
1.700000000000000000e+02 1.572932241780040652e-01
1.800000000000000000e+02 1.665458593021362788e-01
1.900000000000000000e+02 1.757983093754162951e-01
2.000000000000000000e+02 1.850508519741225211e-01
