0.000000000000000000e+00 -2.940946349999999825e+02
1.000000000000000000e+01 -5.337916503999999804e+03
2.000000000000000000e+01 -7.816675293000000238e+03
3.000000000000000000e+01 -2.676852050999999847e+03
4.000000000000000000e+01 -1.420993408000000045e+03
5.000000000000000000e+01 -1.018291381999999999e+03
6.000000000000000000e+01 -2.930103760000000079e+02
7.000000000000000000e+01 -1.041255492999999888e+03
8.000000000000000000e+01 -6.411622919999999795e+02
9.000000000000000000e+01 -2.008856049999999982e+02
1.000000000000000000e+02 -3.748976749999999925e+02
1.100000000000000000e+02 -8.079030149999999821e+02
1.200000000000000000e+02 -2.260478669999999966e+02
1.300000000000000000e+02 3.100516660000000115e+02
1.400000000000000000e+02 -2.305642850000000124e+02
1.500000000000000000e+02 -3.014289249999999925e+02
1.600000000000000000e+02 1.157347110000000043e+02
1.700000000000000000e+02 -4.511911319999999819e+02
1.800000000000000000e+02 -1.113968430000000041e+02
1.900000000000000000e+02 -2.873073430000000030e+02
2.000000000000000000e+02 -5.138389889999999696e+02
