
8.064062314461997971e+01
6.743996287432584325e+01
7.721550514016303168e+01
6.665073497976185024e+01
7.376487401119167941e+01
8.220272603682388990e+01
6.253703915510568834e+01
7.405152093649751066e+01
6.698300759948654104e+01
8.060424352527509484e+01
7.459246868796589069e+01
1.075461036791608649e+02
9.968149169352790295e+01
6.762924462119285351e+01
7.566384670769213017e+01
7.663116443508944542e+01
9.161805348648847769e+01
7.484435759696799551e+01
7.186943880145267372e+01
4.826345209157698690e+01
6.534138775939202048e+01
6.526279708941862623e+01
6.831503675327243741e+01
1.166026862157765152e+02
7.065685380330513965e+01
7.395979043358094884e+01
5.904485170783710402e+01
7.346351040763077833e+01
7.742031061690478566e+01
7.495534740705662102e+01
5.979950063693701168e+01
6.053058228217923187e+01
5.046457199891732870e+01
5.174273534455748802e+01
6.221419885870505340e+01
5.909798391550967267e+01
6.823542164099950469e+01
6.819260428546688502e+01
6.711102970989841765e+01
5.532391367059459952e+01
7.495041610277330335e+01
7.849028399090232710e+01
7.912051750901731850e+01
6.844905527994538375e+01
2.134948456465156426e+02
7.776162224381015164e+01
7.666966619690852269e+01
8.391737987274366617e+01
7.369341215334885931e+01
6.480422671467216844e+01
6.028340948167129909e+01
8.719808362919461331e+01
1.037742823727149073e+02
7.124888359441786179e+01
8.521159437383315094e+01
6.930840159942881940e+01
6.074201761929780474e+01
1.257955008296501660e+02
6.912642682581744680e+01
6.377197978538276857e+01
1.116723595766434300e+02
7.082218834382562989e+01
7.717683019532900346e+01
5.057980115525221265e+01
7.418066997379773397e+01
5.279761459598486795e+01
6.531551163528023096e+01
7.418785134370581602e+01
7.036729178685523323e+01
1.588091320281320691e+02
1.201488252422639533e+02
5.418036538734128271e+01
6.583128876347734604e+01
7.797800869762799891e+01
8.680441590347295744e+01
6.775953011409059457e+01
1.142444917684123027e+02
5.553595556593081284e+01
6.352433784282436591e+01
5.940192633942795197e+01
6.781942972002573811e+01
1.188651064839632738e+02
7.861517541685219612e+01
7.379952987021876254e+01
9.506213075357908338e+01
7.839894028819973926e+01
2.272654617051021830e+02
4.516475067080431671e+01
7.162130855005997887e+01
7.091795108783820467e+01
7.287424485753406600e+01
9.447681549263853640e+01
5.693976440680056328e+01
5.791434183234476052e+01
6.578350559593471303e+01
5.074373862412694791e+01
6.785871981895277827e+01
7.058361203056615807e+01
1.200441075990759714e+02
7.867103671537464038e+01
