
6.650699219000000539e+02
6.592296875000000682e+02
5.911463867000001073e+02
6.861082519999999931e+02
6.656429688000000624e+02
6.514952148000000989e+02
5.669267090000000735e+02
6.617702148000000761e+02
6.687265137000000550e+02
6.584819824000001063e+02
5.712982909999999492e+02
5.923627930000000106e+02
7.052855469000000994e+02
7.043740234000000555e+02
6.705585449000000153e+02
7.443190429999999651e+02
6.001715820000000576e+02
6.271792969000000539e+02
6.146811035000000629e+02
5.538879395000000159e+02
6.301688477000000148e+02
6.436102051000000301e+02
6.428513184000000820e+02
6.340698730000000296e+02
6.943097655999999915e+02
6.465767090000000508e+02
5.707492187999999942e+02
5.695934570000000576e+02
7.554907226999999921e+02
6.998609863000000360e+02
6.925815918000000693e+02
6.049458008000000291e+02
6.082109375000000000e+02
5.409456543000000011e+02
6.821415039000000888e+02
5.784045898000000534e+02
5.992082520000000159e+02
6.176403809000000820e+02
7.145250977000000603e+02
6.313234863000000132e+02
6.560451659999999947e+02
7.140106934000000365e+02
6.033475585999999566e+02
5.623979492000000846e+02
6.160871094000000312e+02
6.533327148000000761e+02
6.517994628999999804e+02
7.188814452999999958e+02
6.432974121000000878e+02
6.543067871000000650e+02
5.849477539000000661e+02
6.554070801000000301e+02
6.642634277000000793e+02
7.444206054999999651e+02
6.447142578000000412e+02
6.441504395000000613e+02
6.275958008000000063e+02
6.667601074000000381e+02
6.854358887000000777e+02
6.650717285000000629e+02
5.427564452999999958e+02
5.792694335999999566e+02
6.629682617000000846e+02
6.525355469000000994e+02
6.231794434000000820e+02
6.423568359000000783e+02
6.377454102000000375e+02
5.174381836000000021e+02
6.230948242000000619e+02
6.655690429999999651e+02
6.432135253999999804e+02
6.484595215000000508e+02
6.571584960999999794e+02
7.046882812000000058e+02
6.533770996000000650e+02
6.329735840000000735e+02
5.597245605000000523e+02
5.886303710999999339e+02
6.458168945000001031e+02
5.987477539000000206e+02
7.183956054999999878e+02
6.693791992000001301e+02
5.863695801000000074e+02
6.800623534999999720e+02
6.180329102000000603e+02
6.547101074000000835e+02
6.853546875000000682e+02
5.471845703000000185e+02
6.363097655999999915e+02
5.884754394999999931e+02
5.720310059000000820e+02
6.388828613000000587e+02
6.706172851999999693e+02
6.586091309000000820e+02
6.052295410000000402e+02
5.884931641000000582e+02
6.698562500000000455e+02
6.430724609000000100e+02
6.324858887000000323e+02
6.041855957000000217e+02
