
1.855578997349418842e+02
1.295480592557707098e+02
1.826023945691487711e+02
1.854549985847043843e+02
2.002913826804241637e+02
1.148215285365255767e+02
1.826222516592112015e+02
1.436297946161552659e+02
1.433096439380683194e+02
1.722828289235819454e+02
1.555879306276437148e+02
1.752847010435922073e+02
2.205668482691192764e+02
2.169631373017067801e+02
1.552301434063050465e+02
2.566034191259800536e+02
3.327500436390844243e+02
1.401816594539021708e+02
1.734423337259305811e+02
1.718799537102564727e+02
1.810210236462623357e+02
1.552621144037821921e+02
2.719744887083337517e+02
2.065202019549275576e+02
1.404557998588776684e+02
2.069732314474005364e+02
1.850361908800604169e+02
1.344198521047236170e+02
1.531690716126602183e+02
1.826381826170184581e+02
1.978107643362002079e+02
2.343967518754449770e+02
1.950183647859010136e+02
1.621689653855891038e+02
1.882903486056538327e+02
2.280748477657793387e+02
2.320849996001603870e+02
1.604713407942243748e+02
2.578957774145548001e+02
1.982620013644499295e+02
1.813669704963092499e+02
1.606769201376587262e+02
2.235833073436245684e+02
1.751948046750957246e+02
2.136130071718596071e+02
1.899970460005481527e+02
2.176780958966664627e+02
2.301441208354673620e+02
1.590273625585190302e+02
1.329180674197572785e+02
1.436349066965986196e+02
2.187724211549756888e+02
1.574106834295477313e+02
2.199205269944053782e+02
1.696959947624322353e+02
1.578790639983217261e+02
1.441191426136584255e+02
1.726685087211099017e+02
1.785811156614595916e+02
1.327460510588473710e+02
1.959946025547216095e+02
2.199049191481060461e+02
1.591663425862398071e+02
1.981153254745404979e+02
2.003881873537760612e+02
2.120086599565063068e+02
1.997911147586140430e+02
1.834375906004265175e+02
2.173977332973218779e+02
3.482103145020283250e+02
1.539427981391767730e+02
3.091757060197792271e+02
1.885557805627965990e+02
2.174284309770550578e+02
1.628042222965454471e+02
1.568402527079967967e+02
2.174972817917882821e+02
1.783778095629109259e+02
1.179785116818535045e+02
2.023887045116141792e+02
1.476512503004529435e+02
1.857704323132171851e+02
1.869663237195120189e+02
1.655336237101956556e+02
2.148859436067901640e+02
1.745481095376518113e+02
1.411460015774962073e+02
3.277394330178097448e+02
2.561818963197939638e+02
1.338483790905667377e+02
2.993832701003443617e+02
1.770242279980326430e+02
2.770096898904669160e+02
1.404862914050430902e+02
1.843227977226584358e+02
1.318719685050326120e+02
2.157037429957800043e+02
1.673826357987863958e+02
1.547940261744175245e+02
1.955899141540005530e+02
