
5.329690918000001147e+02
4.247753296000000205e+02
4.128844848500000353e+02
5.051726806500000180e+02
5.303402343500000597e+02
4.830861084000000574e+02
4.472863280999999915e+02
4.516444335999999566e+02
4.196656127999999626e+02
4.321361572499999966e+02
4.201398803499999985e+02
5.111133545000000709e+02
4.902088623500000608e+02
4.402252685500000098e+02
5.118037353500000108e+02
5.186993896500000574e+02
5.277113525500001288e+02
4.055447998000000212e+02
4.656730713000000605e+02
5.242755127000000357e+02
4.760010742000000619e+02
4.962502929500000164e+02
4.948699463000000378e+02
4.804212890999999672e+02
4.842282226500000206e+02
4.592854247999999870e+02
4.658096435500000325e+02
3.860952636499999926e+02
4.778231933500000537e+02
4.652927490000000148e+02
4.743387695499999950e+02
4.873011474500000304e+02
5.084166503999999804e+02
4.932370117000000391e+02
4.455602539500000034e+02
5.265001709000000574e+02
4.908274413999999979e+02
4.837600341500000241e+02
5.122235840000000735e+02
5.096894531000000370e+02
4.789370361000001139e+02
4.915504150000000436e+02
4.564261718500000597e+02
4.399426757500000349e+02
4.802032226500000434e+02
4.893464111499999944e+02
4.801284423500000003e+02
4.890893554999999537e+02
4.502082275000000209e+02
4.682921386499999699e+02
4.391690307499999903e+02
5.073332519500000330e+02
4.329589111500000627e+02
5.130136962500000664e+02
4.503754883000000291e+02
4.987007812500000341e+02
4.696441406500000539e+02
4.463484009000000583e+02
4.527289062500000227e+02
4.585722900500000492e+02
4.678086182000000122e+02
3.906431274500000654e+02
4.163110840000000508e+02
4.334092651000000842e+02
4.691065063499999610e+02
4.191161743000000115e+02
4.847478515500000071e+02
4.226285156000000143e+02
4.900927978500000108e+02
5.536180420000000595e+02
4.474591552500000375e+02
4.980559326000000056e+02
4.137209228500000222e+02
4.288074951000000397e+02
4.412605469000000085e+02
4.560864014000000566e+02
4.368378051500000083e+02
5.016839355500000011e+02
4.770570801000000074e+02
4.149139404000000582e+02
5.471627441500000941e+02
4.628161377000000130e+02
4.815468505999999707e+02
4.489790038999999524e+02
4.755846191000000545e+02
4.109382324000000040e+02
4.939722167999999556e+02
4.772050292999999783e+02
4.715301269500000103e+02
4.429097656500000539e+02
4.773309325999999828e+02
5.087546631000000161e+02
4.732992187500000227e+02
4.699688476500000434e+02
4.236771118500000739e+02
4.008140746999999919e+02
4.157341187000000104e+02
4.636223876999999902e+02
3.905719970500000500e+02
4.377814697000000024e+02
