
1.245261816400000043e+03
1.459426562500000045e+03
1.238685644500000080e+03
1.396574023400000215e+03
1.177355566400000043e+03
1.152021875000000136e+03
1.321209179700000050e+03
1.245468945300000087e+03
1.138275293000000147e+03
9.628801757999999609e+02
1.205937695300000087e+03
1.281867382800000087e+03
1.163878027299999985e+03
1.290650097700000060e+03
1.294352441400000089e+03
1.326327343800000108e+03
1.257506835900000169e+03
1.227619335900000124e+03
1.184940331999999898e+03
1.211845312500000091e+03
1.208370996100000184e+03
1.201046289099999967e+03
1.441635644500000126e+03
1.380308593800000153e+03
1.265917089800000213e+03
1.116328710900000033e+03
1.223887988299999961e+03
1.268656054699999913e+03
1.152974511699999994e+03
1.201190429699999868e+03
1.179841992200000050e+03
1.251096582000000126e+03
1.218147656200000029e+03
1.116947949200000039e+03
1.225399218799999971e+03
1.211509863300000006e+03
1.204583398400000078e+03
1.155253418000000011e+03
1.105452539099999967e+03
1.173731445300000132e+03
1.202323437499999955e+03
1.146481250000000045e+03
1.220343554699999913e+03
1.411111621100000093e+03
1.124436523400000169e+03
1.248217675800000052e+03
1.390319921900000054e+03
1.316968066399999998e+03
1.179023828099999946e+03
1.326419335900000078e+03
1.318362109400000008e+03
1.021805664099999944e+03
1.317456054700000095e+03
1.254261035200000151e+03
1.198059765599999992e+03
1.186110058600000002e+03
1.330940918000000238e+03
1.372595410200000060e+03
1.012625097699999969e+03
1.213935253899999907e+03
1.298488769499999989e+03
1.180638867200000050e+03
1.265206933600000184e+03
1.333860156200000119e+03
1.155026855500000011e+03
1.105314550800000006e+03
1.318337402300000122e+03
1.089756543000000192e+03
1.108194140600000082e+03
1.041347949200000130e+03
1.316956738300000097e+03
1.336920019500000080e+03
1.370683300800000097e+03
1.196347851600000013e+03
1.365151367200000095e+03
1.026698046900000008e+03
1.205076171899999963e+03
1.236463671900000008e+03
1.317972460900000215e+03
1.372737793000000238e+03
1.246101171900000054e+03
1.221910937500000045e+03
1.125754296900000099e+03
1.348414746100000229e+03
1.132360839800000122e+03
1.106317675799999961e+03
1.219832617199999959e+03
1.300720117200000004e+03
1.077074902300000076e+03
1.178691406200000074e+03
1.246348339800000076e+03
1.271138867200000050e+03
1.183468456999999944e+03
1.125495996100000184e+03
1.189710253899999998e+03
1.118968750000000000e+03
1.191939062500000091e+03
1.240482226600000104e+03
1.154733691399999998e+03
1.203197265600000037e+03
