
1.030216595616072510e+02
1.021461350242110058e+02
8.789730546362723373e+01
1.089687713643578775e+02
1.028615171439741971e+02
8.409136585140566922e+01
9.133165704684202524e+01
9.634054279216934447e+01
1.110631907992291758e+02
9.195731684965799957e+01
2.123080971826734071e+02
1.102756036569645204e+02
9.144633246807251226e+01
1.132667588042795899e+02
9.283265649595269053e+01
8.066066155465767906e+01
1.872953397281889352e+02
9.228874886420163648e+01
7.677858633918819464e+01
1.385598663200044598e+02
1.015851205875874399e+02
9.962937468826899590e+01
1.364615461224301214e+02
1.118045311289879180e+02
9.046806598447554393e+01
9.646661045662494871e+01
1.046905119010376382e+02
1.261945578915290724e+02
1.230479959008270896e+02
1.295346691077634773e+02
1.043346152370721711e+02
8.874576828135042206e+01
1.961513303091029456e+02
1.004926426801655168e+02
8.815427750874997059e+01
1.155595938350369778e+02
1.054669799768415572e+02
8.961719397134281451e+01
1.023689022891766456e+02
1.251019481920049543e+02
1.680772882642894785e+02
1.757771792310172430e+02
9.633520173476119908e+01
1.355445509213147659e+02
7.996972755669264643e+01
1.023956276584659264e+02
1.390228257917474650e+02
1.057995188540110973e+02
1.238151129644758868e+02
1.150260177540827584e+02
1.197345615722884133e+02
1.315747186868260599e+02
1.202937890134637371e+02
9.196384868037235094e+01
1.114308114855282952e+02
9.113206422538806351e+01
8.913210363813924175e+01
1.100282579451596803e+02
9.900932886096006769e+01
1.181685054348383090e+02
1.125679577890977754e+02
9.948567850565598292e+01
8.554880093127538032e+01
9.942255988230688502e+01
1.204194771212040962e+02
1.108791451487255557e+02
8.951165231400419486e+01
1.406717634361436637e+02
1.757038263775607163e+02
1.190174217145389832e+02
8.220120562884217463e+01
9.611695287300062773e+01
1.228301020031477009e+02
9.636137749932954932e+01
1.517480931277056015e+02
1.245133667775553192e+02
1.054690068766406483e+02
1.222296165999158433e+02
8.887121972735896236e+01
1.303769564109684040e+02
1.159274949526651994e+02
1.043688848810701870e+02
1.034185996429547885e+02
1.013466964438357820e+02
1.150882468897690813e+02
1.027447575356304696e+02
1.168084553531080161e+02
8.783083384596885423e+01
1.325179584550994036e+02
9.903951356408785500e+01
1.192222053555358627e+02
9.854944860765958481e+01
8.402636494985453908e+01
9.988884044837348597e+01
1.231755045031235198e+02
1.028189965403348936e+02
9.221499780887474174e+01
8.853248288588599735e+01
1.016995193364718233e+02
9.903471316300466754e+01
