0.000000e+00 1.000000000000000000e+00
1.440000e+01 9.919299999999999784e-01
2.880000e+01 9.876000000000000334e-01
4.320000e+01 9.831199999999999939e-01
5.760000e+01 9.789099999999999469e-01
7.200000e+01 9.744000000000000439e-01
8.640000e+01 9.695500000000000229e-01
1.008000e+02 9.649400000000000199e-01
1.152000e+02 9.601199999999999735e-01
1.296000e+02 9.552199999999999580e-01
1.440000e+02 9.502000000000000446e-01
1.584000e+02 9.453200000000000491e-01
1.728000e+02 9.405400000000000427e-01
1.872000e+02 9.354999999999999982e-01
2.016000e+02 9.304599999999999538e-01
2.160000e+02 9.256600000000000383e-01
2.304000e+02 9.204400000000000359e-01
2.448000e+02 9.151200000000000445e-01
2.592000e+02 9.096999999999999531e-01
2.736000e+02 9.045299999999999452e-01
2.880000e+02 8.992900000000000338e-01
3.024000e+02 8.935800000000000409e-01
3.168000e+02 8.879399999999999515e-01
3.312000e+02 8.820999999999999952e-01
3.456000e+02 8.761499999999999844e-01
3.600000e+02 8.703999999999999515e-01
3.744000e+02 8.647899999999999476e-01
3.888000e+02 8.589799999999999658e-01
4.032000e+02 8.532999999999999474e-01
4.176000e+02 8.471800000000000441e-01
4.320000e+02 8.413800000000000168e-01
4.464000e+02 8.354700000000000459e-01
4.608000e+02 8.295200000000000351e-01
4.752000e+02 8.235099999999999643e-01
4.896000e+02 8.171899999999999720e-01
5.040000e+02 8.108899999999999997e-01
5.184000e+02 8.045499999999999874e-01
5.328000e+02 7.981800000000000006e-01
5.472000e+02 7.917399999999999993e-01
5.616000e+02 7.851099999999999746e-01
5.760000e+02 7.787100000000000133e-01
5.904000e+02 7.719500000000000250e-01
6.048000e+02 7.650900000000000478e-01
6.192000e+02 7.585100000000000176e-01
6.336000e+02 7.519599999999999618e-01
6.480000e+02 7.454100000000000170e-01
6.624000e+02 7.384199999999999653e-01
6.768000e+02 7.310999999999999721e-01
6.912000e+02 7.241400000000000059e-01
7.056000e+02 7.171600000000000197e-01
7.200000e+02 7.099100000000000410e-01
