0.000000000000000000e+00 1.000000000000000000e+00
0.000000000000000000e+00 9.932199999999999918e-01
0.000000000000000000e+00 9.895399999999999752e-01
0.000000000000000000e+00 9.857000000000000206e-01
0.000000000000000000e+00 9.819799999999999640e-01
0.000000000000000000e+00 9.780499999999999750e-01
0.000000000000000000e+00 9.738900000000000334e-01
0.000000000000000000e+00 9.698200000000000154e-01
0.000000000000000000e+00 9.655799999999999939e-01
0.000000000000000000e+00 9.612699999999999578e-01
0.000000000000000000e+00 9.567600000000000549e-01
0.000000000000000000e+00 9.523399999999999643e-01
0.000000000000000000e+00 9.477799999999999558e-01
0.000000000000000000e+00 9.430800000000000294e-01
0.000000000000000000e+00 9.383599999999999719e-01
0.000000000000000000e+00 9.337900000000000089e-01
0.000000000000000000e+00 9.291199999999999459e-01
0.000000000000000000e+00 9.242200000000000415e-01
0.000000000000000000e+00 9.192599999999999660e-01
0.000000000000000000e+00 9.145199999999999996e-01
0.000000000000000000e+00 9.095400000000000151e-01
0.000000000000000000e+00 9.042499999999999982e-01
0.000000000000000000e+00 8.991700000000000248e-01
0.000000000000000000e+00 8.940200000000000369e-01
0.000000000000000000e+00 8.885800000000000365e-01
0.000000000000000000e+00 8.830900000000000416e-01
0.000000000000000000e+00 8.777399999999999647e-01
0.000000000000000000e+00 8.722699999999999898e-01
0.000000000000000000e+00 8.668500000000000094e-01
0.000000000000000000e+00 8.609299999999999731e-01
0.000000000000000000e+00 8.552899999999999947e-01
0.000000000000000000e+00 8.493800000000000239e-01
0.000000000000000000e+00 8.433100000000000041e-01
0.000000000000000000e+00 8.375099999999999767e-01
0.000000000000000000e+00 8.314799999999999969e-01
0.000000000000000000e+00 8.252199999999999536e-01
0.000000000000000000e+00 8.188699999999999868e-01
0.000000000000000000e+00 8.123500000000000165e-01
0.000000000000000000e+00 8.057499999999999662e-01
0.000000000000000000e+00 7.992899999999999450e-01
0.000000000000000000e+00 7.928899999999999837e-01
0.000000000000000000e+00 7.861000000000000210e-01
0.000000000000000000e+00 7.794799999999999507e-01
0.000000000000000000e+00 7.731500000000000039e-01
0.000000000000000000e+00 7.663400000000000212e-01
0.000000000000000000e+00 7.597099999999999964e-01
0.000000000000000000e+00 7.531099999999999461e-01
0.000000000000000000e+00 7.462900000000000089e-01
0.000000000000000000e+00 7.393499999999999517e-01
0.000000000000000000e+00 7.325899999999999634e-01
0.000000000000000000e+00 7.254399999999999737e-01
