0.000000000000000000e+00 1.000000000000000000e+00
0.000000000000000000e+00 9.962699999999999889e-01
0.000000000000000000e+00 9.945599999999999996e-01
0.000000000000000000e+00 9.927399999999999558e-01
0.000000000000000000e+00 9.910099999999999465e-01
0.000000000000000000e+00 9.890299999999999647e-01
0.000000000000000000e+00 9.870799999999999574e-01
0.000000000000000000e+00 9.850400000000000267e-01
0.000000000000000000e+00 9.828999999999999959e-01
0.000000000000000000e+00 9.807299999999999907e-01
0.000000000000000000e+00 9.783899999999999819e-01
0.000000000000000000e+00 9.760900000000000132e-01
0.000000000000000000e+00 9.737200000000000299e-01
0.000000000000000000e+00 9.711999999999999522e-01
0.000000000000000000e+00 9.687000000000000055e-01
0.000000000000000000e+00 9.662800000000000278e-01
0.000000000000000000e+00 9.637900000000000356e-01
0.000000000000000000e+00 9.612199999999999633e-01
0.000000000000000000e+00 9.585399999999999476e-01
0.000000000000000000e+00 9.559299999999999464e-01
0.000000000000000000e+00 9.530999999999999472e-01
0.000000000000000000e+00 9.503800000000000026e-01
0.000000000000000000e+00 9.476599999999999469e-01
0.000000000000000000e+00 9.449699999999999767e-01
0.000000000000000000e+00 9.421399999999999775e-01
0.000000000000000000e+00 9.392899999999999583e-01
0.000000000000000000e+00 9.364900000000000446e-01
0.000000000000000000e+00 9.335900000000000309e-01
0.000000000000000000e+00 9.306799999999999518e-01
0.000000000000000000e+00 9.274799999999999711e-01
0.000000000000000000e+00 9.244799999999999685e-01
0.000000000000000000e+00 9.213700000000000223e-01
0.000000000000000000e+00 9.180899999999999617e-01
0.000000000000000000e+00 9.150099999999999900e-01
0.000000000000000000e+00 9.117300000000000404e-01
0.000000000000000000e+00 9.083200000000000163e-01
0.000000000000000000e+00 9.049199999999999466e-01
0.000000000000000000e+00 9.014299999999999535e-01
0.000000000000000000e+00 8.978300000000000169e-01
0.000000000000000000e+00 8.944600000000000328e-01
0.000000000000000000e+00 8.910799999999999832e-01
0.000000000000000000e+00 8.875999999999999446e-01
0.000000000000000000e+00 8.840700000000000225e-01
0.000000000000000000e+00 8.805800000000000294e-01
0.000000000000000000e+00 8.769799999999999818e-01
0.000000000000000000e+00 8.733100000000000307e-01
0.000000000000000000e+00 8.697700000000000431e-01
0.000000000000000000e+00 8.660900000000000265e-01
0.000000000000000000e+00 8.622100000000000319e-01
0.000000000000000000e+00 8.583899999999999864e-01
0.000000000000000000e+00 8.544399999999999773e-01
