0.000000e+00 1.000000000000000000e+00
1.440000e+01 9.962699999999999889e-01
2.880000e+01 9.945599999999999996e-01
4.320000e+01 9.927399999999999558e-01
5.760000e+01 9.910099999999999465e-01
7.200000e+01 9.890299999999999647e-01
8.640000e+01 9.870799999999999574e-01
1.008000e+02 9.850400000000000267e-01
1.152000e+02 9.828999999999999959e-01
1.296000e+02 9.807299999999999907e-01
1.440000e+02 9.783899999999999819e-01
1.584000e+02 9.760900000000000132e-01
1.728000e+02 9.737200000000000299e-01
1.872000e+02 9.711999999999999522e-01
2.016000e+02 9.687000000000000055e-01
2.160000e+02 9.662800000000000278e-01
2.304000e+02 9.637900000000000356e-01
2.448000e+02 9.612199999999999633e-01
2.592000e+02 9.585399999999999476e-01
2.736000e+02 9.559299999999999464e-01
2.880000e+02 9.530999999999999472e-01
3.024000e+02 9.503800000000000026e-01
3.168000e+02 9.476599999999999469e-01
3.312000e+02 9.449699999999999767e-01
3.456000e+02 9.421399999999999775e-01
3.600000e+02 9.392899999999999583e-01
3.744000e+02 9.364900000000000446e-01
3.888000e+02 9.335900000000000309e-01
4.032000e+02 9.306799999999999518e-01
4.176000e+02 9.274799999999999711e-01
4.320000e+02 9.244799999999999685e-01
4.464000e+02 9.213700000000000223e-01
4.608000e+02 9.180899999999999617e-01
4.752000e+02 9.150099999999999900e-01
4.896000e+02 9.117300000000000404e-01
5.040000e+02 9.083200000000000163e-01
5.184000e+02 9.049199999999999466e-01
5.328000e+02 9.014299999999999535e-01
5.472000e+02 8.978300000000000169e-01
5.616000e+02 8.944600000000000328e-01
5.760000e+02 8.910799999999999832e-01
5.904000e+02 8.875999999999999446e-01
6.048000e+02 8.840700000000000225e-01
6.192000e+02 8.805800000000000294e-01
6.336000e+02 8.769799999999999818e-01
6.480000e+02 8.733100000000000307e-01
6.624000e+02 8.697700000000000431e-01
6.768000e+02 8.660900000000000265e-01
6.912000e+02 8.622100000000000319e-01
7.056000e+02 8.583899999999999864e-01
7.200000e+02 8.544399999999999773e-01
