0.000000000000000000e+00 1.000000000000000000e+00
0.000000000000000000e+00 9.919299999999999784e-01
0.000000000000000000e+00 9.876000000000000334e-01
0.000000000000000000e+00 9.831199999999999939e-01
0.000000000000000000e+00 9.789099999999999469e-01
0.000000000000000000e+00 9.744000000000000439e-01
0.000000000000000000e+00 9.695500000000000229e-01
0.000000000000000000e+00 9.649400000000000199e-01
0.000000000000000000e+00 9.601199999999999735e-01
0.000000000000000000e+00 9.552199999999999580e-01
0.000000000000000000e+00 9.502000000000000446e-01
0.000000000000000000e+00 9.453200000000000491e-01
0.000000000000000000e+00 9.405400000000000427e-01
0.000000000000000000e+00 9.354999999999999982e-01
0.000000000000000000e+00 9.304599999999999538e-01
0.000000000000000000e+00 9.256600000000000383e-01
0.000000000000000000e+00 9.204400000000000359e-01
0.000000000000000000e+00 9.151200000000000445e-01
0.000000000000000000e+00 9.096999999999999531e-01
0.000000000000000000e+00 9.045299999999999452e-01
0.000000000000000000e+00 8.992900000000000338e-01
0.000000000000000000e+00 8.935800000000000409e-01
0.000000000000000000e+00 8.879399999999999515e-01
0.000000000000000000e+00 8.820999999999999952e-01
0.000000000000000000e+00 8.761499999999999844e-01
0.000000000000000000e+00 8.703999999999999515e-01
0.000000000000000000e+00 8.647899999999999476e-01
0.000000000000000000e+00 8.589799999999999658e-01
0.000000000000000000e+00 8.532999999999999474e-01
0.000000000000000000e+00 8.471800000000000441e-01
0.000000000000000000e+00 8.413800000000000168e-01
0.000000000000000000e+00 8.354700000000000459e-01
0.000000000000000000e+00 8.295200000000000351e-01
0.000000000000000000e+00 8.235099999999999643e-01
0.000000000000000000e+00 8.171899999999999720e-01
0.000000000000000000e+00 8.108899999999999997e-01
0.000000000000000000e+00 8.045499999999999874e-01
0.000000000000000000e+00 7.981800000000000006e-01
0.000000000000000000e+00 7.917399999999999993e-01
0.000000000000000000e+00 7.851099999999999746e-01
0.000000000000000000e+00 7.787100000000000133e-01
0.000000000000000000e+00 7.719500000000000250e-01
0.000000000000000000e+00 7.650900000000000478e-01
0.000000000000000000e+00 7.585100000000000176e-01
0.000000000000000000e+00 7.519599999999999618e-01
0.000000000000000000e+00 7.454100000000000170e-01
0.000000000000000000e+00 7.384199999999999653e-01
0.000000000000000000e+00 7.310999999999999721e-01
0.000000000000000000e+00 7.241400000000000059e-01
0.000000000000000000e+00 7.171600000000000197e-01
0.000000000000000000e+00 7.099100000000000410e-01
