0.000000e+00 1.000000000000000000e+00
1.440000e+01 9.932199999999999918e-01
2.880000e+01 9.895399999999999752e-01
4.320000e+01 9.857000000000000206e-01
5.760000e+01 9.819799999999999640e-01
7.200000e+01 9.780499999999999750e-01
8.640000e+01 9.738900000000000334e-01
1.008000e+02 9.698200000000000154e-01
1.152000e+02 9.655799999999999939e-01
1.296000e+02 9.612699999999999578e-01
1.440000e+02 9.567600000000000549e-01
1.584000e+02 9.523399999999999643e-01
1.728000e+02 9.477799999999999558e-01
1.872000e+02 9.430800000000000294e-01
2.016000e+02 9.383599999999999719e-01
2.160000e+02 9.337900000000000089e-01
2.304000e+02 9.291199999999999459e-01
2.448000e+02 9.242200000000000415e-01
2.592000e+02 9.192599999999999660e-01
2.736000e+02 9.145199999999999996e-01
2.880000e+02 9.095400000000000151e-01
3.024000e+02 9.042499999999999982e-01
3.168000e+02 8.991700000000000248e-01
3.312000e+02 8.940200000000000369e-01
3.456000e+02 8.885800000000000365e-01
3.600000e+02 8.830900000000000416e-01
3.744000e+02 8.777399999999999647e-01
3.888000e+02 8.722699999999999898e-01
4.032000e+02 8.668500000000000094e-01
4.176000e+02 8.609299999999999731e-01
4.320000e+02 8.552899999999999947e-01
4.464000e+02 8.493800000000000239e-01
4.608000e+02 8.433100000000000041e-01
4.752000e+02 8.375099999999999767e-01
4.896000e+02 8.314799999999999969e-01
5.040000e+02 8.252199999999999536e-01
5.184000e+02 8.188699999999999868e-01
5.328000e+02 8.123500000000000165e-01
5.472000e+02 8.057499999999999662e-01
5.616000e+02 7.992899999999999450e-01
5.760000e+02 7.928899999999999837e-01
5.904000e+02 7.861000000000000210e-01
6.048000e+02 7.794799999999999507e-01
6.192000e+02 7.731500000000000039e-01
6.336000e+02 7.663400000000000212e-01
6.480000e+02 7.597099999999999964e-01
6.624000e+02 7.531099999999999461e-01
6.768000e+02 7.462900000000000089e-01
6.912000e+02 7.393499999999999517e-01
7.056000e+02 7.325899999999999634e-01
7.200000e+02 7.254399999999999737e-01
