0.000000000000000000e+00 0.000000000000000000e+00
8.787300000000000111e-01 5.198824299999999994e+02
1.757460000000000022e+00 5.417681999999999931e+01
2.636179999999999968e+00 1.734372000000000114e+01
3.514909999999999979e+00 6.946909999999999918e+00
4.393640000000000434e+00 2.705690000000000150e+00
5.272369999999999557e+00 1.238359999999999905e+00
6.151089999999999947e+00 1.427370000000000028e+00
7.029819999999999958e+00 1.583090000000000108e+00
7.908549999999999969e+00 1.180209999999999981e+00
8.787280000000000868e+00 1.442390000000000061e+00
9.666009999999999991e+00 2.808129999999999793e+00
1.054472999999999949e+01 7.627600000000000158e+00
1.142346000000000039e+01 1.301463000000000036e+01
1.230218999999999951e+01 2.532733999999999952e+01
1.318092000000000041e+01 1.281658000000000008e+01
1.405964999999999954e+01 1.189302999999999955e+01
1.493837000000000081e+01 1.523939999999999984e+01
1.581709999999999994e+01 1.434346000000000032e+01
1.669583000000000084e+01 5.139820000000000277e+00
1.757456000000000174e+01 2.944560000000000066e+00
1.845327999999999946e+01 2.476859999999999840e+00
1.933201000000000036e+01 3.128519999999999968e+00
2.021074000000000126e+01 5.950040000000000440e+00
2.108946999999999861e+01 5.010080000000000311e+00
2.196819999999999951e+01 5.592080000000000162e+00
2.284692000000000078e+01 3.997040000000000148e+00
2.372565000000000168e+01 4.085820000000000007e+00
2.460437999999999903e+01 6.437319999999999709e+00
2.548310999999999993e+01 9.158500000000000085e+00
2.636184000000000083e+01 3.635990000000000055e+00
2.724055999999999855e+01 2.313870000000000093e+00
2.811928999999999945e+01 2.116649999999999920e+00
2.899802000000000035e+01 2.140150000000000219e+00
2.987675000000000125e+01 2.108690000000000175e+00
3.075546999999999898e+01 2.560869999999999980e+00
3.163419999999999987e+01 2.648470000000000102e+00
3.251292999999999722e+01 2.477539999999999853e+00
3.339166000000000167e+01 2.883589999999999876e+00
3.427038999999999902e+01 2.629729999999999901e+00
3.514911000000000030e+01 2.206850000000000200e+00
3.602783999999999764e+01 2.173090000000000188e+00
3.690657000000000210e+01 2.110850000000000115e+00
3.778529999999999944e+01 1.625699999999999923e+00
3.866402999999999679e+01 1.421499999999999986e+00
3.954274999999999807e+01 1.571690000000000031e+00
4.042148000000000252e+01 1.435410000000000075e+00
4.130020999999999987e+01 1.350400000000000045e+00
4.217893999999999721e+01 1.329800000000000093e+00
4.305765999999999849e+01 1.350349999999999939e+00
4.393639000000000294e+01 1.330000000000000071e+00
4.481512000000000029e+01 1.127909999999999968e+00
4.569384999999999764e+01 1.040189999999999948e+00
4.657258000000000209e+01 1.038119999999999932e+00
4.745130000000000337e+01 1.043279999999999985e+00
4.833003000000000071e+01 1.087790000000000035e+00
4.920875999999999806e+01 1.049449999999999994e+00
5.008749000000000251e+01 9.401000000000000467e-01
5.096620999999999668e+01 9.223900000000000432e-01
5.184494000000000113e+01 8.397400000000000420e-01
5.272366999999999848e+01 8.073399999999999466e-01
5.360240000000000293e+01 7.870399999999999618e-01
5.448113000000000028e+01 7.521700000000000053e-01
5.535985000000000156e+01 7.438599999999999657e-01
5.623857999999999890e+01 6.999600000000000266e-01
5.711731000000000336e+01 6.864000000000000101e-01
5.799604000000000070e+01 6.775900000000000256e-01
5.887476999999999805e+01 6.525699999999999834e-01
