0.000000000000000000e+00 0.000000000000000000e+00
8.787300000000000111e-01 5.299027800000000070e+02
1.757460000000000022e+00 5.794017000000000195e+01
2.636179999999999968e+00 1.989707999999999899e+01
3.514909999999999979e+00 8.399390000000000356e+00
4.393640000000000434e+00 3.366709999999999869e+00
5.272369999999999557e+00 2.129750000000000032e+00
6.151089999999999947e+00 1.790969999999999951e+00
7.029819999999999958e+00 1.537130000000000107e+00
7.908549999999999969e+00 2.295069999999999943e+00
8.787280000000000868e+00 3.227040000000000131e+00
9.666009999999999991e+00 1.559265000000000079e+01
1.054472999999999949e+01 3.478558999999999912e+01
1.142346000000000039e+01 1.670426000000000144e+01
1.230218999999999951e+01 1.422273999999999994e+01
1.318092000000000041e+01 7.499990000000000379e+00
1.405964999999999954e+01 1.147099000000000046e+01
1.493837000000000081e+01 1.584867999999999988e+01
1.581709999999999994e+01 1.614817000000000036e+01
1.669583000000000084e+01 6.433040000000000092e+00
1.757456000000000174e+01 3.761880000000000113e+00
1.845327999999999946e+01 3.075709999999999944e+00
1.933201000000000036e+01 3.812590000000000146e+00
2.021074000000000126e+01 6.597269999999999968e+00
2.108946999999999861e+01 6.547259999999999636e+00
2.196819999999999951e+01 5.403900000000000148e+00
2.284692000000000078e+01 4.060730000000000395e+00
2.372565000000000168e+01 4.856709999999999638e+00
2.460437999999999903e+01 6.727260000000000240e+00
2.548310999999999993e+01 7.573640000000000150e+00
2.636184000000000083e+01 3.069049999999999834e+00
2.724055999999999855e+01 2.299619999999999997e+00
2.811928999999999945e+01 2.471410000000000107e+00
2.899802000000000035e+01 2.967830000000000190e+00
2.987675000000000125e+01 3.769480000000000164e+00
3.075546999999999898e+01 2.865699999999999914e+00
3.163419999999999987e+01 2.575800000000000090e+00
3.251292999999999722e+01 2.267549999999999955e+00
3.339166000000000167e+01 2.610120000000000218e+00
3.427038999999999902e+01 2.459299999999999820e+00
3.514911000000000030e+01 1.895340000000000025e+00
3.602783999999999764e+01 1.882609999999999895e+00
3.690657000000000210e+01 1.814850000000000074e+00
3.778529999999999944e+01 1.941240000000000077e+00
3.866402999999999679e+01 1.651739999999999986e+00
3.954274999999999807e+01 1.906460000000000043e+00
4.042148000000000252e+01 1.632300000000000084e+00
4.130020999999999987e+01 1.327830000000000066e+00
4.217893999999999721e+01 1.275300000000000100e+00
4.305765999999999849e+01 1.289949999999999930e+00
4.393639000000000294e+01 1.300070000000000059e+00
4.481512000000000029e+01 1.122819999999999929e+00
4.569384999999999764e+01 1.013490000000000002e+00
4.657258000000000209e+01 9.699600000000000444e-01
4.745130000000000337e+01 9.572100000000000053e-01
4.833003000000000071e+01 1.037709999999999910e+00
4.920875999999999806e+01 1.064340000000000064e+00
5.008749000000000251e+01 9.540899999999999936e-01
5.096620999999999668e+01 9.085400000000000142e-01
5.184494000000000113e+01 8.484199999999999520e-01
5.272366999999999848e+01 8.598500000000000032e-01
5.360240000000000293e+01 8.677099999999999813e-01
5.448113000000000028e+01 7.981399999999999606e-01
5.535985000000000156e+01 7.297599999999999643e-01
5.623857999999999890e+01 6.644600000000000506e-01
5.711731000000000336e+01 6.373999999999999666e-01
5.799604000000000070e+01 6.247800000000000020e-01
5.887476999999999805e+01 6.093300000000000383e-01
