0.000000000000000000e+00 0.000000000000000000e+00
8.787300000000000111e-01 5.146440000000000055e+02
1.757460000000000022e+00 5.339766999999999797e+01
2.636179999999999968e+00 1.706558000000000064e+01
3.514909999999999979e+00 6.509149999999999991e+00
4.393640000000000434e+00 2.490279999999999827e+00
5.272369999999999557e+00 1.068519999999999914e+00
6.151089999999999947e+00 1.490920000000000023e+00
7.029819999999999958e+00 1.741500000000000048e+00
7.908549999999999969e+00 1.149270000000000014e+00
8.787280000000000868e+00 1.452579999999999982e+00
9.666009999999999991e+00 3.172680000000000167e+00
1.054472999999999949e+01 8.528729999999999478e+00
1.142346000000000039e+01 1.390398000000000067e+01
1.230218999999999951e+01 2.534815000000000040e+01
1.318092000000000041e+01 1.244730999999999987e+01
1.405964999999999954e+01 1.149203999999999937e+01
1.493837000000000081e+01 1.514528999999999925e+01
1.581709999999999994e+01 1.413937999999999917e+01
1.669583000000000084e+01 5.205869999999999997e+00
1.757456000000000174e+01 2.925710000000000033e+00
1.845327999999999946e+01 2.510390000000000121e+00
1.933201000000000036e+01 3.225709999999999855e+00
2.021074000000000126e+01 5.881639999999999979e+00
2.108946999999999861e+01 4.992280000000000051e+00
2.196819999999999951e+01 5.304509999999999614e+00
2.284692000000000078e+01 3.898410000000000153e+00
2.372565000000000168e+01 4.021469999999999878e+00
2.460437999999999903e+01 6.554470000000000240e+00
2.548310999999999993e+01 9.055970000000000297e+00
2.636184000000000083e+01 3.600579999999999892e+00
2.724055999999999855e+01 2.275469999999999882e+00
2.811928999999999945e+01 2.096769999999999801e+00
2.899802000000000035e+01 2.186280000000000001e+00
2.987675000000000125e+01 2.190589999999999815e+00
3.075546999999999898e+01 2.685529999999999973e+00
3.163419999999999987e+01 2.785120000000000040e+00
3.251292999999999722e+01 2.512599999999999945e+00
3.339166000000000167e+01 2.782220000000000137e+00
3.427038999999999902e+01 2.545889999999999986e+00
3.514911000000000030e+01 2.149709999999999788e+00
3.602783999999999764e+01 2.194529999999999870e+00
3.690657000000000210e+01 2.121890000000000054e+00
3.778529999999999944e+01 1.639520000000000088e+00
3.866402999999999679e+01 1.435640000000000027e+00
3.954274999999999807e+01 1.591949999999999976e+00
4.042148000000000252e+01 1.429009999999999891e+00
4.130020999999999987e+01 1.349199999999999955e+00
4.217893999999999721e+01 1.301879999999999926e+00
4.305765999999999849e+01 1.390490000000000004e+00
4.393639000000000294e+01 1.339720000000000022e+00
4.481512000000000029e+01 1.114999999999999991e+00
4.569384999999999764e+01 1.050349999999999895e+00
4.657258000000000209e+01 1.035490000000000022e+00
4.745130000000000337e+01 1.038880000000000026e+00
4.833003000000000071e+01 1.110489999999999977e+00
4.920875999999999806e+01 1.050910000000000011e+00
5.008749000000000251e+01 9.412300000000000111e-01
5.096620999999999668e+01 9.083599999999999453e-01
5.184494000000000113e+01 8.267999999999999794e-01
5.272366999999999848e+01 8.112899999999999556e-01
5.360240000000000293e+01 7.805199999999999916e-01
5.448113000000000028e+01 7.318599999999999550e-01
5.535985000000000156e+01 7.329599999999999449e-01
5.623857999999999890e+01 6.968199999999999950e-01
5.711731000000000336e+01 6.962399999999999700e-01
5.799604000000000070e+01 6.929400000000000004e-01
5.887476999999999805e+01 6.714299999999999713e-01
