# step_count,fitted_elastic_modulus,elastic_modulus_match_degree,average_persistence_length,persistence_length_match_degree,average_end_to_end_distance,end_to_end_distance_match_degree,system_stable_enough_switch,fracture_average_direction_angle_match_degree,fracture_rotation_angle_match_degree,max_stress_match_degree,max_strain_energy_match_degree,equivalent_strain_match_degree,reward_value
1.000000e+00,2.603323e+03,9.654817e-01,9.640881e+00,7.418806e-01,9.083847e+00,8.659641e-01,1.000000e+00,0.000000e+00,0.000000e+00,0.000000e+00,0.000000e+00,3.017683e-01,1.937547e+01
2.000000e+00,2.602627e+03,9.691901e-01,1.011344e+01,7.426897e-01,9.103781e+00,8.881433e-01,-1.000000e+00,0.000000e+00,0.000000e+00,6.861455e-01,0.000000e+00,5.274973e-01,1.063760e+01
3.000000e+00,2.599613e+03,9.879425e-01,9.895770e+00,7.023694e-01,9.110039e+00,8.699617e-01,1.000000e+00,0.000000e+00,0.000000e+00,0.000000e+00,0.000000e+00,7.642436e-01,2.162259e+01
4.000000e+00,2.604410e+03,9.604442e-01,1.001486e+01,7.577003e-01,9.079439e+00,8.986297e-01,1.000000e+00,1.000000e+00,1.000000e+00,0.000000e+00,0.000000e+00,7.628611e-01,3.189818e+01
5.000000e+00,2.604431e+03,9.603523e-01,1.155639e+01,6.148311e-01,9.206930e+00,8.770456e-01,1.000000e+00,0.000000e+00,0.000000e+00,0.000000e+00,3.445637e-01,7.835123e-01,2.117871e+01
6.000000e+00,2.599729e+03,9.898870e-01,1.061428e+01,6.605679e-01,9.135255e+00,8.852187e-01,1.000000e+00,0.000000e+00,0.000000e+00,0.000000e+00,0.000000e+00,2.800641e-01,1.907869e+01
7.000000e+00,2.605485e+03,9.560850e-01,1.013464e+01,6.808693e-01,9.107669e+00,8.787896e-01,1.000000e+00,0.000000e+00,0.000000e+00,0.000000e+00,0.000000e+00,3.608226e-01,1.938283e+01
8.000000e+00,2.600088e+03,9.942294e-01,1.007789e+01,7.624110e-01,9.083534e+00,8.952543e-01,1.000000e+00,5.000000e-01,5.000000e-01,0.000000e+00,0.000000e+00,3.091504e-01,2.480523e+01
9.000000e+00,2.602486e+03,9.700043e-01,1.177064e+01,-1.000000e+00,9.230932e+00,-1.000000e+00,-1.000000e+00,1.000000e+00,1.000000e+00,0.000000e+00,0.000000e+00,7.749768e-01,3.724906e+00
1.000000e+01,2.602261e+03,9.713544e-01,9.820282e+00,7.931674e-01,9.071988e+00,8.919011e-01,-1.000000e+00,0.000000e+00,0.000000e+00,0.000000e+00,0.000000e+00,6.137770e-01,1.135100e+01
1.100000e+01,2.599957e+03,9.959723e-01,1.115496e+01,6.191145e-01,9.165717e+00,8.910719e-01,1.000000e+00,0.000000e+00,0.000000e+00,0.000000e+00,0.000000e+00,9.503898e-01,2.228274e+01
1.200000e+01,2.602789e+03,9.682889e-01,1.038071e+01,6.880631e-01,9.126362e+00,8.937639e-01,1.000000e+00,0.000000e+00,0.000000e+00,0.000000e+00,0.000000e+00,2.849596e-01,1.917538e+01
1.300000e+01,2.603877e+03,9.628183e-01,1.089825e+01,6.195487e-01,9.169885e+00,8.839847e-01,-1.000000e+00,0.000000e+00,0.000000e+00,0.000000e+00,0.000000e+00,6.679523e-01,1.067152e+01
1.400000e+01,2.606449e+03,9.525589e-01,1.009780e+01,6.693100e-01,9.123512e+00,8.686150e-01,1.000000e+00,5.000000e-01,5.000000e-01,7.458730e-01,0.000000e+00,5.640251e-01,2.527254e+01
1.500000e+01,2.606367e+03,9.528475e-01,1.006145e+01,7.553525e-01,9.070873e+00,8.986129e-01,-1.000000e+00,5.000000e-01,5.000000e-01,0.000000e+00,0.000000e+00,3.131392e-01,1.459976e+01
1.600000e+01,2.598049e+03,9.733403e-01,1.089427e+01,6.907032e-01,9.152622e+00,9.084822e-01,1.000000e+00,5.000000e-01,5.000000e-01,0.000000e+00,0.000000e+00,5.513270e-01,2.561926e+01
1.700000e+01,2.599703e+03,9.894303e-01,1.011708e+01,7.470047e-01,9.085530e+00,9.049569e-01,1.000000e+00,0.000000e+00,0.000000e+00,0.000000e+00,0.000000e+00,4.772965e-01,2.059344e+01
1.800000e+01,2.603280e+03,9.657011e-01,9.978286e+00,7.635479e-01,9.085346e+00,8.863702e-01,1.000000e+00,5.000000e-01,0.000000e+00,0.000000e+00,0.000000e+00,6.165324e-01,2.366076e+01
1.900000e+01,2.606382e+03,9.527944e-01,9.422994e+00,7.696771e-01,9.005565e+00,8.821012e-01,-1.000000e+00,0.000000e+00,0.000000e+00,0.000000e+00,0.000000e+00,6.316319e-01,1.118102e+01
2.000000e+01,2.603056e+03,9.668519e-01,1.020611e+01,7.487056e-01,9.095186e+00,9.006201e-01,1.000000e+00,0.000000e+00,0.000000e+00,0.000000e+00,0.000000e+00,3.877826e-01,2.001980e+01
2.100000e+01,2.600384e+03,9.879864e-01,9.761720e+00,7.465098e-01,9.081209e+00,8.851913e-01,1.000000e+00,1.000000e+00,1.000000e+00,0.000000e+00,0.000000e+00,8.907832e-01,3.255235e+01
2.200000e+01,2.602393e+03,9.705529e-01,1.049378e+01,6.369880e-01,9.164873e+00,8.810727e-01,-1.000000e+00,0.000000e+00,5.000000e-01,7.953630e-01,0.000000e+00,6.595627e-01,1.324088e+01
2.300000e+01,2.598524e+03,9.767294e-01,9.526593e+00,7.678060e-01,9.036740e+00,8.953554e-01,1.000000e+00,5.000000e-01,5.000000e-01,6.797693e-01,0.000000e+00,6.371883e-01,2.638540e+01
2.400000e+01,2.603148e+03,9.663737e-01,1.045622e+01,6.171679e-01,9.132629e+00,8.627794e-01,-1.000000e+00,0.000000e+00,0.000000e+00,0.000000e+00,0.000000e+00,2.997624e-01,8.730417e+00
2.500000e+01,2.604559e+03,9.598106e-01,9.379619e+00,7.671921e-01,9.004597e+00,8.782393e-01,1.000000e+00,0.000000e+00,0.000000e+00,7.771119e-01,0.000000e+00,6.673830e-01,2.136313e+01
2.600000e+01,2.599742e+03,9.901439e-01,1.126504e+01,6.308019e-01,9.183433e+00,8.871141e-01,-1.000000e+00,5.000000e-01,5.000000e-01,0.000000e+00,0.000000e+00,7.200617e-01,1.614061e+01
2.700000e+01,2.603279e+03,9.657039e-01,9.854262e+00,7.536033e-01,9.047897e+00,8.941730e-01,1.000000e+00,0.000000e+00,0.000000e+00,0.000000e+00,0.000000e+00,6.182754e-01,2.115878e+01
2.800000e+01,2.605797e+03,9.549096e-01,1.073295e+01,6.681100e-01,9.159576e+00,8.949966e-01,1.000000e+00,0.000000e+00,0.000000e+00,0.000000e+00,0.000000e+00,4.551200e-01,1.986568e+01
2.900000e+01,2.607172e+03,9.500983e-01,1.061624e+01,6.473613e-01,9.149005e+00,8.853283e-01,1.000000e+00,5.000000e-01,5.000000e-01,0.000000e+00,0.000000e+00,7.680138e-01,2.625401e+01
3.000000e+01,2.602665e+03,9.689789e-01,9.499783e+00,7.831747e-01,9.025476e+00,8.903503e-01,1.000000e+00,0.000000e+00,0.000000e+00,8.924851e-01,0.000000e+00,2.776462e-01,1.960075e+01
3.100000e+01,2.600312e+03,9.891698e-01,1.156345e+01,-1.000000e+00,9.209403e+00,8.714419e-01,1.000000e+00,5.000000e-01,5.000000e-01,0.000000e+00,0.000000e+00,5.323582e-01,1.696485e+01
3.200000e+01,2.608194e+03,9.468452e-01,1.063910e+01,6.313735e-01,9.143594e+00,8.693296e-01,1.000000e+00,0.000000e+00,0.000000e+00,0.000000e+00,0.000000e+00,2.098498e-01,1.828699e+01
